Number of rounds 1
T1
客户端数：10	时间：0.3408396244049072	客户端：[51, 2, 53, 44, 11, 33, 35, 19, 38, 54]
客户端数：20	时间：0.3448305130004883	客户端：[51, 2, 53, 44, 11, 33, 35, 19, 38, 54, 55, 26, 62, 18, 23, 24, 27, 39, 4, 17]
客户端数：30	时间：0.3468296527862549	客户端：[51, 2, 53, 44, 11, 33, 35, 19, 38, 54, 55, 26, 62, 18, 23, 24, 27, 39, 4, 17, 49, 47, 6, 59, 40, 8, 30, 25, 16, 45]
客户端数：40	时间：0.35181713104248047	客户端：[51, 2, 53, 44, 11, 33, 35, 19, 38, 54, 55, 26, 62, 18, 23, 24, 27, 39, 4, 17, 49, 47, 6, 59, 40, 8, 30, 25, 16, 45, 46, 56, 31, 50, 22, 41, 32, 7, 15, 3]
客户端数：50	时间：0.35381150245666504	客户端：[51, 2, 53, 44, 11, 33, 35, 19, 38, 54, 55, 26, 62, 18, 23, 24, 27, 39, 4, 17, 49, 47, 6, 59, 40, 8, 30, 25, 16, 45, 46, 56, 31, 50, 22, 41, 32, 7, 15, 3, 20, 28, 58, 42, 36, 63, 10, 12, 48, 13]
客户端数：59	时间：0.35680341720581055	客户端：[51, 2, 53, 44, 11, 33, 35, 19, 38, 54, 55, 26, 62, 18, 23, 24, 27, 39, 4, 17, 49, 47, 6, 59, 40, 8, 30, 25, 16, 45, 46, 56, 31, 50, 22, 41, 32, 7, 15, 3, 20, 28, 58, 42, 36, 63, 10, 12, 48, 13, 61, 52, 64, 37, 14, 60, 57, 9, 1]
T2
客户端数：10	时间：0.00555109977722168	客户端：[62, 13, 58, 57, 1, 40, 53, 37, 45, 32]
客户端数：20	时间：0.010538101196289062	客户端：[62, 13, 58, 57, 1, 40, 53, 37, 45, 32, 22, 51, 49, 31, 10, 16, 28, 39, 17, 35]
客户端数：30	时间：0.013530492782592773	客户端：[62, 13, 58, 57, 1, 40, 53, 37, 45, 32, 22, 51, 49, 31, 10, 16, 28, 39, 17, 35, 19, 8, 36, 56, 25, 64, 48, 30, 6, 61]
客户端数：40	时间：0.01652359962463379	客户端：[62, 13, 58, 57, 1, 40, 53, 37, 45, 32, 22, 51, 49, 31, 10, 16, 28, 39, 17, 35, 19, 8, 36, 56, 25, 64, 48, 30, 6, 61, 12, 38, 44, 24, 52, 14, 55, 47, 59, 54]
客户端数：50	时间：0.0210418701171875	客户端：[62, 13, 58, 57, 1, 40, 53, 37, 45, 32, 22, 51, 49, 31, 10, 16, 28, 39, 17, 35, 19, 8, 36, 56, 25, 64, 48, 30, 6, 61, 12, 38, 44, 24, 52, 14, 55, 47, 59, 54, 63, 4, 27, 7, 3, 2, 50, 20, 15, 46]
客户端数：59	时间：0.023036479949951172	客户端：[62, 13, 58, 57, 1, 40, 53, 37, 45, 32, 22, 51, 49, 31, 10, 16, 28, 39, 17, 35, 19, 8, 36, 56, 25, 64, 48, 30, 6, 61, 12, 38, 44, 24, 52, 14, 55, 47, 59, 54, 63, 4, 27, 7, 3, 2, 50, 20, 15, 46, 33, 41, 18, 60, 11, 23, 9, 42, 26]
T3
客户端数：10	时间：17.87156915664673	客户端：[62, 13, 58, 57, 1, 40, 53, 37, 45, 32]
客户端数：20	时间：64.54067349433899	客户端：[62, 13, 58, 57, 1, 40, 53, 37, 45, 32, 22, 51, 49, 31, 10, 16, 28, 39, 17, 35]
客户端数：30	时间：139.19487619400024	客户端：[62, 13, 58, 57, 1, 40, 53, 37, 45, 32, 22, 51, 49, 31, 10, 16, 28, 39, 17, 35, 19, 8, 36, 56, 25, 64, 48, 30, 6, 61]
客户端数：40	时间：242.36005759239197	客户端：[62, 13, 58, 57, 1, 40, 53, 37, 45, 32, 22, 51, 49, 31, 10, 16, 28, 39, 17, 35, 19, 8, 36, 56, 25, 64, 48, 30, 6, 61, 12, 38, 44, 24, 52, 14, 55, 47, 59, 54]
客户端数：50	时间：374.3411898612976	客户端：[62, 13, 58, 57, 1, 40, 53, 37, 45, 32, 22, 51, 49, 31, 10, 16, 28, 39, 17, 35, 19, 8, 36, 56, 25, 64, 48, 30, 6, 61, 12, 38, 44, 24, 52, 14, 55, 47, 59, 54, 63, 4, 27, 7, 3, 2, 50, 20, 15, 46]
客户端数：59	时间：517.7530133724213	客户端：[62, 13, 58, 57, 1, 40, 53, 37, 45, 32, 22, 51, 49, 31, 10, 16, 28, 39, 17, 35, 19, 8, 36, 56, 25, 64, 48, 30, 6, 61, 12, 38, 44, 24, 52, 14, 55, 47, 59, 54, 63, 4, 27, 7, 3, 2, 50, 20, 15, 46, 33, 41, 18, 60, 11, 23, 9, 42, 26]
BYTE
客户端数：10	字节数：3200000	客户端：[51, 2, 53, 44, 11, 33, 35, 19, 38, 54]
客户端数：20	字节数：6400000	客户端：[51, 2, 53, 44, 11, 33, 35, 19, 38, 54, 55, 26, 62, 18, 23, 24, 27, 39, 4, 17]
客户端数：30	字节数：9600000	客户端：[51, 2, 53, 44, 11, 33, 35, 19, 38, 54, 55, 26, 62, 18, 23, 24, 27, 39, 4, 17, 49, 47, 6, 59, 40, 8, 30, 25, 16, 45]
客户端数：40	字节数：12800000	客户端：[51, 2, 53, 44, 11, 33, 35, 19, 38, 54, 55, 26, 62, 18, 23, 24, 27, 39, 4, 17, 49, 47, 6, 59, 40, 8, 30, 25, 16, 45, 46, 56, 31, 50, 22, 41, 32, 7, 15, 3]
客户端数：50	字节数：16000000	客户端：[51, 2, 53, 44, 11, 33, 35, 19, 38, 54, 55, 26, 62, 18, 23, 24, 27, 39, 4, 17, 49, 47, 6, 59, 40, 8, 30, 25, 16, 45, 46, 56, 31, 50, 22, 41, 32, 7, 15, 3, 20, 28, 58, 42, 36, 63, 10, 12, 48, 13]
客户端数：59	字节数：18880000	客户端：[51, 2, 53, 44, 11, 33, 35, 19, 38, 54, 55, 26, 62, 18, 23, 24, 27, 39, 4, 17, 49, 47, 6, 59, 40, 8, 30, 25, 16, 45, 46, 56, 31, 50, 22, 41, 32, 7, 15, 3, 20, 28, 58, 42, 36, 63, 10, 12, 48, 13, 61, 52, 64, 37, 14, 60, 57, 9, 1]
PRO_LEN：320000
score：0.532952380952381
loss rate：0.46704761904761904
finished iteration：2023-01-01 00:00:28.574990

Number of rounds 2
T1
客户端数：10	时间：0.004837512969970703	客户端：[62, 53, 58, 49, 51, 35, 57, 17, 45, 1]
客户端数：20	时间：0.008877277374267578	客户端：[62, 53, 58, 49, 51, 35, 57, 17, 45, 1, 32, 19, 40, 38, 8, 25, 6, 56, 16, 30]
客户端数：30	时间：0.011870861053466797	客户端：[62, 53, 58, 49, 51, 35, 57, 17, 45, 1, 32, 19, 40, 38, 8, 25, 6, 56, 16, 30, 55, 37, 61, 48, 12, 22, 28, 44, 54, 24]
客户端数：40	时间：0.017187118530273438	客户端：[62, 53, 58, 49, 51, 35, 57, 17, 45, 1, 32, 19, 40, 38, 8, 25, 6, 56, 16, 30, 55, 37, 61, 48, 12, 22, 28, 44, 54, 24, 59, 52, 13, 47, 4, 27, 63, 7, 3, 50]
客户端数：50	时间：0.020209312438964844	客户端：[62, 53, 58, 49, 51, 35, 57, 17, 45, 1, 32, 19, 40, 38, 8, 25, 6, 56, 16, 30, 55, 37, 61, 48, 12, 22, 28, 44, 54, 24, 59, 52, 13, 47, 4, 27, 63, 7, 3, 50, 14, 39, 36, 20, 2, 46, 33, 41, 15, 11]
客户端数：59	时间：0.023194551467895508	客户端：[62, 53, 58, 49, 51, 35, 57, 17, 45, 1, 32, 19, 40, 38, 8, 25, 6, 56, 16, 30, 55, 37, 61, 48, 12, 22, 28, 44, 54, 24, 59, 52, 13, 47, 4, 27, 63, 7, 3, 50, 14, 39, 36, 20, 2, 46, 33, 41, 15, 11, 60, 23, 9, 64, 18, 31, 42, 10, 26]
T2
客户端数：10	时间：0.0029916763305664062	客户端：[50, 37, 38, 13, 47, 11, 62, 17, 40, 53]
客户端数：20	时间：0.0049860477447509766	客户端：[50, 37, 38, 13, 47, 11, 62, 17, 40, 53, 16, 31, 51, 3, 32, 20, 9, 22, 48, 10]
客户端数：30	时间：0.0069811344146728516	客户端：[50, 37, 38, 13, 47, 11, 62, 17, 40, 53, 16, 31, 51, 3, 32, 20, 9, 22, 48, 10, 45, 4, 1, 28, 39, 35, 23, 30, 25, 61]
客户端数：40	时间：0.009972810745239258	客户端：[50, 37, 38, 13, 47, 11, 62, 17, 40, 53, 16, 31, 51, 3, 32, 20, 9, 22, 48, 10, 45, 4, 1, 28, 39, 35, 23, 30, 25, 61, 24, 41, 18, 54, 46, 56, 2, 14, 36, 44]
客户端数：50	时间：0.012965679168701172	客户端：[50, 37, 38, 13, 47, 11, 62, 17, 40, 53, 16, 31, 51, 3, 32, 20, 9, 22, 48, 10, 45, 4, 1, 28, 39, 35, 23, 30, 25, 61, 24, 41, 18, 54, 46, 56, 2, 14, 36, 44, 63, 42, 7, 12, 52, 60, 6, 49, 15, 55]
客户端数：59	时间：0.015957117080688477	客户端：[50, 37, 38, 13, 47, 11, 62, 17, 40, 53, 16, 31, 51, 3, 32, 20, 9, 22, 48, 10, 45, 4, 1, 28, 39, 35, 23, 30, 25, 61, 24, 41, 18, 54, 46, 56, 2, 14, 36, 44, 63, 42, 7, 12, 52, 60, 6, 49, 15, 55, 58, 59, 33, 64, 57, 27, 8, 19, 26]
T3
客户端数：10	时间：1.388375997543335	客户端：[50, 37, 38, 13, 47, 11, 62, 17, 40, 53]
客户端数：20	时间：2.805664539337158	客户端：[50, 37, 38, 13, 47, 11, 62, 17, 40, 53, 16, 31, 51, 3, 32, 20, 9, 22, 48, 10]
客户端数：30	时间：4.25387167930603	客户端：[50, 37, 38, 13, 47, 11, 62, 17, 40, 53, 16, 31, 51, 3, 32, 20, 9, 22, 48, 10, 45, 4, 1, 28, 39, 35, 23, 30, 25, 61]
客户端数：40	时间：5.732996702194214	客户端：[50, 37, 38, 13, 47, 11, 62, 17, 40, 53, 16, 31, 51, 3, 32, 20, 9, 22, 48, 10, 45, 4, 1, 28, 39, 35, 23, 30, 25, 61, 24, 41, 18, 54, 46, 56, 2, 14, 36, 44]
客户端数：50	时间：7.240042686462402	客户端：[50, 37, 38, 13, 47, 11, 62, 17, 40, 53, 16, 31, 51, 3, 32, 20, 9, 22, 48, 10, 45, 4, 1, 28, 39, 35, 23, 30, 25, 61, 24, 41, 18, 54, 46, 56, 2, 14, 36, 44, 63, 42, 7, 12, 52, 60, 6, 49, 15, 55]
客户端数：59	时间：8.631954193115234	客户端：[50, 37, 38, 13, 47, 11, 62, 17, 40, 53, 16, 31, 51, 3, 32, 20, 9, 22, 48, 10, 45, 4, 1, 28, 39, 35, 23, 30, 25, 61, 24, 41, 18, 54, 46, 56, 2, 14, 36, 44, 63, 42, 7, 12, 52, 60, 6, 49, 15, 55, 58, 59, 33, 64, 57, 27, 8, 19, 26]
BYTE
客户端数：10	字节数：3200000	客户端：[62, 53, 58, 49, 51, 35, 57, 17, 45, 1]
客户端数：20	字节数：6400000	客户端：[62, 53, 58, 49, 51, 35, 57, 17, 45, 1, 32, 19, 40, 38, 8, 25, 6, 56, 16, 30]
客户端数：30	字节数：9600000	客户端：[62, 53, 58, 49, 51, 35, 57, 17, 45, 1, 32, 19, 40, 38, 8, 25, 6, 56, 16, 30, 55, 37, 61, 48, 12, 22, 28, 44, 54, 24]
客户端数：40	字节数：12800000	客户端：[62, 53, 58, 49, 51, 35, 57, 17, 45, 1, 32, 19, 40, 38, 8, 25, 6, 56, 16, 30, 55, 37, 61, 48, 12, 22, 28, 44, 54, 24, 59, 52, 13, 47, 4, 27, 63, 7, 3, 50]
客户端数：50	字节数：16000000	客户端：[62, 53, 58, 49, 51, 35, 57, 17, 45, 1, 32, 19, 40, 38, 8, 25, 6, 56, 16, 30, 55, 37, 61, 48, 12, 22, 28, 44, 54, 24, 59, 52, 13, 47, 4, 27, 63, 7, 3, 50, 14, 39, 36, 20, 2, 46, 33, 41, 15, 11]
客户端数：59	字节数：18880000	客户端：[62, 53, 58, 49, 51, 35, 57, 17, 45, 1, 32, 19, 40, 38, 8, 25, 6, 56, 16, 30, 55, 37, 61, 48, 12, 22, 28, 44, 54, 24, 59, 52, 13, 47, 4, 27, 63, 7, 3, 50, 14, 39, 36, 20, 2, 46, 33, 41, 15, 11, 60, 23, 9, 64, 18, 31, 42, 10, 26]
PRO_LEN：320000
score：0.949968253968254
loss rate：0.05003174603174598
finished iteration：2023-01-01 00:01:03.373055

