Number of rounds 1
T1
客户端数：0	时间：0	客户端：[]
T2
客户端数：10	时间：0.0009975433349609375	客户端：[33, 16, 30, 6, 10, 53, 25, 28, 57, 31]
客户端数：20	时间：0.0009975433349609375	客户端：[33, 16, 30, 6, 10, 53, 25, 28, 57, 31, 58, 61, 62, 56, 59, 39, 38, 47, 17, 43]
客户端数：30	时间：0.0009975433349609375	客户端：[33, 16, 30, 6, 10, 53, 25, 28, 57, 31, 58, 61, 62, 56, 59, 39, 38, 47, 17, 43, 49, 24, 45, 55, 23, 35, 21, 11, 46, 26]
客户端数：40	时间：0.0009975433349609375	客户端：[33, 16, 30, 6, 10, 53, 25, 28, 57, 31, 58, 61, 62, 56, 59, 39, 38, 47, 17, 43, 49, 24, 45, 55, 23, 35, 21, 11, 46, 26, 32, 20, 1, 22, 42, 13, 27, 37, 3, 44]
客户端数：50	时间：0.0009975433349609375	客户端：[33, 16, 30, 6, 10, 53, 25, 28, 57, 31, 58, 61, 62, 56, 59, 39, 38, 47, 17, 43, 49, 24, 45, 55, 23, 35, 21, 11, 46, 26, 32, 20, 1, 22, 42, 13, 27, 37, 3, 44, 64, 7, 9, 63, 8, 18, 2, 40, 19, 51]
客户端数：57	时间：0.0019948482513427734	客户端：[33, 16, 30, 6, 10, 53, 25, 28, 57, 31, 58, 61, 62, 56, 59, 39, 38, 47, 17, 43, 49, 24, 45, 55, 23, 35, 21, 11, 46, 26, 32, 20, 1, 22, 42, 13, 27, 37, 3, 44, 64, 7, 9, 63, 8, 18, 2, 40, 19, 51, 60, 48, 14, 12, 4, 54, 5]
T3
客户端数：10	时间：7.672753810882568	客户端：[33, 16, 30, 6, 10, 53, 25, 28, 57, 31]
客户端数：20	时间：32.109843730926514	客户端：[33, 16, 30, 6, 10, 53, 25, 28, 57, 31, 58, 61, 62, 56, 59, 39, 38, 47, 17, 43]
客户端数：30	时间：73.91913866996765	客户端：[33, 16, 30, 6, 10, 53, 25, 28, 57, 31, 58, 61, 62, 56, 59, 39, 38, 47, 17, 43, 49, 24, 45, 55, 23, 35, 21, 11, 46, 26]
客户端数：40	时间：132.70010209083557	客户端：[33, 16, 30, 6, 10, 53, 25, 28, 57, 31, 58, 61, 62, 56, 59, 39, 38, 47, 17, 43, 49, 24, 45, 55, 23, 35, 21, 11, 46, 26, 32, 20, 1, 22, 42, 13, 27, 37, 3, 44]
客户端数：50	时间：208.5206470489502	客户端：[33, 16, 30, 6, 10, 53, 25, 28, 57, 31, 58, 61, 62, 56, 59, 39, 38, 47, 17, 43, 49, 24, 45, 55, 23, 35, 21, 11, 46, 26, 32, 20, 1, 22, 42, 13, 27, 37, 3, 44, 64, 7, 9, 63, 8, 18, 2, 40, 19, 51]
客户端数：57	时间：272.16431999206543	客户端：[33, 16, 30, 6, 10, 53, 25, 28, 57, 31, 58, 61, 62, 56, 59, 39, 38, 47, 17, 43, 49, 24, 45, 55, 23, 35, 21, 11, 46, 26, 32, 20, 1, 22, 42, 13, 27, 37, 3, 44, 64, 7, 9, 63, 8, 18, 2, 40, 19, 51, 60, 48, 14, 12, 4, 54, 5]
BYTE
客户端数：0	字节数：0	客户端：[]
MAE：16301429.666666666
RMSE：16301429.669444477
finished iteration：2023-01-01 00:00:13.923442

Number of rounds 2
T1
客户端数：0	时间：0	客户端：[]
T2
客户端数：10	时间：0.0	客户端：[47, 16, 33, 30, 42, 53, 25, 4, 28, 31]
客户端数：20	时间：0.0	客户端：[47, 16, 33, 30, 42, 53, 25, 4, 28, 31, 10, 62, 57, 7, 58, 38, 61, 26, 43, 22]
客户端数：30	时间：0.0	客户端：[47, 16, 33, 30, 42, 53, 25, 4, 28, 31, 10, 62, 57, 7, 58, 38, 61, 26, 43, 22, 17, 27, 48, 6, 44, 32, 39, 35, 19, 54]
客户端数：40	时间：8.821487426757812e-06	客户端：[47, 16, 33, 30, 42, 53, 25, 4, 28, 31, 10, 62, 57, 7, 58, 38, 61, 26, 43, 22, 17, 27, 48, 6, 44, 32, 39, 35, 19, 54, 46, 13, 60, 40, 9, 63, 56, 49, 11, 37]
客户端数：50	时间：8.821487426757812e-06	客户端：[47, 16, 33, 30, 42, 53, 25, 4, 28, 31, 10, 62, 57, 7, 58, 38, 61, 26, 43, 22, 17, 27, 48, 6, 44, 32, 39, 35, 19, 54, 46, 13, 60, 40, 9, 63, 56, 49, 11, 37, 21, 1, 59, 8, 3, 45, 24, 5, 51, 2]
客户端数：55	时间：8.821487426757812e-06	客户端：[47, 16, 33, 30, 42, 53, 25, 4, 28, 31, 10, 62, 57, 7, 58, 38, 61, 26, 43, 22, 17, 27, 48, 6, 44, 32, 39, 35, 19, 54, 46, 13, 60, 40, 9, 63, 56, 49, 11, 37, 21, 1, 59, 8, 3, 45, 24, 5, 51, 2, 64, 18, 55, 12, 14]
T3
客户端数：10	时间：7.848016738891602	客户端：[47, 16, 33, 30, 42, 53, 25, 4, 28, 31]
客户端数：20	时间：32.48473763465881	客户端：[47, 16, 33, 30, 42, 53, 25, 4, 28, 31, 10, 62, 57, 7, 58, 38, 61, 26, 43, 22]
客户端数：30	时间：74.17749691009521	客户端：[47, 16, 33, 30, 42, 53, 25, 4, 28, 31, 10, 62, 57, 7, 58, 38, 61, 26, 43, 22, 17, 27, 48, 6, 44, 32, 39, 35, 19, 54]
客户端数：40	时间：132.88844275474548	客户端：[47, 16, 33, 30, 42, 53, 25, 4, 28, 31, 10, 62, 57, 7, 58, 38, 61, 26, 43, 22, 17, 27, 48, 6, 44, 32, 39, 35, 19, 54, 46, 13, 60, 40, 9, 63, 56, 49, 11, 37]
客户端数：50	时间：208.49615168571472	客户端：[47, 16, 33, 30, 42, 53, 25, 4, 28, 31, 10, 62, 57, 7, 58, 38, 61, 26, 43, 22, 17, 27, 48, 6, 44, 32, 39, 35, 19, 54, 46, 13, 60, 40, 9, 63, 56, 49, 11, 37, 21, 1, 59, 8, 3, 45, 24, 5, 51, 2]
客户端数：55	时间：252.58504557609558	客户端：[47, 16, 33, 30, 42, 53, 25, 4, 28, 31, 10, 62, 57, 7, 58, 38, 61, 26, 43, 22, 17, 27, 48, 6, 44, 32, 39, 35, 19, 54, 46, 13, 60, 40, 9, 63, 56, 49, 11, 37, 21, 1, 59, 8, 3, 45, 24, 5, 51, 2, 64, 18, 55, 12, 14]
BYTE
客户端数：0	字节数：0	客户端：[]
MAE：165790515.33333334
RMSE：165790516.11118475
finished iteration：2023-01-01 00:00:36.052929

Number of rounds 3
T1
客户端数：0	时间：0	客户端：[]
T2
客户端数：10	时间：0.000997304916381836	客户端：[22, 10, 42, 53, 47, 4, 33, 28, 25, 57]
客户端数：20	时间：0.000997304916381836	客户端：[22, 10, 42, 53, 47, 4, 33, 28, 25, 57, 38, 12, 59, 58, 7, 60, 27, 44, 2, 26]
客户端数：30	时间：0.000997304916381836	客户端：[22, 10, 42, 53, 47, 4, 33, 28, 25, 57, 38, 12, 59, 58, 7, 60, 27, 44, 2, 26, 39, 5, 32, 24, 45, 40, 64, 35, 63, 8]
客户端数：40	时间：0.0010180473327636719	客户端：[22, 10, 42, 53, 47, 4, 33, 28, 25, 57, 38, 12, 59, 58, 7, 60, 27, 44, 2, 26, 39, 5, 32, 24, 45, 40, 64, 35, 63, 8, 11, 21, 13, 51, 19, 54, 14, 16, 1, 9]
客户端数：50	时间：0.0020155906677246094	客户端：[22, 10, 42, 53, 47, 4, 33, 28, 25, 57, 38, 12, 59, 58, 7, 60, 27, 44, 2, 26, 39, 5, 32, 24, 45, 40, 64, 35, 63, 8, 11, 21, 13, 51, 19, 54, 14, 16, 1, 9, 61, 3, 43, 18, 46, 37, 6, 56, 30, 31]
客户端数：56	时间：0.003028392791748047	客户端：[22, 10, 42, 53, 47, 4, 33, 28, 25, 57, 38, 12, 59, 58, 7, 60, 27, 44, 2, 26, 39, 5, 32, 24, 45, 40, 64, 35, 63, 8, 11, 21, 13, 51, 19, 54, 14, 16, 1, 9, 61, 3, 43, 18, 46, 37, 6, 56, 30, 31, 55, 17, 62, 49, 20, 48]
T3
客户端数：10	时间：8.370088815689087	客户端：[22, 10, 42, 53, 47, 4, 33, 28, 25, 57]
客户端数：20	时间：34.08223342895508	客户端：[22, 10, 42, 53, 47, 4, 33, 28, 25, 57, 38, 12, 59, 58, 7, 60, 27, 44, 2, 26]
客户端数：30	时间：76.70628356933594	客户端：[22, 10, 42, 53, 47, 4, 33, 28, 25, 57, 38, 12, 59, 58, 7, 60, 27, 44, 2, 26, 39, 5, 32, 24, 45, 40, 64, 35, 63, 8]
客户端数：40	时间：136.71558141708374	客户端：[22, 10, 42, 53, 47, 4, 33, 28, 25, 57, 38, 12, 59, 58, 7, 60, 27, 44, 2, 26, 39, 5, 32, 24, 45, 40, 64, 35, 63, 8, 11, 21, 13, 51, 19, 54, 14, 16, 1, 9]
客户端数：50	时间：213.83138823509216	客户端：[22, 10, 42, 53, 47, 4, 33, 28, 25, 57, 38, 12, 59, 58, 7, 60, 27, 44, 2, 26, 39, 5, 32, 24, 45, 40, 64, 35, 63, 8, 11, 21, 13, 51, 19, 54, 14, 16, 1, 9, 61, 3, 43, 18, 46, 37, 6, 56, 30, 31]
客户端数：56	时间：286.9641399383545	客户端：[22, 10, 42, 53, 47, 4, 33, 28, 25, 57, 38, 12, 59, 58, 7, 60, 27, 44, 2, 26, 39, 5, 32, 24, 45, 40, 64, 35, 63, 8, 11, 21, 13, 51, 19, 54, 14, 16, 1, 9, 61, 3, 43, 18, 46, 37, 6, 56, 30, 31, 55, 17, 62, 49, 20, 48]
BYTE
客户端数：0	字节数：0	客户端：[]
MAE：167792776.66666666
RMSE：167795098.6979818
finished iteration：2023-01-01 00:00:58.280212

Number of rounds 4
T1
客户端数：0	时间：0	客户端：[]
T2
客户端数：10	时间：0.000997304916381836	客户端：[22, 47, 10, 42, 6, 30, 25, 4, 53, 16]
客户端数：20	时间：0.000997304916381836	客户端：[22, 47, 10, 42, 6, 30, 25, 4, 53, 16, 31, 62, 7, 58, 57, 56, 61, 60, 63, 44]
客户端数：30	时间：0.000997304916381836	客户端：[22, 47, 10, 42, 6, 30, 25, 4, 53, 16, 31, 62, 7, 58, 57, 56, 61, 60, 63, 44, 43, 46, 39, 38, 2, 5, 24, 51, 35, 19]
客户端数：40	时间：0.001994609832763672	客户端：[22, 47, 10, 42, 6, 30, 25, 4, 53, 16, 31, 62, 7, 58, 57, 56, 61, 60, 63, 44, 43, 46, 39, 38, 2, 5, 24, 51, 35, 19, 32, 48, 13, 40, 55, 27, 21, 8, 9, 37]
客户端数：50	时间：0.001994609832763672	客户端：[22, 47, 10, 42, 6, 30, 25, 4, 53, 16, 31, 62, 7, 58, 57, 56, 61, 60, 63, 44, 43, 46, 39, 38, 2, 5, 24, 51, 35, 19, 32, 48, 13, 40, 55, 27, 21, 8, 9, 37, 28, 33, 45, 17, 26, 64, 18, 59, 54, 1]
客户端数：54	时间：0.001994609832763672	客户端：[22, 47, 10, 42, 6, 30, 25, 4, 53, 16, 31, 62, 7, 58, 57, 56, 61, 60, 63, 44, 43, 46, 39, 38, 2, 5, 24, 51, 35, 19, 32, 48, 13, 40, 55, 27, 21, 8, 9, 37, 28, 33, 45, 17, 26, 64, 18, 59, 54, 1, 11, 14, 3, 12]
T3
客户端数：10	时间：7.7750818729400635	客户端：[22, 47, 10, 42, 6, 30, 25, 4, 53, 16]
客户端数：20	时间：32.18912076950073	客户端：[22, 47, 10, 42, 6, 30, 25, 4, 53, 16, 31, 62, 7, 58, 57, 56, 61, 60, 63, 44]
客户端数：30	时间：73.58441400527954	客户端：[22, 47, 10, 42, 6, 30, 25, 4, 53, 16, 31, 62, 7, 58, 57, 56, 61, 60, 63, 44, 43, 46, 39, 38, 2, 5, 24, 51, 35, 19]
客户端数：40	时间：132.1282250881195	客户端：[22, 47, 10, 42, 6, 30, 25, 4, 53, 16, 31, 62, 7, 58, 57, 56, 61, 60, 63, 44, 43, 46, 39, 38, 2, 5, 24, 51, 35, 19, 32, 48, 13, 40, 55, 27, 21, 8, 9, 37]
客户端数：50	时间：207.59003496170044	客户端：[22, 47, 10, 42, 6, 30, 25, 4, 53, 16, 31, 62, 7, 58, 57, 56, 61, 60, 63, 44, 43, 46, 39, 38, 2, 5, 24, 51, 35, 19, 32, 48, 13, 40, 55, 27, 21, 8, 9, 37, 28, 33, 45, 17, 26, 64, 18, 59, 54, 1]
客户端数：54	时间：242.82798790931702	客户端：[22, 47, 10, 42, 6, 30, 25, 4, 53, 16, 31, 62, 7, 58, 57, 56, 61, 60, 63, 44, 43, 46, 39, 38, 2, 5, 24, 51, 35, 19, 32, 48, 13, 40, 55, 27, 21, 8, 9, 37, 28, 33, 45, 17, 26, 64, 18, 59, 54, 1, 11, 14, 3, 12]
BYTE
客户端数：0	字节数：0	客户端：[]
MAE：109832719.72307692
RMSE：110209722.51435924
finished iteration：2023-01-01 00:01:20.442040

Number of rounds 5
T1
客户端数：0	时间：0	客户端：[]
T2
客户端数：10	时间：0.0009975433349609375	客户端：[47, 42, 10, 6, 16, 4, 28, 31, 53, 7]
客户端数：20	时间：0.0009975433349609375	客户端：[47, 42, 10, 6, 16, 4, 28, 31, 53, 7, 62, 33, 38, 12, 25, 46, 58, 59, 26, 5]
客户端数：30	时间：0.0009975433349609375	客户端：[47, 42, 10, 6, 16, 4, 28, 31, 53, 7, 62, 33, 38, 12, 25, 46, 58, 59, 26, 5, 22, 2, 32, 24, 30, 19, 55, 45, 21, 13]
客户端数：40	时间：0.0009975433349609375	客户端：[47, 42, 10, 6, 16, 4, 28, 31, 53, 7, 62, 33, 38, 12, 25, 46, 58, 59, 26, 5, 22, 2, 32, 24, 30, 19, 55, 45, 21, 13, 39, 54, 14, 3, 1, 9, 60, 8, 18, 44]
客户端数：50	时间：0.0009975433349609375	客户端：[47, 42, 10, 6, 16, 4, 28, 31, 53, 7, 62, 33, 38, 12, 25, 46, 58, 59, 26, 5, 22, 2, 32, 24, 30, 19, 55, 45, 21, 13, 39, 54, 14, 3, 1, 9, 60, 8, 18, 44, 48, 40, 61, 35, 56, 63, 43, 64, 37, 11]
客户端数：54	时间：0.0009975433349609375	客户端：[47, 42, 10, 6, 16, 4, 28, 31, 53, 7, 62, 33, 38, 12, 25, 46, 58, 59, 26, 5, 22, 2, 32, 24, 30, 19, 55, 45, 21, 13, 39, 54, 14, 3, 1, 9, 60, 8, 18, 44, 48, 40, 61, 35, 56, 63, 43, 64, 37, 11, 17, 51, 27, 57]
T3
客户端数：10	时间：9.025632381439209	客户端：[47, 42, 10, 6, 16, 4, 28, 31, 53, 7]
客户端数：20	时间：36.47798562049866	客户端：[47, 42, 10, 6, 16, 4, 28, 31, 53, 7, 62, 33, 38, 12, 25, 46, 58, 59, 26, 5]
客户端数：30	时间：81.06093788146973	客户端：[47, 42, 10, 6, 16, 4, 28, 31, 53, 7, 62, 33, 38, 12, 25, 46, 58, 59, 26, 5, 22, 2, 32, 24, 30, 19, 55, 45, 21, 13]
客户端数：40	时间：142.0562505722046	客户端：[47, 42, 10, 6, 16, 4, 28, 31, 53, 7, 62, 33, 38, 12, 25, 46, 58, 59, 26, 5, 22, 2, 32, 24, 30, 19, 55, 45, 21, 13, 39, 54, 14, 3, 1, 9, 60, 8, 18, 44]
客户端数：50	时间：220.04476976394653	客户端：[47, 42, 10, 6, 16, 4, 28, 31, 53, 7, 62, 33, 38, 12, 25, 46, 58, 59, 26, 5, 22, 2, 32, 24, 30, 19, 55, 45, 21, 13, 39, 54, 14, 3, 1, 9, 60, 8, 18, 44, 48, 40, 61, 35, 56, 63, 43, 64, 37, 11]
客户端数：54	时间：256.00708961486816	客户端：[47, 42, 10, 6, 16, 4, 28, 31, 53, 7, 62, 33, 38, 12, 25, 46, 58, 59, 26, 5, 22, 2, 32, 24, 30, 19, 55, 45, 21, 13, 39, 54, 14, 3, 1, 9, 60, 8, 18, 44, 48, 40, 61, 35, 56, 63, 43, 64, 37, 11, 17, 51, 27, 57]
BYTE
客户端数：0	字节数：0	客户端：[]
MAE：92034353.44615385
RMSE：92216276.19814883
finished iteration：2023-01-01 00:01:42.400870

Number of rounds 6
T1
客户端数：0	时间：0	客户端：[]
T2
客户端数：10	时间：0.0015010833740234375	客户端：[16, 10, 42, 6, 25, 33, 7, 38, 53, 62]
客户端数：20	时间：0.0015010833740234375	客户端：[16, 10, 42, 6, 25, 33, 7, 38, 53, 62, 31, 46, 60, 43, 44, 47, 37, 58, 57, 48]
客户端数：30	时间：0.0015010833740234375	客户端：[16, 10, 42, 6, 25, 33, 7, 38, 53, 62, 31, 46, 60, 43, 44, 47, 37, 58, 57, 48, 24, 63, 19, 51, 35, 55, 14, 3, 21, 1]
客户端数：40	时间：0.0015010833740234375	客户端：[16, 10, 42, 6, 25, 33, 7, 38, 53, 62, 31, 46, 60, 43, 44, 47, 37, 58, 57, 48, 24, 63, 19, 51, 35, 55, 14, 3, 21, 1, 26, 64, 27, 40, 61, 9, 18, 2, 45, 56]
客户端数：50	时间：0.002499103546142578	客户端：[16, 10, 42, 6, 25, 33, 7, 38, 53, 62, 31, 46, 60, 43, 44, 47, 37, 58, 57, 48, 24, 63, 19, 51, 35, 55, 14, 3, 21, 1, 26, 64, 27, 40, 61, 9, 18, 2, 45, 56, 12, 28, 54, 17, 13, 4, 5, 32, 22, 8]
客户端数：53	时间：0.002499103546142578	客户端：[16, 10, 42, 6, 25, 33, 7, 38, 53, 62, 31, 46, 60, 43, 44, 47, 37, 58, 57, 48, 24, 63, 19, 51, 35, 55, 14, 3, 21, 1, 26, 64, 27, 40, 61, 9, 18, 2, 45, 56, 12, 28, 54, 17, 13, 4, 5, 32, 22, 8, 39, 30, 11]
T3
客户端数：10	时间：8.038753747940063	客户端：[16, 10, 42, 6, 25, 33, 7, 38, 53, 62]
客户端数：20	时间：32.7801775932312	客户端：[16, 10, 42, 6, 25, 33, 7, 38, 53, 62, 31, 46, 60, 43, 44, 47, 37, 58, 57, 48]
客户端数：30	时间：74.23466205596924	客户端：[16, 10, 42, 6, 25, 33, 7, 38, 53, 62, 31, 46, 60, 43, 44, 47, 37, 58, 57, 48, 24, 63, 19, 51, 35, 55, 14, 3, 21, 1]
客户端数：40	时间：133.0877718925476	客户端：[16, 10, 42, 6, 25, 33, 7, 38, 53, 62, 31, 46, 60, 43, 44, 47, 37, 58, 57, 48, 24, 63, 19, 51, 35, 55, 14, 3, 21, 1, 26, 64, 27, 40, 61, 9, 18, 2, 45, 56]
客户端数：50	时间：208.2999768257141	客户端：[16, 10, 42, 6, 25, 33, 7, 38, 53, 62, 31, 46, 60, 43, 44, 47, 37, 58, 57, 48, 24, 63, 19, 51, 35, 55, 14, 3, 21, 1, 26, 64, 27, 40, 61, 9, 18, 2, 45, 56, 12, 28, 54, 17, 13, 4, 5, 32, 22, 8]
客户端数：53	时间：234.16624116897583	客户端：[16, 10, 42, 6, 25, 33, 7, 38, 53, 62, 31, 46, 60, 43, 44, 47, 37, 58, 57, 48, 24, 63, 19, 51, 35, 55, 14, 3, 21, 1, 26, 64, 27, 40, 61, 9, 18, 2, 45, 56, 12, 28, 54, 17, 13, 4, 5, 32, 22, 8, 39, 30, 11]
BYTE
客户端数：0	字节数：0	客户端：[]
MAE：95395092.8102564
RMSE：95842883.72189988
finished iteration：2023-01-01 00:02:05.443879

Number of rounds 7
T1
客户端数：0	时间：0	客户端：[]
T2
客户端数：10	时间：0.000997781753540039	客户端：[16, 47, 10, 6, 33, 30, 25, 22, 4, 53]
客户端数：20	时间：0.000997781753540039	客户端：[16, 47, 10, 6, 33, 30, 25, 22, 4, 53, 57, 62, 38, 17, 61, 60, 27, 44, 2, 31]
客户端数：30	时间：0.0029916763305664062	客户端：[16, 47, 10, 6, 33, 30, 25, 22, 4, 53, 57, 62, 38, 17, 61, 60, 27, 44, 2, 31, 39, 26, 56, 42, 37, 59, 19, 28, 32, 64]
客户端数：40	时间：0.0029916763305664062	客户端：[16, 47, 10, 6, 33, 30, 25, 22, 4, 53, 57, 62, 38, 17, 61, 60, 27, 44, 2, 31, 39, 26, 56, 42, 37, 59, 19, 28, 32, 64, 14, 63, 45, 54, 21, 18, 51, 40, 35, 3]
客户端数：50	时间：0.0029916763305664062	客户端：[16, 47, 10, 6, 33, 30, 25, 22, 4, 53, 57, 62, 38, 17, 61, 60, 27, 44, 2, 31, 39, 26, 56, 42, 37, 59, 19, 28, 32, 64, 14, 63, 45, 54, 21, 18, 51, 40, 35, 3, 11, 55, 1, 9, 13, 48, 7, 58, 12, 8]
客户端数：53	时间：0.0029916763305664062	客户端：[16, 47, 10, 6, 33, 30, 25, 22, 4, 53, 57, 62, 38, 17, 61, 60, 27, 44, 2, 31, 39, 26, 56, 42, 37, 59, 19, 28, 32, 64, 14, 63, 45, 54, 21, 18, 51, 40, 35, 3, 11, 55, 1, 9, 13, 48, 7, 58, 12, 8, 5, 24, 46]
T3
客户端数：10	时间：7.998016834259033	客户端：[16, 47, 10, 6, 33, 30, 25, 22, 4, 53]
客户端数：20	时间：32.66763925552368	客户端：[16, 47, 10, 6, 33, 30, 25, 22, 4, 53, 57, 62, 38, 17, 61, 60, 27, 44, 2, 31]
客户端数：30	时间：92.82533025741577	客户端：[16, 47, 10, 6, 33, 30, 25, 22, 4, 53, 57, 62, 38, 17, 61, 60, 27, 44, 2, 31, 39, 26, 56, 42, 37, 59, 19, 28, 32, 64]
客户端数：40	时间：150.2278552055359	客户端：[16, 47, 10, 6, 33, 30, 25, 22, 4, 53, 57, 62, 38, 17, 61, 60, 27, 44, 2, 31, 39, 26, 56, 42, 37, 59, 19, 28, 32, 64, 14, 63, 45, 54, 21, 18, 51, 40, 35, 3]
客户端数：50	时间：224.54522109031677	客户端：[16, 47, 10, 6, 33, 30, 25, 22, 4, 53, 57, 62, 38, 17, 61, 60, 27, 44, 2, 31, 39, 26, 56, 42, 37, 59, 19, 28, 32, 64, 14, 63, 45, 54, 21, 18, 51, 40, 35, 3, 11, 55, 1, 9, 13, 48, 7, 58, 12, 8]
客户端数：53	时间：250.1055748462677	客户端：[16, 47, 10, 6, 33, 30, 25, 22, 4, 53, 57, 62, 38, 17, 61, 60, 27, 44, 2, 31, 39, 26, 56, 42, 37, 59, 19, 28, 32, 64, 14, 63, 45, 54, 21, 18, 51, 40, 35, 3, 11, 55, 1, 9, 13, 48, 7, 58, 12, 8, 5, 24, 46]
BYTE
客户端数：0	字节数：0	客户端：[]
MAE：97447931.66153847
RMSE：97733495.02490413
finished iteration：2023-01-01 00:02:27.537826

Number of rounds 8
T1
客户端数：0	时间：0	客户端：[]
T2
客户端数：10	时间：0.0009975433349609375	客户端：[43, 16, 47, 33, 42, 10, 53, 6, 30, 25]
客户端数：20	时间：0.001993894577026367	客户端：[43, 16, 47, 33, 42, 10, 53, 6, 30, 25, 28, 62, 12, 56, 17, 38, 57, 7, 46, 44]
客户端数：30	时间：0.001993894577026367	客户端：[43, 16, 47, 33, 42, 10, 53, 6, 30, 25, 28, 62, 12, 56, 17, 38, 57, 7, 46, 44, 2, 37, 55, 35, 19, 11, 8, 32, 58, 27]
客户端数：40	时间：0.00399017333984375	客户端：[43, 16, 47, 33, 42, 10, 53, 6, 30, 25, 28, 62, 12, 56, 17, 38, 57, 7, 46, 44, 2, 37, 55, 35, 19, 11, 8, 32, 58, 27, 9, 3, 1, 13, 61, 40, 54, 21, 18, 5]
客户端数：50	时间：0.00399017333984375	客户端：[43, 16, 47, 33, 42, 10, 53, 6, 30, 25, 28, 62, 12, 56, 17, 38, 57, 7, 46, 44, 2, 37, 55, 35, 19, 11, 8, 32, 58, 27, 9, 3, 1, 13, 61, 40, 54, 21, 18, 5, 45, 4, 63, 64, 39, 60, 14, 51, 26, 24]
客户端数：52	时间：0.00399017333984375	客户端：[43, 16, 47, 33, 42, 10, 53, 6, 30, 25, 28, 62, 12, 56, 17, 38, 57, 7, 46, 44, 2, 37, 55, 35, 19, 11, 8, 32, 58, 27, 9, 3, 1, 13, 61, 40, 54, 21, 18, 5, 45, 4, 63, 64, 39, 60, 14, 51, 26, 24, 31, 48]
T3
客户端数：10	时间：18.774261474609375	客户端：[43, 16, 47, 33, 42, 10, 53, 6, 30, 25]
客户端数：20	时间：41.50262975692749	客户端：[43, 16, 47, 33, 42, 10, 53, 6, 30, 25, 28, 62, 12, 56, 17, 38, 57, 7, 46, 44]
客户端数：30	时间：81.76208829879761	客户端：[43, 16, 47, 33, 42, 10, 53, 6, 30, 25, 28, 62, 12, 56, 17, 38, 57, 7, 46, 44, 2, 37, 55, 35, 19, 11, 8, 32, 58, 27]
客户端数：40	时间：138.50747871398926	客户端：[43, 16, 47, 33, 42, 10, 53, 6, 30, 25, 28, 62, 12, 56, 17, 38, 57, 7, 46, 44, 2, 37, 55, 35, 19, 11, 8, 32, 58, 27, 9, 3, 1, 13, 61, 40, 54, 21, 18, 5]
客户端数：50	时间：212.17078399658203	客户端：[43, 16, 47, 33, 42, 10, 53, 6, 30, 25, 28, 62, 12, 56, 17, 38, 57, 7, 46, 44, 2, 37, 55, 35, 19, 11, 8, 32, 58, 27, 9, 3, 1, 13, 61, 40, 54, 21, 18, 5, 45, 4, 63, 64, 39, 60, 14, 51, 26, 24]
客户端数：52	时间：228.99741888046265	客户端：[43, 16, 47, 33, 42, 10, 53, 6, 30, 25, 28, 62, 12, 56, 17, 38, 57, 7, 46, 44, 2, 37, 55, 35, 19, 11, 8, 32, 58, 27, 9, 3, 1, 13, 61, 40, 54, 21, 18, 5, 45, 4, 63, 64, 39, 60, 14, 51, 26, 24, 31, 48]
BYTE
客户端数：0	字节数：0	客户端：[]
MAE：85920730.71794872
RMSE：86000867.04588969
finished iteration：2023-01-01 00:02:49.707975

Number of rounds 9
T1
客户端数：0	时间：0	客户端：[]
T2
客户端数：10	时间：0.0	客户端：[33, 30, 16, 42, 4, 6, 25, 28, 62, 38]
客户端数：20	时间：1.049041748046875e-05	客户端：[33, 30, 16, 42, 4, 6, 25, 28, 62, 38, 7, 10, 58, 56, 61, 27, 60, 31, 5, 37]
客户端数：30	时间：1.049041748046875e-05	客户端：[33, 30, 16, 42, 4, 6, 25, 28, 62, 38, 7, 10, 58, 56, 61, 27, 60, 31, 5, 37, 63, 44, 2, 18, 64, 8, 45, 32, 9, 21]
客户端数：40	时间：1.049041748046875e-05	客户端：[33, 30, 16, 42, 4, 6, 25, 28, 62, 38, 7, 10, 58, 56, 61, 27, 60, 31, 5, 37, 63, 44, 2, 18, 64, 8, 45, 32, 9, 21, 35, 1, 14, 57, 13, 40, 19, 54, 53, 11]
客户端数：50	时间：2.7179718017578125e-05	客户端：[33, 30, 16, 42, 4, 6, 25, 28, 62, 38, 7, 10, 58, 56, 61, 27, 60, 31, 5, 37, 63, 44, 2, 18, 64, 8, 45, 32, 9, 21, 35, 1, 14, 57, 13, 40, 19, 54, 53, 11, 17, 48, 39, 3, 46, 12, 26, 55, 47, 24]
客户端数：51	时间：2.7179718017578125e-05	客户端：[33, 30, 16, 42, 4, 6, 25, 28, 62, 38, 7, 10, 58, 56, 61, 27, 60, 31, 5, 37, 63, 44, 2, 18, 64, 8, 45, 32, 9, 21, 35, 1, 14, 57, 13, 40, 19, 54, 53, 11, 17, 48, 39, 3, 46, 12, 26, 55, 47, 24, 51]
T3
客户端数：10	时间：8.02526307106018	客户端：[33, 30, 16, 42, 4, 6, 25, 28, 62, 38]
客户端数：20	时间：33.86195492744446	客户端：[33, 30, 16, 42, 4, 6, 25, 28, 62, 38, 7, 10, 58, 56, 61, 27, 60, 31, 5, 37]
客户端数：30	时间：76.51123023033142	客户端：[33, 30, 16, 42, 4, 6, 25, 28, 62, 38, 7, 10, 58, 56, 61, 27, 60, 31, 5, 37, 63, 44, 2, 18, 64, 8, 45, 32, 9, 21]
客户端数：40	时间：135.82087087631226	客户端：[33, 30, 16, 42, 4, 6, 25, 28, 62, 38, 7, 10, 58, 56, 61, 27, 60, 31, 5, 37, 63, 44, 2, 18, 64, 8, 45, 32, 9, 21, 35, 1, 14, 57, 13, 40, 19, 54, 53, 11]
客户端数：50	时间：211.5673704147339	客户端：[33, 30, 16, 42, 4, 6, 25, 28, 62, 38, 7, 10, 58, 56, 61, 27, 60, 31, 5, 37, 63, 44, 2, 18, 64, 8, 45, 32, 9, 21, 35, 1, 14, 57, 13, 40, 19, 54, 53, 11, 17, 48, 39, 3, 46, 12, 26, 55, 47, 24]
客户端数：51	时间：220.0463423728943	客户端：[33, 30, 16, 42, 4, 6, 25, 28, 62, 38, 7, 10, 58, 56, 61, 27, 60, 31, 5, 37, 63, 44, 2, 18, 64, 8, 45, 32, 9, 21, 35, 1, 14, 57, 13, 40, 19, 54, 53, 11, 17, 48, 39, 3, 46, 12, 26, 55, 47, 24, 51]
BYTE
客户端数：0	字节数：0	客户端：[]
MAE：95609438.41025642
RMSE：95615080.30867511
finished iteration：2023-01-01 00:03:11.902640

Number of rounds 10
T1
客户端数：0	时间：0	客户端：[]
T2
客户端数：10	时间：0.0	客户端：[33, 42, 10, 16, 25, 57, 28, 31, 4, 12]
客户端数：20	时间：0.0	客户端：[33, 42, 10, 16, 25, 57, 28, 31, 4, 12, 17, 47, 63, 53, 38, 2, 56, 37, 39, 32]
客户端数：30	时间：0.0	客户端：[33, 42, 10, 16, 25, 57, 28, 31, 4, 12, 17, 47, 63, 53, 38, 2, 56, 37, 39, 32, 35, 46, 55, 61, 62, 18, 51, 58, 1, 7]
客户端数：40	时间：0.0	客户端：[33, 42, 10, 16, 25, 57, 28, 31, 4, 12, 17, 47, 63, 53, 38, 2, 56, 37, 39, 32, 35, 46, 55, 61, 62, 18, 51, 58, 1, 7, 21, 64, 40, 9, 3, 45, 27, 60, 13, 5]
客户端数：50	时间：0.0	客户端：[33, 42, 10, 16, 25, 57, 28, 31, 4, 12, 17, 47, 63, 53, 38, 2, 56, 37, 39, 32, 35, 46, 55, 61, 62, 18, 51, 58, 1, 7, 21, 64, 40, 9, 3, 45, 27, 60, 13, 5, 6, 19, 26, 48, 44, 30, 8, 14, 24, 54]
客户端数：51	时间：0.0	客户端：[33, 42, 10, 16, 25, 57, 28, 31, 4, 12, 17, 47, 63, 53, 38, 2, 56, 37, 39, 32, 35, 46, 55, 61, 62, 18, 51, 58, 1, 7, 21, 64, 40, 9, 3, 45, 27, 60, 13, 5, 6, 19, 26, 48, 44, 30, 8, 14, 24, 54, 11]
T3
客户端数：10	时间：7.598505973815918	客户端：[33, 42, 10, 16, 25, 57, 28, 31, 4, 12]
客户端数：20	时间：32.11192345619202	客户端：[33, 42, 10, 16, 25, 57, 28, 31, 4, 12, 17, 47, 63, 53, 38, 2, 56, 37, 39, 32]
客户端数：30	时间：73.53771877288818	客户端：[33, 42, 10, 16, 25, 57, 28, 31, 4, 12, 17, 47, 63, 53, 38, 2, 56, 37, 39, 32, 35, 46, 55, 61, 62, 18, 51, 58, 1, 7]
客户端数：40	时间：132.05191493034363	客户端：[33, 42, 10, 16, 25, 57, 28, 31, 4, 12, 17, 47, 63, 53, 38, 2, 56, 37, 39, 32, 35, 46, 55, 61, 62, 18, 51, 58, 1, 7, 21, 64, 40, 9, 3, 45, 27, 60, 13, 5]
客户端数：50	时间：208.1329152584076	客户端：[33, 42, 10, 16, 25, 57, 28, 31, 4, 12, 17, 47, 63, 53, 38, 2, 56, 37, 39, 32, 35, 46, 55, 61, 62, 18, 51, 58, 1, 7, 21, 64, 40, 9, 3, 45, 27, 60, 13, 5, 6, 19, 26, 48, 44, 30, 8, 14, 24, 54]
客户端数：51	时间：216.73610281944275	客户端：[33, 42, 10, 16, 25, 57, 28, 31, 4, 12, 17, 47, 63, 53, 38, 2, 56, 37, 39, 32, 35, 46, 55, 61, 62, 18, 51, 58, 1, 7, 21, 64, 40, 9, 3, 45, 27, 60, 13, 5, 6, 19, 26, 48, 44, 30, 8, 14, 24, 54, 11]
BYTE
客户端数：0	字节数：0	客户端：[]
MAE：97718839.98974359
RMSE：97994101.74839395
finished iteration：2023-01-01 00:03:34.147651

Number of rounds 11
T1
客户端数：0	时间：0	客户端：[]
T2
客户端数：10	时间：0.0	客户端：[16, 42, 47, 33, 25, 4, 53, 28, 31, 38]
客户端数：20	时间：0.0	客户端：[16, 42, 47, 33, 25, 4, 53, 28, 31, 38, 26, 61, 30, 57, 56, 7, 44, 62, 6, 12]
客户端数：30	时间：0.0	客户端：[16, 42, 47, 33, 25, 4, 53, 28, 31, 38, 26, 61, 30, 57, 56, 7, 44, 62, 6, 12, 48, 27, 5, 35, 17, 2, 32, 64, 18, 9]
客户端数：40	时间：0.0	客户端：[16, 42, 47, 33, 25, 4, 53, 28, 31, 38, 26, 61, 30, 57, 56, 7, 44, 62, 6, 12, 48, 27, 5, 35, 17, 2, 32, 64, 18, 9, 55, 51, 58, 11, 13, 3, 45, 19, 24, 37]
客户端数：50	时间：0.0	客户端：[16, 42, 47, 33, 25, 4, 53, 28, 31, 38, 26, 61, 30, 57, 56, 7, 44, 62, 6, 12, 48, 27, 5, 35, 17, 2, 32, 64, 18, 9, 55, 51, 58, 11, 13, 3, 45, 19, 24, 37, 60, 63, 54, 21, 40, 14, 8, 39, 10, 46]
客户端数：51	时间：0.0	客户端：[16, 42, 47, 33, 25, 4, 53, 28, 31, 38, 26, 61, 30, 57, 56, 7, 44, 62, 6, 12, 48, 27, 5, 35, 17, 2, 32, 64, 18, 9, 55, 51, 58, 11, 13, 3, 45, 19, 24, 37, 60, 63, 54, 21, 40, 14, 8, 39, 10, 46, 1]
T3
客户端数：10	时间：7.965510368347168	客户端：[16, 42, 47, 33, 25, 4, 53, 28, 31, 38]
客户端数：20	时间：32.95636010169983	客户端：[16, 42, 47, 33, 25, 4, 53, 28, 31, 38, 26, 61, 30, 57, 56, 7, 44, 62, 6, 12]
客户端数：30	时间：74.56157517433167	客户端：[16, 42, 47, 33, 25, 4, 53, 28, 31, 38, 26, 61, 30, 57, 56, 7, 44, 62, 6, 12, 48, 27, 5, 35, 17, 2, 32, 64, 18, 9]
客户端数：40	时间：133.33940076828003	客户端：[16, 42, 47, 33, 25, 4, 53, 28, 31, 38, 26, 61, 30, 57, 56, 7, 44, 62, 6, 12, 48, 27, 5, 35, 17, 2, 32, 64, 18, 9, 55, 51, 58, 11, 13, 3, 45, 19, 24, 37]
客户端数：50	时间：209.7030749320984	客户端：[16, 42, 47, 33, 25, 4, 53, 28, 31, 38, 26, 61, 30, 57, 56, 7, 44, 62, 6, 12, 48, 27, 5, 35, 17, 2, 32, 64, 18, 9, 55, 51, 58, 11, 13, 3, 45, 19, 24, 37, 60, 63, 54, 21, 40, 14, 8, 39, 10, 46]
客户端数：51	时间：218.2730793952942	客户端：[16, 42, 47, 33, 25, 4, 53, 28, 31, 38, 26, 61, 30, 57, 56, 7, 44, 62, 6, 12, 48, 27, 5, 35, 17, 2, 32, 64, 18, 9, 55, 51, 58, 11, 13, 3, 45, 19, 24, 37, 60, 63, 54, 21, 40, 14, 8, 39, 10, 46, 1]
BYTE
客户端数：0	字节数：0	客户端：[]
MAE：98806287.3948718
RMSE：99434915.6049942
finished iteration：2023-01-01 00:03:56.631289

Number of rounds 12
T1
客户端数：0	时间：0	客户端：[]
T2
客户端数：10	时间：0.0	客户端：[16, 33, 42, 6, 53, 25, 28, 31, 30, 57]
客户端数：20	时间：0.0	客户端：[16, 33, 42, 6, 53, 25, 28, 31, 30, 57, 56, 58, 61, 7, 12, 10, 26, 17, 63, 2]
客户端数：30	时间：0.0010135173797607422	客户端：[16, 33, 42, 6, 53, 25, 28, 31, 30, 57, 56, 58, 61, 7, 12, 10, 26, 17, 63, 2, 5, 37, 46, 38, 40, 32, 35, 3, 1, 21]
客户端数：40	时间：0.0010135173797607422	客户端：[16, 33, 42, 6, 53, 25, 28, 31, 30, 57, 56, 58, 61, 7, 12, 10, 26, 17, 63, 2, 5, 37, 46, 38, 40, 32, 35, 3, 1, 21, 11, 48, 13, 64, 62, 9, 45, 19, 14, 27]
客户端数：50	时间：0.0010297298431396484	客户端：[16, 33, 42, 6, 53, 25, 28, 31, 30, 57, 56, 58, 61, 7, 12, 10, 26, 17, 63, 2, 5, 37, 46, 38, 40, 32, 35, 3, 1, 21, 11, 48, 13, 64, 62, 9, 45, 19, 14, 27, 44, 55, 39, 51, 60, 47, 54, 8, 4, 18]
客户端数：51	时间：0.0010297298431396484	客户端：[16, 33, 42, 6, 53, 25, 28, 31, 30, 57, 56, 58, 61, 7, 12, 10, 26, 17, 63, 2, 5, 37, 46, 38, 40, 32, 35, 3, 1, 21, 11, 48, 13, 64, 62, 9, 45, 19, 14, 27, 44, 55, 39, 51, 60, 47, 54, 8, 4, 18, 24]
T3
客户端数：10	时间：8.313818216323853	客户端：[16, 33, 42, 6, 53, 25, 28, 31, 30, 57]
客户端数：20	时间：33.98179268836975	客户端：[16, 33, 42, 6, 53, 25, 28, 31, 30, 57, 56, 58, 61, 7, 12, 10, 26, 17, 63, 2]
客户端数：30	时间：75.98837900161743	客户端：[16, 33, 42, 6, 53, 25, 28, 31, 30, 57, 56, 58, 61, 7, 12, 10, 26, 17, 63, 2, 5, 37, 46, 38, 40, 32, 35, 3, 1, 21]
客户端数：40	时间：134.53048181533813	客户端：[16, 33, 42, 6, 53, 25, 28, 31, 30, 57, 56, 58, 61, 7, 12, 10, 26, 17, 63, 2, 5, 37, 46, 38, 40, 32, 35, 3, 1, 21, 11, 48, 13, 64, 62, 9, 45, 19, 14, 27]
客户端数：50	时间：208.95502400398254	客户端：[16, 33, 42, 6, 53, 25, 28, 31, 30, 57, 56, 58, 61, 7, 12, 10, 26, 17, 63, 2, 5, 37, 46, 38, 40, 32, 35, 3, 1, 21, 11, 48, 13, 64, 62, 9, 45, 19, 14, 27, 44, 55, 39, 51, 60, 47, 54, 8, 4, 18]
客户端数：51	时间：217.34466743469238	客户端：[16, 33, 42, 6, 53, 25, 28, 31, 30, 57, 56, 58, 61, 7, 12, 10, 26, 17, 63, 2, 5, 37, 46, 38, 40, 32, 35, 3, 1, 21, 11, 48, 13, 64, 62, 9, 45, 19, 14, 27, 44, 55, 39, 51, 60, 47, 54, 8, 4, 18, 24]
BYTE
客户端数：0	字节数：0	客户端：[]
MAE：96376995.78461538
RMSE：96514150.98963691
finished iteration：2023-01-01 00:04:18.921073

Number of rounds 13
T1
客户端数：0	时间：0	客户端：[]
T2
客户端数：10	时间：0.001978158950805664	客户端：[33, 42, 6, 31, 25, 62, 28, 7, 38, 12]
客户端数：20	时间：0.001978158950805664	客户端：[33, 42, 6, 31, 25, 62, 28, 7, 38, 12, 58, 57, 60, 63, 27, 44, 39, 32, 56, 14]
客户端数：30	时间：0.001978158950805664	客户端：[33, 42, 6, 31, 25, 62, 28, 7, 38, 12, 58, 57, 60, 63, 27, 44, 39, 32, 56, 14, 51, 45, 37, 18, 55, 46, 11, 64, 13, 3]
客户端数：40	时间：0.001978158950805664	客户端：[33, 42, 6, 31, 25, 62, 28, 7, 38, 12, 58, 57, 60, 63, 27, 44, 39, 32, 56, 14, 51, 45, 37, 18, 55, 46, 11, 64, 13, 3, 9, 21, 48, 61, 2, 1, 24, 47, 19, 35]
客户端数：50	时间：0.0029757022857666016	客户端：[33, 42, 6, 31, 25, 62, 28, 7, 38, 12, 58, 57, 60, 63, 27, 44, 39, 32, 56, 14, 51, 45, 37, 18, 55, 46, 11, 64, 13, 3, 9, 21, 48, 61, 2, 1, 24, 47, 19, 35, 30, 10, 16, 4, 40, 17, 26, 53, 54, 8]
T3
客户端数：10	时间：7.627730369567871	客户端：[33, 42, 6, 31, 25, 62, 28, 7, 38, 12]
客户端数：20	时间：32.15728211402893	客户端：[33, 42, 6, 31, 25, 62, 28, 7, 38, 12, 58, 57, 60, 63, 27, 44, 39, 32, 56, 14]
客户端数：30	时间：73.82637357711792	客户端：[33, 42, 6, 31, 25, 62, 28, 7, 38, 12, 58, 57, 60, 63, 27, 44, 39, 32, 56, 14, 51, 45, 37, 18, 55, 46, 11, 64, 13, 3]
客户端数：40	时间：132.17978262901306	客户端：[33, 42, 6, 31, 25, 62, 28, 7, 38, 12, 58, 57, 60, 63, 27, 44, 39, 32, 56, 14, 51, 45, 37, 18, 55, 46, 11, 64, 13, 3, 9, 21, 48, 61, 2, 1, 24, 47, 19, 35]
客户端数：50	时间：207.38746523857117	客户端：[33, 42, 6, 31, 25, 62, 28, 7, 38, 12, 58, 57, 60, 63, 27, 44, 39, 32, 56, 14, 51, 45, 37, 18, 55, 46, 11, 64, 13, 3, 9, 21, 48, 61, 2, 1, 24, 47, 19, 35, 30, 10, 16, 4, 40, 17, 26, 53, 54, 8]
BYTE
客户端数：0	字节数：0	客户端：[]
MAE：90953027.25128205
RMSE：91154566.7850701
finished iteration：2023-01-01 00:04:41.022504

Number of rounds 14
T1
客户端数：0	时间：0	客户端：[]
T2
客户端数：10	时间：0.0	客户端：[5, 16, 47, 42, 10, 30, 6, 33, 4, 31]
客户端数：20	时间：0.0	客户端：[5, 16, 47, 42, 10, 30, 6, 33, 4, 31, 57, 38, 7, 25, 26, 56, 63, 48, 61, 2]
客户端数：30	时间：0.0	客户端：[5, 16, 47, 42, 10, 30, 6, 33, 4, 31, 57, 38, 7, 25, 26, 56, 63, 48, 61, 2, 14, 37, 51, 45, 35, 21, 54, 40, 11, 55]
客户端数：40	时间：0.0	客户端：[5, 16, 47, 42, 10, 30, 6, 33, 4, 31, 57, 38, 7, 25, 26, 56, 63, 48, 61, 2, 14, 37, 51, 45, 35, 21, 54, 40, 11, 55, 12, 13, 9, 32, 53, 64, 19, 46, 58, 24]
客户端数：49	时间：0.0	客户端：[5, 16, 47, 42, 10, 30, 6, 33, 4, 31, 57, 38, 7, 25, 26, 56, 63, 48, 61, 2, 14, 37, 51, 45, 35, 21, 54, 40, 11, 55, 12, 13, 9, 32, 53, 64, 19, 46, 58, 24, 62, 27, 17, 18, 1, 60, 39, 3, 28]
T3
客户端数：10	时间：19.030590057373047	客户端：[5, 16, 47, 42, 10, 30, 6, 33, 4, 31]
客户端数：20	时间：41.15192365646362	客户端：[5, 16, 47, 42, 10, 30, 6, 33, 4, 31, 57, 38, 7, 25, 26, 56, 63, 48, 61, 2]
客户端数：30	时间：79.58111906051636	客户端：[5, 16, 47, 42, 10, 30, 6, 33, 4, 31, 57, 38, 7, 25, 26, 56, 63, 48, 61, 2, 14, 37, 51, 45, 35, 21, 54, 40, 11, 55]
客户端数：40	时间：134.67630243301392	客户端：[5, 16, 47, 42, 10, 30, 6, 33, 4, 31, 57, 38, 7, 25, 26, 56, 63, 48, 61, 2, 14, 37, 51, 45, 35, 21, 54, 40, 11, 55, 12, 13, 9, 32, 53, 64, 19, 46, 58, 24]
客户端数：49	时间：198.260493516922	客户端：[5, 16, 47, 42, 10, 30, 6, 33, 4, 31, 57, 38, 7, 25, 26, 56, 63, 48, 61, 2, 14, 37, 51, 45, 35, 21, 54, 40, 11, 55, 12, 13, 9, 32, 53, 64, 19, 46, 58, 24, 62, 27, 17, 18, 1, 60, 39, 3, 28]
BYTE
客户端数：0	字节数：0	客户端：[]
MAE：102097846.45128205
RMSE：102900246.64730276
finished iteration：2023-01-01 00:05:03.431458

Number of rounds 15
T1
客户端数：0	时间：0	客户端：[]
T2
客户端数：10	时间：0.0	客户端：[16, 47, 6, 42, 31, 28, 53, 7, 62, 38]
客户端数：20	时间：0.0	客户端：[16, 47, 6, 42, 31, 28, 53, 7, 62, 38, 46, 57, 17, 12, 25, 60, 39, 48, 37, 10]
客户端数：30	时间：0.0	客户端：[16, 47, 6, 42, 31, 28, 53, 7, 62, 38, 46, 57, 17, 12, 25, 60, 39, 48, 37, 10, 58, 54, 45, 51, 24, 11, 35, 1, 18, 14]
客户端数：40	时间：0.0	客户端：[16, 47, 6, 42, 31, 28, 53, 7, 62, 38, 46, 57, 17, 12, 25, 60, 39, 48, 37, 10, 58, 54, 45, 51, 24, 11, 35, 1, 18, 14, 40, 9, 26, 27, 32, 63, 19, 2, 55, 3]
客户端数：47	时间：0.0	客户端：[16, 47, 6, 42, 31, 28, 53, 7, 62, 38, 46, 57, 17, 12, 25, 60, 39, 48, 37, 10, 58, 54, 45, 51, 24, 11, 35, 1, 18, 14, 40, 9, 26, 27, 32, 63, 19, 2, 55, 3, 30, 64, 61, 13, 56, 33, 4]
T3
客户端数：10	时间：7.882384300231934	客户端：[16, 47, 6, 42, 31, 28, 53, 7, 62, 38]
客户端数：20	时间：32.698551416397095	客户端：[16, 47, 6, 42, 31, 28, 53, 7, 62, 38, 46, 57, 17, 12, 25, 60, 39, 48, 37, 10]
客户端数：30	时间：73.99969029426575	客户端：[16, 47, 6, 42, 31, 28, 53, 7, 62, 38, 46, 57, 17, 12, 25, 60, 39, 48, 37, 10, 58, 54, 45, 51, 24, 11, 35, 1, 18, 14]
客户端数：40	时间：131.98334383964539	客户端：[16, 47, 6, 42, 31, 28, 53, 7, 62, 38, 46, 57, 17, 12, 25, 60, 39, 48, 37, 10, 58, 54, 45, 51, 24, 11, 35, 1, 18, 14, 40, 9, 26, 27, 32, 63, 19, 2, 55, 3]
客户端数：47	时间：182.54658913612366	客户端：[16, 47, 6, 42, 31, 28, 53, 7, 62, 38, 46, 57, 17, 12, 25, 60, 39, 48, 37, 10, 58, 54, 45, 51, 24, 11, 35, 1, 18, 14, 40, 9, 26, 27, 32, 63, 19, 2, 55, 3, 30, 64, 61, 13, 56, 33, 4]
BYTE
客户端数：0	字节数：0	客户端：[]
MAE：89126677.09743589
RMSE：89327802.22743928
finished iteration：2023-01-01 00:05:26.019464

Number of rounds 16
T1
客户端数：0	时间：0	客户端：[]
T2
客户端数：10	时间：0.0	客户端：[21, 47, 42, 10, 25, 53, 6, 4, 31, 28]
客户端数：20	时间：0.0	客户端：[21, 47, 42, 10, 25, 53, 6, 4, 31, 28, 57, 62, 7, 33, 61, 56, 60, 26, 27, 38]
客户端数：30	时间：0.0	客户端：[21, 47, 42, 10, 25, 53, 6, 4, 31, 28, 57, 62, 7, 33, 61, 56, 60, 26, 27, 38, 2, 37, 16, 17, 24, 64, 40, 39, 63, 54]
客户端数：40	时间：0.0	客户端：[21, 47, 42, 10, 25, 53, 6, 4, 31, 28, 57, 62, 7, 33, 61, 56, 60, 26, 27, 38, 2, 37, 16, 17, 24, 64, 40, 39, 63, 54, 14, 55, 3, 11, 9, 19, 12, 46, 35, 1]
客户端数：47	时间：0.0010139942169189453	客户端：[21, 47, 42, 10, 25, 53, 6, 4, 31, 28, 57, 62, 7, 33, 61, 56, 60, 26, 27, 38, 2, 37, 16, 17, 24, 64, 40, 39, 63, 54, 14, 55, 3, 11, 9, 19, 12, 46, 35, 1, 13, 18, 48, 32, 45, 30, 58]
T3
客户端数：10	时间：14.009541749954224	客户端：[21, 47, 42, 10, 25, 53, 6, 4, 31, 28]
客户端数：20	时间：36.3550820350647	客户端：[21, 47, 42, 10, 25, 53, 6, 4, 31, 28, 57, 62, 7, 33, 61, 56, 60, 26, 27, 38]
客户端数：30	时间：75.54972076416016	客户端：[21, 47, 42, 10, 25, 53, 6, 4, 31, 28, 57, 62, 7, 33, 61, 56, 60, 26, 27, 38, 2, 37, 16, 17, 24, 64, 40, 39, 63, 54]
客户端数：40	时间：131.35377740859985	客户端：[21, 47, 42, 10, 25, 53, 6, 4, 31, 28, 57, 62, 7, 33, 61, 56, 60, 26, 27, 38, 2, 37, 16, 17, 24, 64, 40, 39, 63, 54, 14, 55, 3, 11, 9, 19, 12, 46, 35, 1]
客户端数：47	时间：180.32818031311035	客户端：[21, 47, 42, 10, 25, 53, 6, 4, 31, 28, 57, 62, 7, 33, 61, 56, 60, 26, 27, 38, 2, 37, 16, 17, 24, 64, 40, 39, 63, 54, 14, 55, 3, 11, 9, 19, 12, 46, 35, 1, 13, 18, 48, 32, 45, 30, 58]
BYTE
客户端数：0	字节数：0	客户端：[]
MAE：99691558.4923077
RMSE：100219512.87951106
finished iteration：2023-01-01 00:05:48.468826

Number of rounds 17
T1
客户端数：0	时间：0	客户端：[]
T2
客户端数：10	时间：0.0	客户端：[51, 30, 53, 16, 4, 6, 31, 28, 62, 33]
客户端数：20	时间：0.0	客户端：[51, 30, 53, 16, 4, 6, 31, 28, 62, 33, 47, 38, 56, 57, 61, 7, 26, 25, 2, 37]
客户端数：30	时间：0.001018524169921875	客户端：[51, 30, 53, 16, 4, 6, 31, 28, 62, 33, 47, 38, 56, 57, 61, 7, 26, 25, 2, 37, 60, 19, 40, 18, 12, 11, 39, 13, 3, 48]
客户端数：40	时间：0.001018524169921875	客户端：[51, 30, 53, 16, 4, 6, 31, 28, 62, 33, 47, 38, 56, 57, 61, 7, 26, 25, 2, 37, 60, 19, 40, 18, 12, 11, 39, 13, 3, 48, 54, 46, 1, 55, 10, 32, 58, 17, 45, 64]
客户端数：47	时间：0.001018524169921875	客户端：[51, 30, 53, 16, 4, 6, 31, 28, 62, 33, 47, 38, 56, 57, 61, 7, 26, 25, 2, 37, 60, 19, 40, 18, 12, 11, 39, 13, 3, 48, 54, 46, 1, 55, 10, 32, 58, 17, 45, 64, 14, 27, 63, 42, 35, 24, 9]
T3
客户端数：10	时间：18.000840425491333	客户端：[51, 30, 53, 16, 4, 6, 31, 28, 62, 33]
客户端数：20	时间：40.80626392364502	客户端：[51, 30, 53, 16, 4, 6, 31, 28, 62, 33, 47, 38, 56, 57, 61, 7, 26, 25, 2, 37]
客户端数：30	时间：79.65130400657654	客户端：[51, 30, 53, 16, 4, 6, 31, 28, 62, 33, 47, 38, 56, 57, 61, 7, 26, 25, 2, 37, 60, 19, 40, 18, 12, 11, 39, 13, 3, 48]
客户端数：40	时间：135.17050528526306	客户端：[51, 30, 53, 16, 4, 6, 31, 28, 62, 33, 47, 38, 56, 57, 61, 7, 26, 25, 2, 37, 60, 19, 40, 18, 12, 11, 39, 13, 3, 48, 54, 46, 1, 55, 10, 32, 58, 17, 45, 64]
客户端数：47	时间：183.7622218132019	客户端：[51, 30, 53, 16, 4, 6, 31, 28, 62, 33, 47, 38, 56, 57, 61, 7, 26, 25, 2, 37, 60, 19, 40, 18, 12, 11, 39, 13, 3, 48, 54, 46, 1, 55, 10, 32, 58, 17, 45, 64, 14, 27, 63, 42, 35, 24, 9]
BYTE
客户端数：0	字节数：0	客户端：[]
MAE：94397410.67692308
RMSE：94416046.21622619
finished iteration：2023-01-01 00:06:11.039535

Number of rounds 18
T1
客户端数：0	时间：0	客户端：[]
T2
客户端数：10	时间：0.0019943714141845703	客户端：[47, 33, 10, 6, 16, 30, 53, 42, 31, 25]
客户端数：20	时间：0.0029914379119873047	客户端：[47, 33, 10, 6, 16, 30, 53, 42, 31, 25, 28, 7, 38, 58, 62, 57, 46, 27, 2, 61]
客户端数：30	时间：0.004001140594482422	客户端：[47, 33, 10, 6, 16, 30, 53, 42, 31, 25, 28, 7, 38, 58, 62, 57, 46, 27, 2, 61, 32, 48, 37, 17, 19, 14, 64, 35, 45, 1]
客户端数：40	时间：0.004001140594482422	客户端：[47, 33, 10, 6, 16, 30, 53, 42, 31, 25, 28, 7, 38, 58, 62, 57, 46, 27, 2, 61, 32, 48, 37, 17, 19, 14, 64, 35, 45, 1, 13, 3, 40, 9, 18, 55, 63, 12, 56, 4]
客户端数：45	时间：0.004001140594482422	客户端：[47, 33, 10, 6, 16, 30, 53, 42, 31, 25, 28, 7, 38, 58, 62, 57, 46, 27, 2, 61, 32, 48, 37, 17, 19, 14, 64, 35, 45, 1, 13, 3, 40, 9, 18, 55, 63, 12, 56, 4, 60, 54, 24, 39, 11]
T3
客户端数：10	时间：10.731245756149292	客户端：[47, 33, 10, 6, 16, 30, 53, 42, 31, 25]
客户端数：20	时间：41.51698660850525	客户端：[47, 33, 10, 6, 16, 30, 53, 42, 31, 25, 28, 7, 38, 58, 62, 57, 46, 27, 2, 61]
客户端数：30	时间：88.93705773353577	客户端：[47, 33, 10, 6, 16, 30, 53, 42, 31, 25, 28, 7, 38, 58, 62, 57, 46, 27, 2, 61, 32, 48, 37, 17, 19, 14, 64, 35, 45, 1]
客户端数：40	时间：153.4683072566986	客户端：[47, 33, 10, 6, 16, 30, 53, 42, 31, 25, 28, 7, 38, 58, 62, 57, 46, 27, 2, 61, 32, 48, 37, 17, 19, 14, 64, 35, 45, 1, 13, 3, 40, 9, 18, 55, 63, 12, 56, 4]
客户端数：45	时间：192.01908326148987	客户端：[47, 33, 10, 6, 16, 30, 53, 42, 31, 25, 28, 7, 38, 58, 62, 57, 46, 27, 2, 61, 32, 48, 37, 17, 19, 14, 64, 35, 45, 1, 13, 3, 40, 9, 18, 55, 63, 12, 56, 4, 60, 54, 24, 39, 11]
BYTE
客户端数：0	字节数：0	客户端：[]
MAE：92544640.42051283
RMSE：92768101.18204124
finished iteration：2023-01-01 00:06:33.597305

Number of rounds 19
T1
客户端数：0	时间：0	客户端：[]
T2
客户端数：10	时间：0.0	客户端：[16, 10, 6, 30, 25, 12, 4, 46, 38, 63]
客户端数：20	时间：0.0	客户端：[16, 10, 6, 30, 25, 12, 4, 46, 38, 63, 62, 61, 56, 58, 32, 24, 39, 48, 27, 35]
客户端数：30	时间：0.0	客户端：[16, 10, 6, 30, 25, 12, 4, 46, 38, 63, 62, 61, 56, 58, 32, 24, 39, 48, 27, 35, 3, 18, 47, 54, 14, 11, 28, 55, 40, 2]
客户端数：40	时间：0.0019948482513427734	客户端：[16, 10, 6, 30, 25, 12, 4, 46, 38, 63, 62, 61, 56, 58, 32, 24, 39, 48, 27, 35, 3, 18, 47, 54, 14, 11, 28, 55, 40, 2, 9, 19, 45, 1, 57, 13, 60, 17, 31, 42]
客户端数：45	时间：0.0019948482513427734	客户端：[16, 10, 6, 30, 25, 12, 4, 46, 38, 63, 62, 61, 56, 58, 32, 24, 39, 48, 27, 35, 3, 18, 47, 54, 14, 11, 28, 55, 40, 2, 9, 19, 45, 1, 57, 13, 60, 17, 31, 42, 53, 33, 64, 37, 7]
T3
客户端数：10	时间：7.869185924530029	客户端：[16, 10, 6, 30, 25, 12, 4, 46, 38, 63]
客户端数：20	时间：32.30761981010437	客户端：[16, 10, 6, 30, 25, 12, 4, 46, 38, 63, 62, 61, 56, 58, 32, 24, 39, 48, 27, 35]
客户端数：30	时间：73.5941641330719	客户端：[16, 10, 6, 30, 25, 12, 4, 46, 38, 63, 62, 61, 56, 58, 32, 24, 39, 48, 27, 35, 3, 18, 47, 54, 14, 11, 28, 55, 40, 2]
客户端数：40	时间：131.05925941467285	客户端：[16, 10, 6, 30, 25, 12, 4, 46, 38, 63, 62, 61, 56, 58, 32, 24, 39, 48, 27, 35, 3, 18, 47, 54, 14, 11, 28, 55, 40, 2, 9, 19, 45, 1, 57, 13, 60, 17, 31, 42]
客户端数：45	时间：165.96440410614014	客户端：[16, 10, 6, 30, 25, 12, 4, 46, 38, 63, 62, 61, 56, 58, 32, 24, 39, 48, 27, 35, 3, 18, 47, 54, 14, 11, 28, 55, 40, 2, 9, 19, 45, 1, 57, 13, 60, 17, 31, 42, 53, 33, 64, 37, 7]
BYTE
客户端数：0	字节数：0	客户端：[]
MAE：94435246.12307692
RMSE：94457069.92337434
finished iteration：2023-01-01 00:06:56.023782

Number of rounds 20
T1
客户端数：0	时间：0	客户端：[]
T2
客户端数：10	时间：0.0	客户端：[47, 33, 10, 30, 42, 16, 6, 25, 28, 62]
客户端数：20	时间：0.000997304916381836	客户端：[47, 33, 10, 30, 42, 16, 6, 25, 28, 62, 31, 7, 12, 27, 39, 37, 57, 60, 24, 2]
客户端数：30	时间：0.0019948482513427734	客户端：[47, 33, 10, 30, 42, 16, 6, 25, 28, 62, 31, 7, 12, 27, 39, 37, 57, 60, 24, 2, 64, 3, 18, 1, 11, 46, 48, 9, 38, 19]
客户端数：40	时间：0.0019948482513427734	客户端：[47, 33, 10, 30, 42, 16, 6, 25, 28, 62, 31, 7, 12, 27, 39, 37, 57, 60, 24, 2, 64, 3, 18, 1, 11, 46, 48, 9, 38, 19, 45, 13, 61, 55, 40, 54, 53, 35, 58, 56]
客户端数：44	时间：0.0019948482513427734	客户端：[47, 33, 10, 30, 42, 16, 6, 25, 28, 62, 31, 7, 12, 27, 39, 37, 57, 60, 24, 2, 64, 3, 18, 1, 11, 46, 48, 9, 38, 19, 45, 13, 61, 55, 40, 54, 53, 35, 58, 56, 32, 4, 14, 63]
T3
客户端数：10	时间：7.914366245269775	客户端：[47, 33, 10, 30, 42, 16, 6, 25, 28, 62]
客户端数：20	时间：32.56673192977905	客户端：[47, 33, 10, 30, 42, 16, 6, 25, 28, 62, 31, 7, 12, 27, 39, 37, 57, 60, 24, 2]
客户端数：30	时间：74.28195405006409	客户端：[47, 33, 10, 30, 42, 16, 6, 25, 28, 62, 31, 7, 12, 27, 39, 37, 57, 60, 24, 2, 64, 3, 18, 1, 11, 46, 48, 9, 38, 19]
客户端数：40	时间：132.88824319839478	客户端：[47, 33, 10, 30, 42, 16, 6, 25, 28, 62, 31, 7, 12, 27, 39, 37, 57, 60, 24, 2, 64, 3, 18, 1, 11, 46, 48, 9, 38, 19, 45, 13, 61, 55, 40, 54, 53, 35, 58, 56]
客户端数：44	时间：161.07522916793823	客户端：[47, 33, 10, 30, 42, 16, 6, 25, 28, 62, 31, 7, 12, 27, 39, 37, 57, 60, 24, 2, 64, 3, 18, 1, 11, 46, 48, 9, 38, 19, 45, 13, 61, 55, 40, 54, 53, 35, 58, 56, 32, 4, 14, 63]
BYTE
客户端数：0	字节数：0	客户端：[]
MAE：94258533.91794872
RMSE：95821717.96169072
finished iteration：2023-01-01 00:07:18.548245

Number of rounds 21
T1
客户端数：0	时间：0	客户端：[]
T2
客户端数：10	时间：0.0	客户端：[17, 16, 33, 42, 53, 6, 4, 30, 31, 7]
客户端数：20	时间：0.000997304916381836	客户端：[17, 16, 33, 42, 53, 6, 4, 30, 31, 7, 38, 57, 56, 61, 27, 62, 48, 46, 2, 37]
客户端数：30	时间：0.0029914379119873047	客户端：[17, 16, 33, 42, 53, 6, 4, 30, 31, 7, 38, 57, 56, 61, 27, 62, 48, 46, 2, 37, 47, 63, 39, 35, 40, 45, 54, 11, 25, 19]
客户端数：40	时间：0.0029914379119873047	客户端：[17, 16, 33, 42, 53, 6, 4, 30, 31, 7, 38, 57, 56, 61, 27, 62, 48, 46, 2, 37, 47, 63, 39, 35, 40, 45, 54, 11, 25, 19, 3, 64, 58, 18, 10, 14, 1, 28, 9, 60]
客户端数：45	时间：0.003989219665527344	客户端：[17, 16, 33, 42, 53, 6, 4, 30, 31, 7, 38, 57, 56, 61, 27, 62, 48, 46, 2, 37, 47, 63, 39, 35, 40, 45, 54, 11, 25, 19, 3, 64, 58, 18, 10, 14, 1, 28, 9, 60, 13, 55, 24, 32, 12]
T3
客户端数：10	时间：13.574614763259888	客户端：[17, 16, 33, 42, 53, 6, 4, 30, 31, 7]
客户端数：20	时间：35.986713886260986	客户端：[17, 16, 33, 42, 53, 6, 4, 30, 31, 7, 38, 57, 56, 61, 27, 62, 48, 46, 2, 37]
客户端数：30	时间：74.5757851600647	客户端：[17, 16, 33, 42, 53, 6, 4, 30, 31, 7, 38, 57, 56, 61, 27, 62, 48, 46, 2, 37, 47, 63, 39, 35, 40, 45, 54, 11, 25, 19]
客户端数：40	时间：129.64788365364075	客户端：[17, 16, 33, 42, 53, 6, 4, 30, 31, 7, 38, 57, 56, 61, 27, 62, 48, 46, 2, 37, 47, 63, 39, 35, 40, 45, 54, 11, 25, 19, 3, 64, 58, 18, 10, 14, 1, 28, 9, 60]
客户端数：45	时间：163.53891706466675	客户端：[17, 16, 33, 42, 53, 6, 4, 30, 31, 7, 38, 57, 56, 61, 27, 62, 48, 46, 2, 37, 47, 63, 39, 35, 40, 45, 54, 11, 25, 19, 3, 64, 58, 18, 10, 14, 1, 28, 9, 60, 13, 55, 24, 32, 12]
BYTE
客户端数：0	字节数：0	客户端：[]
MAE：93889330.71794872
RMSE：94001750.07340498
finished iteration：2023-01-01 00:07:41.099335

Number of rounds 22
T1
客户端数：0	时间：0	客户端：[]
T2
客户端数：10	时间：0.0	客户端：[16, 30, 10, 42, 47, 53, 28, 33, 7, 57]
客户端数：20	时间：0.0009975433349609375	客户端：[16, 30, 10, 42, 47, 53, 28, 33, 7, 57, 58, 62, 61, 46, 31, 63, 60, 2, 48, 38]
客户端数：30	时间：0.0009975433349609375	客户端：[16, 30, 10, 42, 47, 53, 28, 33, 7, 57, 58, 62, 61, 46, 31, 63, 60, 2, 48, 38, 40, 6, 54, 45, 11, 39, 64, 35, 27, 4]
客户端数：40	时间：0.0009975433349609375	客户端：[16, 30, 10, 42, 47, 53, 28, 33, 7, 57, 58, 62, 61, 46, 31, 63, 60, 2, 48, 38, 40, 6, 54, 45, 11, 39, 64, 35, 27, 4, 25, 14, 3, 24, 37, 32, 19, 12, 1, 13]
客户端数：44	时间：0.001995563507080078	客户端：[16, 30, 10, 42, 47, 53, 28, 33, 7, 57, 58, 62, 61, 46, 31, 63, 60, 2, 48, 38, 40, 6, 54, 45, 11, 39, 64, 35, 27, 4, 25, 14, 3, 24, 37, 32, 19, 12, 1, 13, 55, 56, 18, 9]
T3
客户端数：10	时间：8.05659008026123	客户端：[16, 30, 10, 42, 47, 53, 28, 33, 7, 57]
客户端数：20	时间：33.30743718147278	客户端：[16, 30, 10, 42, 47, 53, 28, 33, 7, 57, 58, 62, 61, 46, 31, 63, 60, 2, 48, 38]
客户端数：30	时间：75.16792249679565	客户端：[16, 30, 10, 42, 47, 53, 28, 33, 7, 57, 58, 62, 61, 46, 31, 63, 60, 2, 48, 38, 40, 6, 54, 45, 11, 39, 64, 35, 27, 4]
客户端数：40	时间：133.7063353061676	客户端：[16, 30, 10, 42, 47, 53, 28, 33, 7, 57, 58, 62, 61, 46, 31, 63, 60, 2, 48, 38, 40, 6, 54, 45, 11, 39, 64, 35, 27, 4, 25, 14, 3, 24, 37, 32, 19, 12, 1, 13]
客户端数：44	时间：161.98281264305115	客户端：[16, 30, 10, 42, 47, 53, 28, 33, 7, 57, 58, 62, 61, 46, 31, 63, 60, 2, 48, 38, 40, 6, 54, 45, 11, 39, 64, 35, 27, 4, 25, 14, 3, 24, 37, 32, 19, 12, 1, 13, 55, 56, 18, 9]
BYTE
客户端数：0	字节数：0	客户端：[]
MAE：98840561.77435897
RMSE：99069631.43252893
finished iteration：2023-01-01 00:08:03.633751

Number of rounds 23
T1
客户端数：0	时间：0	客户端：[]
T2
客户端数：10	时间：0.0	客户端：[16, 33, 42, 31, 28, 38, 62, 10, 53, 61]
客户端数：20	时间：0.0	客户端：[16, 33, 42, 31, 28, 38, 62, 10, 53, 61, 25, 12, 58, 7, 46, 2, 63, 57, 37, 39]
客户端数：30	时间：0.000997304916381836	客户端：[16, 33, 42, 31, 28, 38, 62, 10, 53, 61, 25, 12, 58, 7, 46, 2, 63, 57, 37, 39, 4, 27, 64, 40, 55, 18, 9, 13, 60, 48]
客户端数：40	时间：0.000997304916381836	客户端：[16, 33, 42, 31, 28, 38, 62, 10, 53, 61, 25, 12, 58, 7, 46, 2, 63, 57, 37, 39, 4, 27, 64, 40, 55, 18, 9, 13, 60, 48, 1, 35, 47, 45, 32, 19, 11, 14, 24, 30]
客户端数：43	时间：0.000997304916381836	客户端：[16, 33, 42, 31, 28, 38, 62, 10, 53, 61, 25, 12, 58, 7, 46, 2, 63, 57, 37, 39, 4, 27, 64, 40, 55, 18, 9, 13, 60, 48, 1, 35, 47, 45, 32, 19, 11, 14, 24, 30, 6, 54, 56]
T3
客户端数：10	时间：7.46107816696167	客户端：[16, 33, 42, 31, 28, 38, 62, 10, 53, 61]
客户端数：20	时间：31.876192569732666	客户端：[16, 33, 42, 31, 28, 38, 62, 10, 53, 61, 25, 12, 58, 7, 46, 2, 63, 57, 37, 39]
客户端数：30	时间：73.11386442184448	客户端：[16, 33, 42, 31, 28, 38, 62, 10, 53, 61, 25, 12, 58, 7, 46, 2, 63, 57, 37, 39, 4, 27, 64, 40, 55, 18, 9, 13, 60, 48]
客户端数：40	时间：130.83439707756042	客户端：[16, 33, 42, 31, 28, 38, 62, 10, 53, 61, 25, 12, 58, 7, 46, 2, 63, 57, 37, 39, 4, 27, 64, 40, 55, 18, 9, 13, 60, 48, 1, 35, 47, 45, 32, 19, 11, 14, 24, 30]
客户端数：43	时间：151.74125719070435	客户端：[16, 33, 42, 31, 28, 38, 62, 10, 53, 61, 25, 12, 58, 7, 46, 2, 63, 57, 37, 39, 4, 27, 64, 40, 55, 18, 9, 13, 60, 48, 1, 35, 47, 45, 32, 19, 11, 14, 24, 30, 6, 54, 56]
BYTE
客户端数：0	字节数：0	客户端：[]
MAE：89306560.66666667
RMSE：89443331.92591642
finished iteration：2023-01-01 00:08:26.227755

Number of rounds 24
T1
客户端数：0	时间：0	客户端：[]
T2
客户端数：10	时间：0.001995086669921875	客户端：[6, 47, 42, 31, 4, 62, 25, 7, 38, 28]
客户端数：20	时间：0.001995086669921875	客户端：[6, 47, 42, 31, 4, 62, 25, 7, 38, 28, 61, 12, 33, 60, 58, 56, 2, 37, 32, 48]
客户端数：30	时间：0.0029921531677246094	客户端：[6, 47, 42, 31, 4, 62, 25, 7, 38, 28, 61, 12, 33, 60, 58, 56, 2, 37, 32, 48, 55, 27, 40, 45, 18, 10, 54, 11, 64, 24]
客户端数：40	时间：0.004987001419067383	客户端：[6, 47, 42, 31, 4, 62, 25, 7, 38, 28, 61, 12, 33, 60, 58, 56, 2, 37, 32, 48, 55, 27, 40, 45, 18, 10, 54, 11, 64, 24, 9, 13, 53, 39, 35, 46, 16, 19, 30, 63]
客户端数：43	时间：0.004987001419067383	客户端：[6, 47, 42, 31, 4, 62, 25, 7, 38, 28, 61, 12, 33, 60, 58, 56, 2, 37, 32, 48, 55, 27, 40, 45, 18, 10, 54, 11, 64, 24, 9, 13, 53, 39, 35, 46, 16, 19, 30, 63, 3, 57, 1]
T3
客户端数：10	时间：7.855824708938599	客户端：[6, 47, 42, 31, 4, 62, 25, 7, 38, 28]
客户端数：20	时间：32.6605920791626	客户端：[6, 47, 42, 31, 4, 62, 25, 7, 38, 28, 61, 12, 33, 60, 58, 56, 2, 37, 32, 48]
客户端数：30	时间：74.38001322746277	客户端：[6, 47, 42, 31, 4, 62, 25, 7, 38, 28, 61, 12, 33, 60, 58, 56, 2, 37, 32, 48, 55, 27, 40, 45, 18, 10, 54, 11, 64, 24]
客户端数：40	时间：133.09703016281128	客户端：[6, 47, 42, 31, 4, 62, 25, 7, 38, 28, 61, 12, 33, 60, 58, 56, 2, 37, 32, 48, 55, 27, 40, 45, 18, 10, 54, 11, 64, 24, 9, 13, 53, 39, 35, 46, 16, 19, 30, 63]
客户端数：43	时间：173.20844388008118	客户端：[6, 47, 42, 31, 4, 62, 25, 7, 38, 28, 61, 12, 33, 60, 58, 56, 2, 37, 32, 48, 55, 27, 40, 45, 18, 10, 54, 11, 64, 24, 9, 13, 53, 39, 35, 46, 16, 19, 30, 63, 3, 57, 1]
BYTE
客户端数：0	字节数：0	客户端：[]
MAE：90843492.97435898
RMSE：91013831.99809246
finished iteration：2023-01-01 00:08:48.847083

Number of rounds 25
T1
客户端数：0	时间：0	客户端：[]
T2
客户端数：10	时间：0.0009982585906982422	客户端：[47, 33, 10, 30, 53, 42, 6, 57, 62, 7]
客户端数：20	时间：0.0009982585906982422	客户端：[47, 33, 10, 30, 53, 42, 6, 57, 62, 7, 25, 61, 56, 4, 48, 37, 31, 60, 32, 2]
客户端数：30	时间：0.0009982585906982422	客户端：[47, 33, 10, 30, 53, 42, 6, 57, 62, 7, 25, 61, 56, 4, 48, 37, 31, 60, 32, 2, 24, 55, 18, 64, 40, 45, 63, 38, 13, 35]
客户端数：40	时间：0.0010213851928710938	客户端：[47, 33, 10, 30, 53, 42, 6, 57, 62, 7, 25, 61, 56, 4, 48, 37, 31, 60, 32, 2, 24, 55, 18, 64, 40, 45, 63, 38, 13, 35, 9, 12, 27, 46, 58, 19, 54, 28, 16, 11]
客户端数：42	时间：0.0010213851928710938	客户端：[47, 33, 10, 30, 53, 42, 6, 57, 62, 7, 25, 61, 56, 4, 48, 37, 31, 60, 32, 2, 24, 55, 18, 64, 40, 45, 63, 38, 13, 35, 9, 12, 27, 46, 58, 19, 54, 28, 16, 11, 39, 14]
T3
客户端数：10	时间：7.933476686477661	客户端：[47, 33, 10, 30, 53, 42, 6, 57, 62, 7]
客户端数：20	时间：32.56903529167175	客户端：[47, 33, 10, 30, 53, 42, 6, 57, 62, 7, 25, 61, 56, 4, 48, 37, 31, 60, 32, 2]
客户端数：30	时间：73.6532986164093	客户端：[47, 33, 10, 30, 53, 42, 6, 57, 62, 7, 25, 61, 56, 4, 48, 37, 31, 60, 32, 2, 24, 55, 18, 64, 40, 45, 63, 38, 13, 35]
客户端数：40	时间：131.51019144058228	客户端：[47, 33, 10, 30, 53, 42, 6, 57, 62, 7, 25, 61, 56, 4, 48, 37, 31, 60, 32, 2, 24, 55, 18, 64, 40, 45, 63, 38, 13, 35, 9, 12, 27, 46, 58, 19, 54, 28, 16, 11]
客户端数：42	时间：164.47940254211426	客户端：[47, 33, 10, 30, 53, 42, 6, 57, 62, 7, 25, 61, 56, 4, 48, 37, 31, 60, 32, 2, 24, 55, 18, 64, 40, 45, 63, 38, 13, 35, 9, 12, 27, 46, 58, 19, 54, 28, 16, 11, 39, 14]
BYTE
客户端数：0	字节数：0	客户端：[]
MAE：93994927.06666666
RMSE：94858156.52734804
finished iteration：2023-01-01 00:09:11.464490

Number of rounds 26
T1
客户端数：0	时间：0	客户端：[]
T2
客户端数：10	时间：0.0	客户端：[1, 16, 6, 10, 53, 62, 57, 7, 58, 28]
客户端数：20	时间：0.0	客户端：[1, 16, 6, 10, 53, 62, 57, 7, 58, 28, 61, 47, 46, 12, 60, 2, 48, 25, 27, 35]
客户端数：30	时间：0.0	客户端：[1, 16, 6, 10, 53, 62, 57, 7, 58, 28, 61, 47, 46, 12, 60, 2, 48, 25, 27, 35, 40, 55, 18, 63, 32, 13, 54, 42, 4, 38]
客户端数：40	时间：0.0020148754119873047	客户端：[1, 16, 6, 10, 53, 62, 57, 7, 58, 28, 61, 47, 46, 12, 60, 2, 48, 25, 27, 35, 40, 55, 18, 63, 32, 13, 54, 42, 4, 38, 9, 64, 19, 39, 45, 33, 31, 56, 37, 11]
客户端数：41	时间：0.0020148754119873047	客户端：[1, 16, 6, 10, 53, 62, 57, 7, 58, 28, 61, 47, 46, 12, 60, 2, 48, 25, 27, 35, 40, 55, 18, 63, 32, 13, 54, 42, 4, 38, 9, 64, 19, 39, 45, 33, 31, 56, 37, 11, 24]
T3
客户端数：10	时间：17.70412540435791	客户端：[1, 16, 6, 10, 53, 62, 57, 7, 58, 28]
客户端数：20	时间：41.24516820907593	客户端：[1, 16, 6, 10, 53, 62, 57, 7, 58, 28, 61, 47, 46, 12, 60, 2, 48, 25, 27, 35]
客户端数：30	时间：80.8395824432373	客户端：[1, 16, 6, 10, 53, 62, 57, 7, 58, 28, 61, 47, 46, 12, 60, 2, 48, 25, 27, 35, 40, 55, 18, 63, 32, 13, 54, 42, 4, 38]
客户端数：40	时间：136.79047226905823	客户端：[1, 16, 6, 10, 53, 62, 57, 7, 58, 28, 61, 47, 46, 12, 60, 2, 48, 25, 27, 35, 40, 55, 18, 63, 32, 13, 54, 42, 4, 38, 9, 64, 19, 39, 45, 33, 31, 56, 37, 11]
客户端数：41	时间：143.43315362930298	客户端：[1, 16, 6, 10, 53, 62, 57, 7, 58, 28, 61, 47, 46, 12, 60, 2, 48, 25, 27, 35, 40, 55, 18, 63, 32, 13, 54, 42, 4, 38, 9, 64, 19, 39, 45, 33, 31, 56, 37, 11, 24]
BYTE
客户端数：0	字节数：0	客户端：[]
MAE：92477492.48205128
RMSE：92798927.91930065
finished iteration：2023-01-01 00:09:33.878312

Number of rounds 27
T1
客户端数：0	时间：0	客户端：[]
T2
客户端数：10	时间：0.0	客户端：[33, 10, 47, 53, 16, 4, 6, 25, 31, 42]
客户端数：20	时间：0.0	客户端：[33, 10, 47, 53, 16, 4, 6, 25, 31, 42, 38, 56, 62, 12, 2, 37, 32, 58, 61, 39]
客户端数：30	时间：0.0	客户端：[33, 10, 47, 53, 16, 4, 6, 25, 31, 42, 38, 56, 62, 12, 2, 37, 32, 58, 61, 39, 40, 45, 55, 13, 46, 48, 9, 7, 35, 60]
客户端数：40	时间：0.0	客户端：[33, 10, 47, 53, 16, 4, 6, 25, 31, 42, 38, 56, 62, 12, 2, 37, 32, 58, 61, 39, 40, 45, 55, 13, 46, 48, 9, 7, 35, 60, 27, 63, 18, 24, 54, 19, 28, 64, 11, 57]
T3
客户端数：10	时间：7.886232852935791	客户端：[33, 10, 47, 53, 16, 4, 6, 25, 31, 42]
客户端数：20	时间：32.371525049209595	客户端：[33, 10, 47, 53, 16, 4, 6, 25, 31, 42, 38, 56, 62, 12, 2, 37, 32, 58, 61, 39]
客户端数：30	时间：74.03131484985352	客户端：[33, 10, 47, 53, 16, 4, 6, 25, 31, 42, 38, 56, 62, 12, 2, 37, 32, 58, 61, 39, 40, 45, 55, 13, 46, 48, 9, 7, 35, 60]
客户端数：40	时间：132.46659398078918	客户端：[33, 10, 47, 53, 16, 4, 6, 25, 31, 42, 38, 56, 62, 12, 2, 37, 32, 58, 61, 39, 40, 45, 55, 13, 46, 48, 9, 7, 35, 60, 27, 63, 18, 24, 54, 19, 28, 64, 11, 57]
BYTE
客户端数：0	字节数：0	客户端：[]
MAE：15031638.559935898
RMSE：20284515.697322704
finished iteration：2023-01-01 00:09:56.539594

Number of rounds 28
T1
客户端数：0	时间：0	客户端：[]
T2
客户端数：10	时间：0.0	客户端：[16, 33, 10, 4, 25, 53, 58, 38, 56, 60]
客户端数：20	时间：0.000997304916381836	客户端：[16, 33, 10, 4, 25, 53, 58, 38, 56, 60, 63, 31, 47, 37, 39, 19, 24, 32, 40, 55]
客户端数：30	时间：0.001994609832763672	客户端：[16, 33, 10, 4, 25, 53, 58, 38, 56, 60, 63, 31, 47, 37, 39, 19, 24, 32, 40, 55, 61, 11, 13, 57, 18, 62, 28, 9, 46, 35]
客户端数：40	时间：0.002991914749145508	客户端：[16, 33, 10, 4, 25, 53, 58, 38, 56, 60, 63, 31, 47, 37, 39, 19, 24, 32, 40, 55, 61, 11, 13, 57, 18, 62, 28, 9, 46, 35, 2, 54, 12, 45, 48, 64, 42, 27, 6, 7]
T3
客户端数：10	时间：7.914674520492554	客户端：[16, 33, 10, 4, 25, 53, 58, 38, 56, 60]
客户端数：20	时间：33.169803619384766	客户端：[16, 33, 10, 4, 25, 53, 58, 38, 56, 60, 63, 31, 47, 37, 39, 19, 24, 32, 40, 55]
客户端数：30	时间：75.39004588127136	客户端：[16, 33, 10, 4, 25, 53, 58, 38, 56, 60, 63, 31, 47, 37, 39, 19, 24, 32, 40, 55, 61, 11, 13, 57, 18, 62, 28, 9, 46, 35]
客户端数：40	时间：134.15745210647583	客户端：[16, 33, 10, 4, 25, 53, 58, 38, 56, 60, 63, 31, 47, 37, 39, 19, 24, 32, 40, 55, 61, 11, 13, 57, 18, 62, 28, 9, 46, 35, 2, 54, 12, 45, 48, 64, 42, 27, 6, 7]
BYTE
客户端数：0	字节数：0	客户端：[]
MAE：13948889.254807692
RMSE：18783344.16390435
finished iteration：2023-01-01 00:10:18.945929

Number of rounds 29
T1
客户端数：0	时间：0	客户端：[]
T2
客户端数：10	时间：0.0	客户端：[47, 42, 16, 6, 53, 10, 33, 25, 28, 62]
客户端数：20	时间：0.0	客户端：[47, 42, 16, 6, 53, 10, 33, 25, 28, 62, 4, 38, 56, 12, 46, 63, 27, 48, 39, 60]
客户端数：30	时间：0.0	客户端：[47, 42, 16, 6, 53, 10, 33, 25, 28, 62, 4, 38, 56, 12, 46, 63, 27, 48, 39, 60, 32, 24, 40, 7, 9, 61, 13, 11, 58, 19]
客户端数：40	时间：0.0	客户端：[47, 42, 16, 6, 53, 10, 33, 25, 28, 62, 4, 38, 56, 12, 46, 63, 27, 48, 39, 60, 32, 24, 40, 7, 9, 61, 13, 11, 58, 19, 54, 57, 64, 35, 31, 18, 55, 37, 45, 2]
T3
客户端数：10	时间：7.742172956466675	客户端：[47, 42, 16, 6, 53, 10, 33, 25, 28, 62]
客户端数：20	时间：32.45543885231018	客户端：[47, 42, 16, 6, 53, 10, 33, 25, 28, 62, 4, 38, 56, 12, 46, 63, 27, 48, 39, 60]
客户端数：30	时间：73.79733276367188	客户端：[47, 42, 16, 6, 53, 10, 33, 25, 28, 62, 4, 38, 56, 12, 46, 63, 27, 48, 39, 60, 32, 24, 40, 7, 9, 61, 13, 11, 58, 19]
客户端数：40	时间：132.8292737007141	客户端：[47, 42, 16, 6, 53, 10, 33, 25, 28, 62, 4, 38, 56, 12, 46, 63, 27, 48, 39, 60, 32, 24, 40, 7, 9, 61, 13, 11, 58, 19, 54, 57, 64, 35, 31, 18, 55, 37, 45, 2]
BYTE
客户端数：0	字节数：0	客户端：[]
MAE：19041250.704326924
RMSE：23724423.636330083
finished iteration：2023-01-01 00:10:41.285595

Number of rounds 30
T1
客户端数：0	时间：0	客户端：[]
T2
客户端数：10	时间：0.0	客户端：[33, 10, 6, 4, 28, 62, 25, 53, 31, 7]
客户端数：20	时间：0.0	客户端：[33, 10, 6, 4, 28, 62, 25, 53, 31, 7, 38, 56, 46, 61, 63, 57, 48, 58, 27, 39]
客户端数：30	时间：0.0	客户端：[33, 10, 6, 4, 28, 62, 25, 53, 31, 7, 38, 56, 46, 61, 63, 57, 48, 58, 27, 39, 19, 45, 37, 18, 55, 16, 13, 54, 47, 24]
客户端数：39	时间：0.0	客户端：[33, 10, 6, 4, 28, 62, 25, 53, 31, 7, 38, 56, 46, 61, 63, 57, 48, 58, 27, 39, 19, 45, 37, 18, 55, 16, 13, 54, 47, 24, 64, 32, 11, 35, 2, 42, 40, 9, 60]
T3
客户端数：10	时间：0.162553071975708	客户端：[33, 10, 6, 4, 28, 62, 25, 53, 31, 7]
客户端数：20	时间：0.3440568447113037	客户端：[33, 10, 6, 4, 28, 62, 25, 53, 31, 7, 38, 56, 46, 61, 63, 57, 48, 58, 27, 39]
客户端数：30	时间：0.543511152267456	客户端：[33, 10, 6, 4, 28, 62, 25, 53, 31, 7, 38, 56, 46, 61, 63, 57, 48, 58, 27, 39, 19, 45, 37, 18, 55, 16, 13, 54, 47, 24]
客户端数：39	时间：0.7419712543487549	客户端：[33, 10, 6, 4, 28, 62, 25, 53, 31, 7, 38, 56, 46, 61, 63, 57, 48, 58, 27, 39, 19, 45, 37, 18, 55, 16, 13, 54, 47, 24, 64, 32, 11, 35, 2, 42, 40, 9, 60]
BYTE
客户端数：0	字节数：0	客户端：[]
MAE：11559196.964553285
RMSE：15830489.359757321
finished iteration：2023-01-01 00:11:03.564646

