Number of rounds 1
T1
客户端数：10	时间：0.02899336814880371	客户端：[22, 18, 30, 64, 12, 16, 46, 21, 39, 15]
客户端数：20	时间：0.032987356185913086	客户端：[22, 18, 30, 64, 12, 16, 46, 21, 39, 15, 60, 13, 44, 41, 63, 8, 62, 58, 43, 49]
客户端数：30	时间：0.036977291107177734	客户端：[22, 18, 30, 64, 12, 16, 46, 21, 39, 15, 60, 13, 44, 41, 63, 8, 62, 58, 43, 49, 55, 11, 48, 9, 31, 25, 54, 29, 57, 4]
客户端数：40	时间：0.03996610641479492	客户端：[22, 18, 30, 64, 12, 16, 46, 21, 39, 15, 60, 13, 44, 41, 63, 8, 62, 58, 43, 49, 55, 11, 48, 9, 31, 25, 54, 29, 57, 4, 2, 17, 56, 50, 40, 45, 42, 19, 47, 23]
客户端数：50	时间：0.04295849800109863	客户端：[22, 18, 30, 64, 12, 16, 46, 21, 39, 15, 60, 13, 44, 41, 63, 8, 62, 58, 43, 49, 55, 11, 48, 9, 31, 25, 54, 29, 57, 4, 2, 17, 56, 50, 40, 45, 42, 19, 47, 23, 38, 61, 3, 37, 33, 35, 26, 51, 52, 24]
客户端数：58	时间：0.044952392578125	客户端：[22, 18, 30, 64, 12, 16, 46, 21, 39, 15, 60, 13, 44, 41, 63, 8, 62, 58, 43, 49, 55, 11, 48, 9, 31, 25, 54, 29, 57, 4, 2, 17, 56, 50, 40, 45, 42, 19, 47, 23, 38, 61, 3, 37, 33, 35, 26, 51, 52, 24, 10, 28, 27, 5, 36, 7, 59, 53]
T2
客户端数：10	时间：0.003000497817993164	客户端：[2, 3, 25, 18, 31, 39, 53, 54, 37, 41]
客户端数：20	时间：0.00699162483215332	客户端：[2, 3, 25, 18, 31, 39, 53, 54, 37, 41, 11, 58, 12, 55, 19, 4, 26, 30, 57, 33]
客户端数：30	时间：0.010012388229370117	客户端：[2, 3, 25, 18, 31, 39, 53, 54, 37, 41, 11, 58, 12, 55, 19, 4, 26, 30, 57, 33, 21, 46, 50, 61, 56, 29, 17, 38, 44, 10]
客户端数：40	时间：0.015002250671386719	客户端：[2, 3, 25, 18, 31, 39, 53, 54, 37, 41, 11, 58, 12, 55, 19, 4, 26, 30, 57, 33, 21, 46, 50, 61, 56, 29, 17, 38, 44, 10, 45, 36, 7, 28, 24, 47, 48, 64, 9, 23]
客户端数：50	时间：0.01798701286315918	客户端：[2, 3, 25, 18, 31, 39, 53, 54, 37, 41, 11, 58, 12, 55, 19, 4, 26, 30, 57, 33, 21, 46, 50, 61, 56, 29, 17, 38, 44, 10, 45, 36, 7, 28, 24, 47, 48, 64, 9, 23, 35, 27, 59, 22, 16, 15, 5, 49, 8, 40]
客户端数：58	时间：0.019986629486083984	客户端：[2, 3, 25, 18, 31, 39, 53, 54, 37, 41, 11, 58, 12, 55, 19, 4, 26, 30, 57, 33, 21, 46, 50, 61, 56, 29, 17, 38, 44, 10, 45, 36, 7, 28, 24, 47, 48, 64, 9, 23, 35, 27, 59, 22, 16, 15, 5, 49, 8, 40, 63, 60, 43, 13, 42, 51, 62, 52]
T3
客户端数：10	时间：18.036174058914185	客户端：[2, 3, 25, 18, 31, 39, 53, 54, 37, 41]
客户端数：20	时间：65.15129065513611	客户端：[2, 3, 25, 18, 31, 39, 53, 54, 37, 41, 11, 58, 12, 55, 19, 4, 26, 30, 57, 33]
客户端数：30	时间：141.60758638381958	客户端：[2, 3, 25, 18, 31, 39, 53, 54, 37, 41, 11, 58, 12, 55, 19, 4, 26, 30, 57, 33, 21, 46, 50, 61, 56, 29, 17, 38, 44, 10]
客户端数：40	时间：249.52511429786682	客户端：[2, 3, 25, 18, 31, 39, 53, 54, 37, 41, 11, 58, 12, 55, 19, 4, 26, 30, 57, 33, 21, 46, 50, 61, 56, 29, 17, 38, 44, 10, 45, 36, 7, 28, 24, 47, 48, 64, 9, 23]
客户端数：50	时间：389.43510270118713	客户端：[2, 3, 25, 18, 31, 39, 53, 54, 37, 41, 11, 58, 12, 55, 19, 4, 26, 30, 57, 33, 21, 46, 50, 61, 56, 29, 17, 38, 44, 10, 45, 36, 7, 28, 24, 47, 48, 64, 9, 23, 35, 27, 59, 22, 16, 15, 5, 49, 8, 40]
客户端数：58	时间：524.2103979587555	客户端：[2, 3, 25, 18, 31, 39, 53, 54, 37, 41, 11, 58, 12, 55, 19, 4, 26, 30, 57, 33, 21, 46, 50, 61, 56, 29, 17, 38, 44, 10, 45, 36, 7, 28, 24, 47, 48, 64, 9, 23, 35, 27, 59, 22, 16, 15, 5, 49, 8, 40, 63, 60, 43, 13, 42, 51, 62, 52]
BYTE
客户端数：10	字节数：3200000	客户端：[22, 18, 30, 64, 12, 16, 46, 21, 39, 15]
客户端数：20	字节数：6400000	客户端：[22, 18, 30, 64, 12, 16, 46, 21, 39, 15, 60, 13, 44, 41, 63, 8, 62, 58, 43, 49]
客户端数：30	字节数：9600000	客户端：[22, 18, 30, 64, 12, 16, 46, 21, 39, 15, 60, 13, 44, 41, 63, 8, 62, 58, 43, 49, 55, 11, 48, 9, 31, 25, 54, 29, 57, 4]
客户端数：40	字节数：12800000	客户端：[22, 18, 30, 64, 12, 16, 46, 21, 39, 15, 60, 13, 44, 41, 63, 8, 62, 58, 43, 49, 55, 11, 48, 9, 31, 25, 54, 29, 57, 4, 2, 17, 56, 50, 40, 45, 42, 19, 47, 23]
客户端数：50	字节数：16000000	客户端：[22, 18, 30, 64, 12, 16, 46, 21, 39, 15, 60, 13, 44, 41, 63, 8, 62, 58, 43, 49, 55, 11, 48, 9, 31, 25, 54, 29, 57, 4, 2, 17, 56, 50, 40, 45, 42, 19, 47, 23, 38, 61, 3, 37, 33, 35, 26, 51, 52, 24]
客户端数：58	字节数：18560000	客户端：[22, 18, 30, 64, 12, 16, 46, 21, 39, 15, 60, 13, 44, 41, 63, 8, 62, 58, 43, 49, 55, 11, 48, 9, 31, 25, 54, 29, 57, 4, 2, 17, 56, 50, 40, 45, 42, 19, 47, 23, 38, 61, 3, 37, 33, 35, 26, 51, 52, 24, 10, 28, 27, 5, 36, 7, 59, 53]
PRO_LEN：320000
score：0.5653333333333334
loss rate：0.43466666666666665
finished iteration：2023-01-01 00:00:30.895379

Number of rounds 2
T1
客户端数：10	时间：0.00399017333984375	客户端：[39, 12, 30, 41, 46, 3, 37, 2, 11, 33]
客户端数：20	时间：0.006981849670410156	客户端：[39, 12, 30, 41, 46, 3, 37, 2, 11, 33, 21, 25, 10, 31, 57, 29, 36, 53, 17, 55]
客户端数：30	时间：0.010972023010253906	客户端：[39, 12, 30, 41, 46, 3, 37, 2, 11, 33, 21, 25, 10, 31, 57, 29, 36, 53, 17, 55, 50, 54, 19, 38, 45, 58, 28, 24, 64, 4]
客户端数：40	时间：0.013962507247924805	客户端：[39, 12, 30, 41, 46, 3, 37, 2, 11, 33, 21, 25, 10, 31, 57, 29, 36, 53, 17, 55, 50, 54, 19, 38, 45, 58, 28, 24, 64, 4, 47, 9, 35, 22, 16, 7, 27, 23, 44, 15]
客户端数：50	时间：0.01894974708557129	客户端：[39, 12, 30, 41, 46, 3, 37, 2, 11, 33, 21, 25, 10, 31, 57, 29, 36, 53, 17, 55, 50, 54, 19, 38, 45, 58, 28, 24, 64, 4, 47, 9, 35, 22, 16, 7, 27, 23, 44, 15, 5, 18, 49, 8, 48, 40, 60, 63, 43, 13]
客户端数：58	时间：0.02194070816040039	客户端：[39, 12, 30, 41, 46, 3, 37, 2, 11, 33, 21, 25, 10, 31, 57, 29, 36, 53, 17, 55, 50, 54, 19, 38, 45, 58, 28, 24, 64, 4, 47, 9, 35, 22, 16, 7, 27, 23, 44, 15, 5, 18, 49, 8, 48, 40, 60, 63, 43, 13, 42, 51, 61, 62, 56, 52, 26, 59]
T2
客户端数：10	时间：0.002012968063354492	客户端：[2, 19, 11, 58, 39, 3, 60, 21, 37, 15]
客户端数：20	时间：0.003989219665527344	客户端：[2, 19, 11, 58, 39, 3, 60, 21, 37, 15, 46, 40, 55, 41, 44, 4, 54, 26, 48, 8]
客户端数：30	时间：0.00498652458190918	客户端：[2, 19, 11, 58, 39, 3, 60, 21, 37, 15, 46, 40, 55, 41, 44, 4, 54, 26, 48, 8, 33, 38, 29, 17, 16, 7, 51, 45, 64, 35]
客户端数：40	时间：0.006999015808105469	客户端：[2, 19, 11, 58, 39, 3, 60, 21, 37, 15, 46, 40, 55, 41, 44, 4, 54, 26, 48, 8, 33, 38, 29, 17, 16, 7, 51, 45, 64, 35, 53, 42, 63, 10, 22, 9, 43, 28, 56, 50]
客户端数：50	时间：0.00897359848022461	客户端：[2, 19, 11, 58, 39, 3, 60, 21, 37, 15, 46, 40, 55, 41, 44, 4, 54, 26, 48, 8, 33, 38, 29, 17, 16, 7, 51, 45, 64, 35, 53, 42, 63, 10, 22, 9, 43, 28, 56, 50, 31, 18, 12, 5, 23, 61, 57, 47, 52, 49]
客户端数：58	时间：0.00897359848022461	客户端：[2, 19, 11, 58, 39, 3, 60, 21, 37, 15, 46, 40, 55, 41, 44, 4, 54, 26, 48, 8, 33, 38, 29, 17, 16, 7, 51, 45, 64, 35, 53, 42, 63, 10, 22, 9, 43, 28, 56, 50, 31, 18, 12, 5, 23, 61, 57, 47, 52, 49, 27, 24, 59, 30, 25, 13, 62, 36]
T3
客户端数：10	时间：1.8694546222686768	客户端：[2, 19, 11, 58, 39, 3, 60, 21, 37, 15]
客户端数：20	时间：3.757871627807617	客户端：[2, 19, 11, 58, 39, 3, 60, 21, 37, 15, 46, 40, 55, 41, 44, 4, 54, 26, 48, 8]
客户端数：30	时间：5.66818380355835	客户端：[2, 19, 11, 58, 39, 3, 60, 21, 37, 15, 46, 40, 55, 41, 44, 4, 54, 26, 48, 8, 33, 38, 29, 17, 16, 7, 51, 45, 64, 35]
客户端数：40	时间：7.6035215854644775	客户端：[2, 19, 11, 58, 39, 3, 60, 21, 37, 15, 46, 40, 55, 41, 44, 4, 54, 26, 48, 8, 33, 38, 29, 17, 16, 7, 51, 45, 64, 35, 53, 42, 63, 10, 22, 9, 43, 28, 56, 50]
客户端数：50	时间：9.557708024978638	客户端：[2, 19, 11, 58, 39, 3, 60, 21, 37, 15, 46, 40, 55, 41, 44, 4, 54, 26, 48, 8, 33, 38, 29, 17, 16, 7, 51, 45, 64, 35, 53, 42, 63, 10, 22, 9, 43, 28, 56, 50, 31, 18, 12, 5, 23, 61, 57, 47, 52, 49]
客户端数：58	时间：11.135826826095581	客户端：[2, 19, 11, 58, 39, 3, 60, 21, 37, 15, 46, 40, 55, 41, 44, 4, 54, 26, 48, 8, 33, 38, 29, 17, 16, 7, 51, 45, 64, 35, 53, 42, 63, 10, 22, 9, 43, 28, 56, 50, 31, 18, 12, 5, 23, 61, 57, 47, 52, 49, 27, 24, 59, 30, 25, 13, 62, 36]
BYTE
客户端数：10	字节数：3200000	客户端：[39, 12, 30, 41, 46, 3, 37, 2, 11, 33]
客户端数：20	字节数：6400000	客户端：[39, 12, 30, 41, 46, 3, 37, 2, 11, 33, 21, 25, 10, 31, 57, 29, 36, 53, 17, 55]
客户端数：30	字节数：9600000	客户端：[39, 12, 30, 41, 46, 3, 37, 2, 11, 33, 21, 25, 10, 31, 57, 29, 36, 53, 17, 55, 50, 54, 19, 38, 45, 58, 28, 24, 64, 4]
客户端数：40	字节数：12800000	客户端：[39, 12, 30, 41, 46, 3, 37, 2, 11, 33, 21, 25, 10, 31, 57, 29, 36, 53, 17, 55, 50, 54, 19, 38, 45, 58, 28, 24, 64, 4, 47, 9, 35, 22, 16, 7, 27, 23, 44, 15]
客户端数：50	字节数：16000000	客户端：[39, 12, 30, 41, 46, 3, 37, 2, 11, 33, 21, 25, 10, 31, 57, 29, 36, 53, 17, 55, 50, 54, 19, 38, 45, 58, 28, 24, 64, 4, 47, 9, 35, 22, 16, 7, 27, 23, 44, 15, 5, 18, 49, 8, 48, 40, 60, 63, 43, 13]
客户端数：58	字节数：18560000	客户端：[39, 12, 30, 41, 46, 3, 37, 2, 11, 33, 21, 25, 10, 31, 57, 29, 36, 53, 17, 55, 50, 54, 19, 38, 45, 58, 28, 24, 64, 4, 47, 9, 35, 22, 16, 7, 27, 23, 44, 15, 5, 18, 49, 8, 48, 40, 60, 63, 43, 13, 42, 51, 61, 62, 56, 52, 26, 59]
PRO_LEN：320000
score：0.9511746031746032
loss rate：0.04882539682539677
finished iteration：2023-01-01 00:00:44.819673

