Number of rounds 1
T1
客户端数：0	时间：0	客户端：[]
T2
客户端数：10	时间：0.0	客户端：[21, 60, 25, 45, 31, 10, 20, 15, 17, 18]
客户端数：20	时间：0.0	客户端：[21, 60, 25, 45, 31, 10, 20, 15, 17, 18, 3, 49, 9, 30, 50, 64, 7, 59, 55, 52]
客户端数：30	时间：0.0	客户端：[21, 60, 25, 45, 31, 10, 20, 15, 17, 18, 3, 49, 9, 30, 50, 64, 7, 59, 55, 52, 43, 8, 54, 14, 44, 16, 23, 22, 46, 37]
客户端数：40	时间：0.0	客户端：[21, 60, 25, 45, 31, 10, 20, 15, 17, 18, 3, 49, 9, 30, 50, 64, 7, 59, 55, 52, 43, 8, 54, 14, 44, 16, 23, 22, 46, 37, 41, 62, 2, 32, 12, 56, 5, 39, 38, 26]
客户端数：50	时间：0.0	客户端：[21, 60, 25, 45, 31, 10, 20, 15, 17, 18, 3, 49, 9, 30, 50, 64, 7, 59, 55, 52, 43, 8, 54, 14, 44, 16, 23, 22, 46, 37, 41, 62, 2, 32, 12, 56, 5, 39, 38, 26, 51, 58, 47, 19, 13, 53, 35, 63, 28, 57]
客户端数：60	时间：0.0	客户端：[21, 60, 25, 45, 31, 10, 20, 15, 17, 18, 3, 49, 9, 30, 50, 64, 7, 59, 55, 52, 43, 8, 54, 14, 44, 16, 23, 22, 46, 37, 41, 62, 2, 32, 12, 56, 5, 39, 38, 26, 51, 58, 47, 19, 13, 53, 35, 63, 28, 57, 48, 27, 11, 24, 4, 33, 1, 42, 40, 34]
客户端数：62	时间：0.0	客户端：[21, 60, 25, 45, 31, 10, 20, 15, 17, 18, 3, 49, 9, 30, 50, 64, 7, 59, 55, 52, 43, 8, 54, 14, 44, 16, 23, 22, 46, 37, 41, 62, 2, 32, 12, 56, 5, 39, 38, 26, 51, 58, 47, 19, 13, 53, 35, 63, 28, 57, 48, 27, 11, 24, 4, 33, 1, 42, 40, 34, 6, 36]
T3
客户端数：10	时间：7.816680908203125	客户端：[21, 60, 25, 45, 31, 10, 20, 15, 17, 18]
客户端数：20	时间：32.43119478225708	客户端：[21, 60, 25, 45, 31, 10, 20, 15, 17, 18, 3, 49, 9, 30, 50, 64, 7, 59, 55, 52]
客户端数：30	时间：74.20781564712524	客户端：[21, 60, 25, 45, 31, 10, 20, 15, 17, 18, 3, 49, 9, 30, 50, 64, 7, 59, 55, 52, 43, 8, 54, 14, 44, 16, 23, 22, 46, 37]
客户端数：40	时间：132.20044207572937	客户端：[21, 60, 25, 45, 31, 10, 20, 15, 17, 18, 3, 49, 9, 30, 50, 64, 7, 59, 55, 52, 43, 8, 54, 14, 44, 16, 23, 22, 46, 37, 41, 62, 2, 32, 12, 56, 5, 39, 38, 26]
客户端数：50	时间：206.11851525306702	客户端：[21, 60, 25, 45, 31, 10, 20, 15, 17, 18, 3, 49, 9, 30, 50, 64, 7, 59, 55, 52, 43, 8, 54, 14, 44, 16, 23, 22, 46, 37, 41, 62, 2, 32, 12, 56, 5, 39, 38, 26, 51, 58, 47, 19, 13, 53, 35, 63, 28, 57]
客户端数：60	时间：297.20293855667114	客户端：[21, 60, 25, 45, 31, 10, 20, 15, 17, 18, 3, 49, 9, 30, 50, 64, 7, 59, 55, 52, 43, 8, 54, 14, 44, 16, 23, 22, 46, 37, 41, 62, 2, 32, 12, 56, 5, 39, 38, 26, 51, 58, 47, 19, 13, 53, 35, 63, 28, 57, 48, 27, 11, 24, 4, 33, 1, 42, 40, 34]
客户端数：62	时间：317.4830949306488	客户端：[21, 60, 25, 45, 31, 10, 20, 15, 17, 18, 3, 49, 9, 30, 50, 64, 7, 59, 55, 52, 43, 8, 54, 14, 44, 16, 23, 22, 46, 37, 41, 62, 2, 32, 12, 56, 5, 39, 38, 26, 51, 58, 47, 19, 13, 53, 35, 63, 28, 57, 48, 27, 11, 24, 4, 33, 1, 42, 40, 34, 6, 36]
BYTE
客户端数：0	字节数：0	客户端：[]
MAE：17757150.0
RMSE：17757150.001376122
finished iteration：2023-01-01 00:00:13.161701

Number of rounds 2
T1
客户端数：0	时间：0	客户端：[]
T2
客户端数：10	时间：0.0009984970092773438	客户端：[27, 60, 25, 31, 52, 15, 10, 64, 42, 9]
客户端数：20	时间：0.0009984970092773438	客户端：[27, 60, 25, 31, 52, 15, 10, 64, 42, 9, 3, 56, 20, 18, 59, 13, 43, 7, 49, 24]
客户端数：30	时间：0.0009984970092773438	客户端：[27, 60, 25, 31, 52, 15, 10, 64, 42, 9, 3, 56, 20, 18, 59, 13, 43, 7, 49, 24, 8, 41, 5, 33, 36, 22, 19, 54, 48, 50]
客户端数：40	时间：0.0009984970092773438	客户端：[27, 60, 25, 31, 52, 15, 10, 64, 42, 9, 3, 56, 20, 18, 59, 13, 43, 7, 49, 24, 8, 41, 5, 33, 36, 22, 19, 54, 48, 50, 28, 26, 57, 2, 17, 53, 35, 11, 21, 6]
客户端数：50	时间：0.0009984970092773438	客户端：[27, 60, 25, 31, 52, 15, 10, 64, 42, 9, 3, 56, 20, 18, 59, 13, 43, 7, 49, 24, 8, 41, 5, 33, 36, 22, 19, 54, 48, 50, 28, 26, 57, 2, 17, 53, 35, 11, 21, 6, 1, 62, 46, 51, 37, 58, 14, 23, 30, 38]
客户端数：59	时间：0.0009984970092773438	客户端：[27, 60, 25, 31, 52, 15, 10, 64, 42, 9, 3, 56, 20, 18, 59, 13, 43, 7, 49, 24, 8, 41, 5, 33, 36, 22, 19, 54, 48, 50, 28, 26, 57, 2, 17, 53, 35, 11, 21, 6, 1, 62, 46, 51, 37, 58, 14, 23, 30, 38, 4, 34, 44, 16, 55, 40, 39, 63, 32]
T3
客户端数：10	时间：7.9006969928741455	客户端：[27, 60, 25, 31, 52, 15, 10, 64, 42, 9]
客户端数：20	时间：31.8060622215271	客户端：[27, 60, 25, 31, 52, 15, 10, 64, 42, 9, 3, 56, 20, 18, 59, 13, 43, 7, 49, 24]
客户端数：30	时间：72.18182516098022	客户端：[27, 60, 25, 31, 52, 15, 10, 64, 42, 9, 3, 56, 20, 18, 59, 13, 43, 7, 49, 24, 8, 41, 5, 33, 36, 22, 19, 54, 48, 50]
客户端数：40	时间：129.18011498451233	客户端：[27, 60, 25, 31, 52, 15, 10, 64, 42, 9, 3, 56, 20, 18, 59, 13, 43, 7, 49, 24, 8, 41, 5, 33, 36, 22, 19, 54, 48, 50, 28, 26, 57, 2, 17, 53, 35, 11, 21, 6]
客户端数：50	时间：202.97299075126648	客户端：[27, 60, 25, 31, 52, 15, 10, 64, 42, 9, 3, 56, 20, 18, 59, 13, 43, 7, 49, 24, 8, 41, 5, 33, 36, 22, 19, 54, 48, 50, 28, 26, 57, 2, 17, 53, 35, 11, 21, 6, 1, 62, 46, 51, 37, 58, 14, 23, 30, 38]
客户端数：59	时间：283.78437185287476	客户端：[27, 60, 25, 31, 52, 15, 10, 64, 42, 9, 3, 56, 20, 18, 59, 13, 43, 7, 49, 24, 8, 41, 5, 33, 36, 22, 19, 54, 48, 50, 28, 26, 57, 2, 17, 53, 35, 11, 21, 6, 1, 62, 46, 51, 37, 58, 14, 23, 30, 38, 4, 34, 44, 16, 55, 40, 39, 63, 32]
BYTE
客户端数：0	字节数：0	客户端：[]
MAE：110680974.0
RMSE：110680974.66508107
finished iteration：2023-01-01 00:00:34.412832

Number of rounds 3
T1
客户端数：0	时间：0	客户端：[]
T2
客户端数：10	时间：0.0	客户端：[21, 25, 31, 52, 10, 56, 14, 9, 30, 3]
客户端数：20	时间：0.0	客户端：[21, 25, 31, 52, 10, 56, 14, 9, 30, 3, 60, 42, 55, 36, 50, 13, 7, 27, 17, 8]
客户端数：30	时间：0.0	客户端：[21, 25, 31, 52, 10, 56, 14, 9, 30, 3, 60, 42, 55, 36, 50, 13, 7, 27, 17, 8, 43, 35, 44, 63, 1, 26, 6, 51, 4, 40]
客户端数：40	时间：0.000997781753540039	客户端：[21, 25, 31, 52, 10, 56, 14, 9, 30, 3, 60, 42, 55, 36, 50, 13, 7, 27, 17, 8, 43, 35, 44, 63, 1, 26, 6, 51, 4, 40, 53, 2, 11, 28, 15, 38, 5, 33, 62, 57]
客户端数：50	时间：0.000997781753540039	客户端：[21, 25, 31, 52, 10, 56, 14, 9, 30, 3, 60, 42, 55, 36, 50, 13, 7, 27, 17, 8, 43, 35, 44, 63, 1, 26, 6, 51, 4, 40, 53, 2, 11, 28, 15, 38, 5, 33, 62, 57, 23, 18, 22, 20, 54, 24, 59, 49, 46, 19]
客户端数：58	时间：0.000997781753540039	客户端：[21, 25, 31, 52, 10, 56, 14, 9, 30, 3, 60, 42, 55, 36, 50, 13, 7, 27, 17, 8, 43, 35, 44, 63, 1, 26, 6, 51, 4, 40, 53, 2, 11, 28, 15, 38, 5, 33, 62, 57, 23, 18, 22, 20, 54, 24, 59, 49, 46, 19, 34, 32, 58, 37, 39, 48, 16, 41]
T3
客户端数：10	时间：7.422658920288086	客户端：[21, 25, 31, 52, 10, 56, 14, 9, 30, 3]
客户端数：20	时间：31.541118144989014	客户端：[21, 25, 31, 52, 10, 56, 14, 9, 30, 3, 60, 42, 55, 36, 50, 13, 7, 27, 17, 8]
客户端数：30	时间：72.10662937164307	客户端：[21, 25, 31, 52, 10, 56, 14, 9, 30, 3, 60, 42, 55, 36, 50, 13, 7, 27, 17, 8, 43, 35, 44, 63, 1, 26, 6, 51, 4, 40]
客户端数：40	时间：129.48371267318726	客户端：[21, 25, 31, 52, 10, 56, 14, 9, 30, 3, 60, 42, 55, 36, 50, 13, 7, 27, 17, 8, 43, 35, 44, 63, 1, 26, 6, 51, 4, 40, 53, 2, 11, 28, 15, 38, 5, 33, 62, 57]
客户端数：50	时间：203.6237771511078	客户端：[21, 25, 31, 52, 10, 56, 14, 9, 30, 3, 60, 42, 55, 36, 50, 13, 7, 27, 17, 8, 43, 35, 44, 63, 1, 26, 6, 51, 4, 40, 53, 2, 11, 28, 15, 38, 5, 33, 62, 57, 23, 18, 22, 20, 54, 24, 59, 49, 46, 19]
客户端数：58	时间：274.75934505462646	客户端：[21, 25, 31, 52, 10, 56, 14, 9, 30, 3, 60, 42, 55, 36, 50, 13, 7, 27, 17, 8, 43, 35, 44, 63, 1, 26, 6, 51, 4, 40, 53, 2, 11, 28, 15, 38, 5, 33, 62, 57, 23, 18, 22, 20, 54, 24, 59, 49, 46, 19, 34, 32, 58, 37, 39, 48, 16, 41]
BYTE
客户端数：0	字节数：0	客户端：[]
MAE：140527278.0
RMSE：140529039.48411652
finished iteration：2023-01-01 00:00:55.987327

Number of rounds 4
T1
客户端数：0	时间：0	客户端：[]
T2
客户端数：10	时间：0.0	客户端：[21, 31, 60, 18, 56, 52, 10, 15, 20, 30]
客户端数：20	时间：0.0009970664978027344	客户端：[21, 31, 60, 18, 56, 52, 10, 15, 20, 30, 14, 59, 42, 55, 50, 3, 37, 7, 17, 43]
客户端数：30	时间：0.001994609832763672	客户端：[21, 31, 60, 18, 56, 52, 10, 15, 20, 30, 14, 59, 42, 55, 50, 3, 37, 7, 17, 43, 35, 8, 54, 38, 39, 63, 2, 19, 1, 34]
客户端数：40	时间：0.001994609832763672	客户端：[21, 31, 60, 18, 56, 52, 10, 15, 20, 30, 14, 59, 42, 55, 50, 3, 37, 7, 17, 43, 35, 8, 54, 38, 39, 63, 2, 19, 1, 34, 26, 51, 41, 33, 58, 28, 4, 5, 23, 24]
客户端数：50	时间：0.001994609832763672	客户端：[21, 31, 60, 18, 56, 52, 10, 15, 20, 30, 14, 59, 42, 55, 50, 3, 37, 7, 17, 43, 35, 8, 54, 38, 39, 63, 2, 19, 1, 34, 26, 51, 41, 33, 58, 28, 4, 5, 23, 24, 27, 40, 6, 22, 36, 11, 9, 13, 25, 49]
客户端数：58	时间：0.001994609832763672	客户端：[21, 31, 60, 18, 56, 52, 10, 15, 20, 30, 14, 59, 42, 55, 50, 3, 37, 7, 17, 43, 35, 8, 54, 38, 39, 63, 2, 19, 1, 34, 26, 51, 41, 33, 58, 28, 4, 5, 23, 24, 27, 40, 6, 22, 36, 11, 9, 13, 25, 49, 16, 48, 62, 44, 46, 32, 53, 57]
T3
客户端数：10	时间：8.271588802337646	客户端：[21, 31, 60, 18, 56, 52, 10, 15, 20, 30]
客户端数：20	时间：34.03623628616333	客户端：[21, 31, 60, 18, 56, 52, 10, 15, 20, 30, 14, 59, 42, 55, 50, 3, 37, 7, 17, 43]
客户端数：30	时间：77.36455488204956	客户端：[21, 31, 60, 18, 56, 52, 10, 15, 20, 30, 14, 59, 42, 55, 50, 3, 37, 7, 17, 43, 35, 8, 54, 38, 39, 63, 2, 19, 1, 34]
客户端数：40	时间：138.79119110107422	客户端：[21, 31, 60, 18, 56, 52, 10, 15, 20, 30, 14, 59, 42, 55, 50, 3, 37, 7, 17, 43, 35, 8, 54, 38, 39, 63, 2, 19, 1, 34, 26, 51, 41, 33, 58, 28, 4, 5, 23, 24]
客户端数：50	时间：217.45982885360718	客户端：[21, 31, 60, 18, 56, 52, 10, 15, 20, 30, 14, 59, 42, 55, 50, 3, 37, 7, 17, 43, 35, 8, 54, 38, 39, 63, 2, 19, 1, 34, 26, 51, 41, 33, 58, 28, 4, 5, 23, 24, 27, 40, 6, 22, 36, 11, 9, 13, 25, 49]
客户端数：58	时间：292.90728878974915	客户端：[21, 31, 60, 18, 56, 52, 10, 15, 20, 30, 14, 59, 42, 55, 50, 3, 37, 7, 17, 43, 35, 8, 54, 38, 39, 63, 2, 19, 1, 34, 26, 51, 41, 33, 58, 28, 4, 5, 23, 24, 27, 40, 6, 22, 36, 11, 9, 13, 25, 49, 16, 48, 62, 44, 46, 32, 53, 57]
BYTE
客户端数：0	字节数：0	客户端：[]
MAE：102612428.03076923
RMSE：103069113.81037264
finished iteration：2023-01-01 00:01:18.006787

Number of rounds 5
T1
客户端数：0	时间：0	客户端：[]
T2
客户端数：10	时间：0.0	客户端：[18, 21, 27, 60, 31, 25, 15, 20, 17, 10]
客户端数：20	时间：0.0	客户端：[18, 21, 27, 60, 31, 25, 15, 20, 17, 10, 3, 14, 37, 59, 36, 49, 39, 43, 9, 50]
客户端数：30	时间：0.0	客户端：[18, 21, 27, 60, 31, 25, 15, 20, 17, 10, 3, 14, 37, 59, 36, 49, 39, 43, 9, 50, 48, 24, 13, 38, 55, 54, 40, 23, 22, 35]
客户端数：40	时间：0.0009982585906982422	客户端：[18, 21, 27, 60, 31, 25, 15, 20, 17, 10, 3, 14, 37, 59, 36, 49, 39, 43, 9, 50, 48, 24, 13, 38, 55, 54, 40, 23, 22, 35, 2, 16, 34, 51, 57, 4, 11, 62, 58, 53]
客户端数：50	时间：0.0009982585906982422	客户端：[18, 21, 27, 60, 31, 25, 15, 20, 17, 10, 3, 14, 37, 59, 36, 49, 39, 43, 9, 50, 48, 24, 13, 38, 55, 54, 40, 23, 22, 35, 2, 16, 34, 51, 57, 4, 11, 62, 58, 53, 63, 30, 32, 46, 5, 28, 6, 7, 1, 56]
客户端数：56	时间：0.0009982585906982422	客户端：[18, 21, 27, 60, 31, 25, 15, 20, 17, 10, 3, 14, 37, 59, 36, 49, 39, 43, 9, 50, 48, 24, 13, 38, 55, 54, 40, 23, 22, 35, 2, 16, 34, 51, 57, 4, 11, 62, 58, 53, 63, 30, 32, 46, 5, 28, 6, 7, 1, 56, 26, 19, 33, 52, 8, 41]
T3
客户端数：10	时间：7.4594950675964355	客户端：[18, 21, 27, 60, 31, 25, 15, 20, 17, 10]
客户端数：20	时间：32.3576238155365	客户端：[18, 21, 27, 60, 31, 25, 15, 20, 17, 10, 3, 14, 37, 59, 36, 49, 39, 43, 9, 50]
客户端数：30	时间：73.96797633171082	客户端：[18, 21, 27, 60, 31, 25, 15, 20, 17, 10, 3, 14, 37, 59, 36, 49, 39, 43, 9, 50, 48, 24, 13, 38, 55, 54, 40, 23, 22, 35]
客户端数：40	时间：132.3231236934662	客户端：[18, 21, 27, 60, 31, 25, 15, 20, 17, 10, 3, 14, 37, 59, 36, 49, 39, 43, 9, 50, 48, 24, 13, 38, 55, 54, 40, 23, 22, 35, 2, 16, 34, 51, 57, 4, 11, 62, 58, 53]
客户端数：50	时间：207.14564561843872	客户端：[18, 21, 27, 60, 31, 25, 15, 20, 17, 10, 3, 14, 37, 59, 36, 49, 39, 43, 9, 50, 48, 24, 13, 38, 55, 54, 40, 23, 22, 35, 2, 16, 34, 51, 57, 4, 11, 62, 58, 53, 63, 30, 32, 46, 5, 28, 6, 7, 1, 56]
客户端数：56	时间：260.2332079410553	客户端：[18, 21, 27, 60, 31, 25, 15, 20, 17, 10, 3, 14, 37, 59, 36, 49, 39, 43, 9, 50, 48, 24, 13, 38, 55, 54, 40, 23, 22, 35, 2, 16, 34, 51, 57, 4, 11, 62, 58, 53, 63, 30, 32, 46, 5, 28, 6, 7, 1, 56, 26, 19, 33, 52, 8, 41]
BYTE
客户端数：0	字节数：0	客户端：[]
MAE：91869042.51282051
RMSE：92652152.20988058
finished iteration：2023-01-01 00:01:39.575483

Number of rounds 6
T1
客户端数：0	时间：0	客户端：[]
T2
客户端数：10	时间：0.000997304916381836	客户端：[27, 60, 21, 18, 15, 31, 20, 30, 56, 3]
客户端数：20	时间：0.000997304916381836	客户端：[27, 60, 21, 18, 15, 31, 20, 30, 56, 3, 14, 25, 36, 37, 43, 7, 59, 48, 23, 38]
客户端数：30	时间：0.002025127410888672	客户端：[27, 60, 21, 18, 15, 31, 20, 30, 56, 3, 14, 25, 36, 37, 43, 7, 59, 48, 23, 38, 35, 24, 46, 19, 1, 53, 57, 32, 4, 26]
客户端数：40	时间：0.003022432327270508	客户端：[27, 60, 21, 18, 15, 31, 20, 30, 56, 3, 14, 25, 36, 37, 43, 7, 59, 48, 23, 38, 35, 24, 46, 19, 1, 53, 57, 32, 4, 26, 34, 58, 33, 22, 28, 62, 41, 5, 51, 40]
客户端数：50	时间：0.003022432327270508	客户端：[27, 60, 21, 18, 15, 31, 20, 30, 56, 3, 14, 25, 36, 37, 43, 7, 59, 48, 23, 38, 35, 24, 46, 19, 1, 53, 57, 32, 4, 26, 34, 58, 33, 22, 28, 62, 41, 5, 51, 40, 17, 8, 9, 63, 13, 16, 11, 50, 55, 49]
客户端数：56	时间：0.003022432327270508	客户端：[27, 60, 21, 18, 15, 31, 20, 30, 56, 3, 14, 25, 36, 37, 43, 7, 59, 48, 23, 38, 35, 24, 46, 19, 1, 53, 57, 32, 4, 26, 34, 58, 33, 22, 28, 62, 41, 5, 51, 40, 17, 8, 9, 63, 13, 16, 11, 50, 55, 49, 2, 52, 10, 44, 54, 6]
T3
客户端数：10	时间：7.7055723667144775	客户端：[27, 60, 21, 18, 15, 31, 20, 30, 56, 3]
客户端数：20	时间：32.49857759475708	客户端：[27, 60, 21, 18, 15, 31, 20, 30, 56, 3, 14, 25, 36, 37, 43, 7, 59, 48, 23, 38]
客户端数：30	时间：73.85084819793701	客户端：[27, 60, 21, 18, 15, 31, 20, 30, 56, 3, 14, 25, 36, 37, 43, 7, 59, 48, 23, 38, 35, 24, 46, 19, 1, 53, 57, 32, 4, 26]
客户端数：40	时间：132.01231575012207	客户端：[27, 60, 21, 18, 15, 31, 20, 30, 56, 3, 14, 25, 36, 37, 43, 7, 59, 48, 23, 38, 35, 24, 46, 19, 1, 53, 57, 32, 4, 26, 34, 58, 33, 22, 28, 62, 41, 5, 51, 40]
客户端数：50	时间：207.16235041618347	客户端：[27, 60, 21, 18, 15, 31, 20, 30, 56, 3, 14, 25, 36, 37, 43, 7, 59, 48, 23, 38, 35, 24, 46, 19, 1, 53, 57, 32, 4, 26, 34, 58, 33, 22, 28, 62, 41, 5, 51, 40, 17, 8, 9, 63, 13, 16, 11, 50, 55, 49]
客户端数：56	时间：278.83636355400085	客户端：[27, 60, 21, 18, 15, 31, 20, 30, 56, 3, 14, 25, 36, 37, 43, 7, 59, 48, 23, 38, 35, 24, 46, 19, 1, 53, 57, 32, 4, 26, 34, 58, 33, 22, 28, 62, 41, 5, 51, 40, 17, 8, 9, 63, 13, 16, 11, 50, 55, 49, 2, 52, 10, 44, 54, 6]
BYTE
客户端数：0	字节数：0	客户端：[]
MAE：104183062.36923076
RMSE：104539705.12057012
finished iteration：2023-01-01 00:02:01.391136

Number of rounds 7
T1
客户端数：0	时间：0	客户端：[]
T2
客户端数：10	时间：0.0	客户端：[39, 21, 18, 27, 60, 15, 30, 56, 20, 14]
客户端数：20	时间：0.0	客户端：[39, 21, 18, 27, 60, 15, 30, 56, 20, 14, 25, 36, 43, 13, 49, 5, 52, 46, 8, 19]
客户端数：30	时间：0.0009975433349609375	客户端：[39, 21, 18, 27, 60, 15, 30, 56, 20, 14, 25, 36, 43, 13, 49, 5, 52, 46, 8, 19, 1, 48, 54, 2, 51, 62, 58, 55, 63, 50]
客户端数：40	时间：0.001995086669921875	客户端：[39, 21, 18, 27, 60, 15, 30, 56, 20, 14, 25, 36, 43, 13, 49, 5, 52, 46, 8, 19, 1, 48, 54, 2, 51, 62, 58, 55, 63, 50, 37, 34, 41, 53, 3, 22, 11, 40, 57, 26]
客户端数：50	时间：0.001995086669921875	客户端：[39, 21, 18, 27, 60, 15, 30, 56, 20, 14, 25, 36, 43, 13, 49, 5, 52, 46, 8, 19, 1, 48, 54, 2, 51, 62, 58, 55, 63, 50, 37, 34, 41, 53, 3, 22, 11, 40, 57, 26, 16, 4, 59, 32, 10, 31, 33, 6, 17, 23]
客户端数：55	时间：0.001995086669921875	客户端：[39, 21, 18, 27, 60, 15, 30, 56, 20, 14, 25, 36, 43, 13, 49, 5, 52, 46, 8, 19, 1, 48, 54, 2, 51, 62, 58, 55, 63, 50, 37, 34, 41, 53, 3, 22, 11, 40, 57, 26, 16, 4, 59, 32, 10, 31, 33, 6, 17, 23, 7, 35, 24, 38, 9]
T3
客户端数：10	时间：15.471786737442017	客户端：[39, 21, 18, 27, 60, 15, 30, 56, 20, 14]
客户端数：20	时间：38.024547815322876	客户端：[39, 21, 18, 27, 60, 15, 30, 56, 20, 14, 25, 36, 43, 13, 49, 5, 52, 46, 8, 19]
客户端数：30	时间：76.89868903160095	客户端：[39, 21, 18, 27, 60, 15, 30, 56, 20, 14, 25, 36, 43, 13, 49, 5, 52, 46, 8, 19, 1, 48, 54, 2, 51, 62, 58, 55, 63, 50]
客户端数：40	时间：132.37044954299927	客户端：[39, 21, 18, 27, 60, 15, 30, 56, 20, 14, 25, 36, 43, 13, 49, 5, 52, 46, 8, 19, 1, 48, 54, 2, 51, 62, 58, 55, 63, 50, 37, 34, 41, 53, 3, 22, 11, 40, 57, 26]
客户端数：50	时间：204.94210386276245	客户端：[39, 21, 18, 27, 60, 15, 30, 56, 20, 14, 25, 36, 43, 13, 49, 5, 52, 46, 8, 19, 1, 48, 54, 2, 51, 62, 58, 55, 63, 50, 37, 34, 41, 53, 3, 22, 11, 40, 57, 26, 16, 4, 59, 32, 10, 31, 33, 6, 17, 23]
客户端数：55	时间：247.5171127319336	客户端：[39, 21, 18, 27, 60, 15, 30, 56, 20, 14, 25, 36, 43, 13, 49, 5, 52, 46, 8, 19, 1, 48, 54, 2, 51, 62, 58, 55, 63, 50, 37, 34, 41, 53, 3, 22, 11, 40, 57, 26, 16, 4, 59, 32, 10, 31, 33, 6, 17, 23, 7, 35, 24, 38, 9]
BYTE
客户端数：0	字节数：0	客户端：[]
MAE：107457415.72307692
RMSE：107606949.09201737
finished iteration：2023-01-01 00:02:23.058362

Number of rounds 8
T1
客户端数：0	时间：0	客户端：[]
T2
客户端数：10	时间：0.0	客户端：[28, 25, 10, 56, 17, 49, 36, 30, 21, 14]
客户端数：20	时间：0.0	客户端：[28, 25, 10, 56, 17, 49, 36, 30, 21, 14, 50, 37, 7, 20, 27, 52, 59, 8, 41, 5]
客户端数：30	时间：0.0	客户端：[28, 25, 10, 56, 17, 49, 36, 30, 21, 14, 50, 37, 7, 20, 27, 52, 59, 8, 41, 5, 23, 55, 48, 1, 2, 35, 62, 32, 26, 51]
客户端数：40	时间：0.0	客户端：[28, 25, 10, 56, 17, 49, 36, 30, 21, 14, 50, 37, 7, 20, 27, 52, 59, 8, 41, 5, 23, 55, 48, 1, 2, 35, 62, 32, 26, 51, 58, 4, 3, 63, 19, 9, 16, 34, 38, 18]
客户端数：50	时间：0.0	客户端：[28, 25, 10, 56, 17, 49, 36, 30, 21, 14, 50, 37, 7, 20, 27, 52, 59, 8, 41, 5, 23, 55, 48, 1, 2, 35, 62, 32, 26, 51, 58, 4, 3, 63, 19, 9, 16, 34, 38, 18, 6, 13, 53, 60, 40, 43, 31, 46, 33, 57]
客户端数：54	时间：0.0	客户端：[28, 25, 10, 56, 17, 49, 36, 30, 21, 14, 50, 37, 7, 20, 27, 52, 59, 8, 41, 5, 23, 55, 48, 1, 2, 35, 62, 32, 26, 51, 58, 4, 3, 63, 19, 9, 16, 34, 38, 18, 6, 13, 53, 60, 40, 43, 31, 46, 33, 57, 15, 54, 11, 22]
T3
客户端数：10	时间：17.74607229232788	客户端：[28, 25, 10, 56, 17, 49, 36, 30, 21, 14]
客户端数：20	时间：40.2866005897522	客户端：[28, 25, 10, 56, 17, 49, 36, 30, 21, 14, 50, 37, 7, 20, 27, 52, 59, 8, 41, 5]
客户端数：30	时间：79.2071373462677	客户端：[28, 25, 10, 56, 17, 49, 36, 30, 21, 14, 50, 37, 7, 20, 27, 52, 59, 8, 41, 5, 23, 55, 48, 1, 2, 35, 62, 32, 26, 51]
客户端数：40	时间：134.56861114501953	客户端：[28, 25, 10, 56, 17, 49, 36, 30, 21, 14, 50, 37, 7, 20, 27, 52, 59, 8, 41, 5, 23, 55, 48, 1, 2, 35, 62, 32, 26, 51, 58, 4, 3, 63, 19, 9, 16, 34, 38, 18]
客户端数：50	时间：206.45469856262207	客户端：[28, 25, 10, 56, 17, 49, 36, 30, 21, 14, 50, 37, 7, 20, 27, 52, 59, 8, 41, 5, 23, 55, 48, 1, 2, 35, 62, 32, 26, 51, 58, 4, 3, 63, 19, 9, 16, 34, 38, 18, 6, 13, 53, 60, 40, 43, 31, 46, 33, 57]
客户端数：54	时间：240.04077005386353	客户端：[28, 25, 10, 56, 17, 49, 36, 30, 21, 14, 50, 37, 7, 20, 27, 52, 59, 8, 41, 5, 23, 55, 48, 1, 2, 35, 62, 32, 26, 51, 58, 4, 3, 63, 19, 9, 16, 34, 38, 18, 6, 13, 53, 60, 40, 43, 31, 46, 33, 57, 15, 54, 11, 22]
BYTE
客户端数：0	字节数：0	客户端：[]
MAE：93354766.82051282
RMSE：93485568.47117254
finished iteration：2023-01-01 00:02:44.668181

Number of rounds 9
T1
客户端数：0	时间：0	客户端：[]
T2
客户端数：10	时间：0.0	客户端：[60, 25, 52, 17, 20, 9, 3, 55, 37, 14]
客户端数：20	时间：0.0	客户端：[60, 25, 52, 17, 20, 9, 3, 55, 37, 14, 50, 36, 7, 48, 13, 49, 10, 22, 59, 1]
客户端数：30	时间：0.0	客户端：[60, 25, 52, 17, 20, 9, 3, 55, 37, 14, 50, 36, 7, 48, 13, 49, 10, 22, 59, 1, 2, 54, 63, 57, 18, 15, 53, 31, 30, 58]
客户端数：40	时间：0.0	客户端：[60, 25, 52, 17, 20, 9, 3, 55, 37, 14, 50, 36, 7, 48, 13, 49, 10, 22, 59, 1, 2, 54, 63, 57, 18, 15, 53, 31, 30, 58, 4, 40, 51, 33, 26, 62, 21, 43, 27, 38]
客户端数：50	时间：0.0	客户端：[60, 25, 52, 17, 20, 9, 3, 55, 37, 14, 50, 36, 7, 48, 13, 49, 10, 22, 59, 1, 2, 54, 63, 57, 18, 15, 53, 31, 30, 58, 4, 40, 51, 33, 26, 62, 21, 43, 27, 38, 23, 11, 8, 5, 32, 56, 34, 46, 35, 6]
客户端数：52	时间：0.0	客户端：[60, 25, 52, 17, 20, 9, 3, 55, 37, 14, 50, 36, 7, 48, 13, 49, 10, 22, 59, 1, 2, 54, 63, 57, 18, 15, 53, 31, 30, 58, 4, 40, 51, 33, 26, 62, 21, 43, 27, 38, 23, 11, 8, 5, 32, 56, 34, 46, 35, 6, 16, 19]
T3
客户端数：10	时间：7.402310132980347	客户端：[60, 25, 52, 17, 20, 9, 3, 55, 37, 14]
客户端数：20	时间：31.335100889205933	客户端：[60, 25, 52, 17, 20, 9, 3, 55, 37, 14, 50, 36, 7, 48, 13, 49, 10, 22, 59, 1]
客户端数：30	时间：72.41848492622375	客户端：[60, 25, 52, 17, 20, 9, 3, 55, 37, 14, 50, 36, 7, 48, 13, 49, 10, 22, 59, 1, 2, 54, 63, 57, 18, 15, 53, 31, 30, 58]
客户端数：40	时间：130.74988985061646	客户端：[60, 25, 52, 17, 20, 9, 3, 55, 37, 14, 50, 36, 7, 48, 13, 49, 10, 22, 59, 1, 2, 54, 63, 57, 18, 15, 53, 31, 30, 58, 4, 40, 51, 33, 26, 62, 21, 43, 27, 38]
客户端数：50	时间：205.40008401870728	客户端：[60, 25, 52, 17, 20, 9, 3, 55, 37, 14, 50, 36, 7, 48, 13, 49, 10, 22, 59, 1, 2, 54, 63, 57, 18, 15, 53, 31, 30, 58, 4, 40, 51, 33, 26, 62, 21, 43, 27, 38, 23, 11, 8, 5, 32, 56, 34, 46, 35, 6]
客户端数：52	时间：222.25158548355103	客户端：[60, 25, 52, 17, 20, 9, 3, 55, 37, 14, 50, 36, 7, 48, 13, 49, 10, 22, 59, 1, 2, 54, 63, 57, 18, 15, 53, 31, 30, 58, 4, 40, 51, 33, 26, 62, 21, 43, 27, 38, 23, 11, 8, 5, 32, 56, 34, 46, 35, 6, 16, 19]
BYTE
客户端数：0	字节数：0	客户端：[]
MAE：100614362.3076923
RMSE：100654214.98474707
finished iteration：2023-01-01 00:03:06.171705

Number of rounds 10
T1
客户端数：0	时间：0	客户端：[]
T2
客户端数：10	时间：0.0	客户端：[41, 27, 18, 60, 25, 56, 15, 20, 37, 59]
客户端数：20	时间：0.000997304916381836	客户端：[41, 27, 18, 60, 25, 56, 15, 20, 37, 59, 50, 9, 30, 36, 3, 10, 48, 8, 38, 43]
客户端数：30	时间：0.000997304916381836	客户端：[41, 27, 18, 60, 25, 56, 15, 20, 37, 59, 50, 9, 30, 36, 3, 10, 48, 8, 38, 43, 54, 23, 49, 35, 33, 53, 46, 19, 34, 6]
客户端数：40	时间：0.001994609832763672	客户端：[41, 27, 18, 60, 25, 56, 15, 20, 37, 59, 50, 9, 30, 36, 3, 10, 48, 8, 38, 43, 54, 23, 49, 35, 33, 53, 46, 19, 34, 6, 22, 11, 63, 16, 51, 7, 4, 31, 58, 40]
客户端数：50	时间：0.0029914379119873047	客户端：[41, 27, 18, 60, 25, 56, 15, 20, 37, 59, 50, 9, 30, 36, 3, 10, 48, 8, 38, 43, 54, 23, 49, 35, 33, 53, 46, 19, 34, 6, 22, 11, 63, 16, 51, 7, 4, 31, 58, 40, 13, 1, 55, 52, 5, 17, 57, 21, 32, 14]
客户端数：53	时间：0.0029914379119873047	客户端：[41, 27, 18, 60, 25, 56, 15, 20, 37, 59, 50, 9, 30, 36, 3, 10, 48, 8, 38, 43, 54, 23, 49, 35, 33, 53, 46, 19, 34, 6, 22, 11, 63, 16, 51, 7, 4, 31, 58, 40, 13, 1, 55, 52, 5, 17, 57, 21, 32, 14, 62, 2, 26]
T3
客户端数：10	时间：12.628840208053589	客户端：[41, 27, 18, 60, 25, 56, 15, 20, 37, 59]
客户端数：20	时间：12.82629942893982	客户端：[41, 27, 18, 60, 25, 56, 15, 20, 37, 59, 50, 9, 30, 36, 3, 10, 48, 8, 38, 43]
客户端数：30	时间：13.044702053070068	客户端：[41, 27, 18, 60, 25, 56, 15, 20, 37, 59, 50, 9, 30, 36, 3, 10, 48, 8, 38, 43, 54, 23, 49, 35, 33, 53, 46, 19, 34, 6]
客户端数：40	时间：13.287039995193481	客户端：[41, 27, 18, 60, 25, 56, 15, 20, 37, 59, 50, 9, 30, 36, 3, 10, 48, 8, 38, 43, 54, 23, 49, 35, 33, 53, 46, 19, 34, 6, 22, 11, 63, 16, 51, 7, 4, 31, 58, 40]
客户端数：50	时间：13.562291145324707	客户端：[41, 27, 18, 60, 25, 56, 15, 20, 37, 59, 50, 9, 30, 36, 3, 10, 48, 8, 38, 43, 54, 23, 49, 35, 33, 53, 46, 19, 34, 6, 22, 11, 63, 16, 51, 7, 4, 31, 58, 40, 13, 1, 55, 52, 5, 17, 57, 21, 32, 14]
客户端数：53	时间：13.649053812026978	客户端：[41, 27, 18, 60, 25, 56, 15, 20, 37, 59, 50, 9, 30, 36, 3, 10, 48, 8, 38, 43, 54, 23, 49, 35, 33, 53, 46, 19, 34, 6, 22, 11, 63, 16, 51, 7, 4, 31, 58, 40, 13, 1, 55, 52, 5, 17, 57, 21, 32, 14, 62, 2, 26]
BYTE
客户端数：0	字节数：0	客户端：[]
MAE：90549415.8051282
RMSE：90573761.3156865
finished iteration：2023-01-01 00:03:27.899075

