Number of rounds 1
T1
客户端数：10	时间：0.004986763000488281	客户端：[8, 28, 26, 32, 56, 38, 34, 7, 55, 63]
客户端数：20	时间：0.00698089599609375	客户端：[8, 28, 26, 32, 56, 38, 34, 7, 55, 63, 64, 53, 54, 31, 4, 35, 11, 6, 45, 41]
客户端数：30	时间：0.009966611862182617	客户端：[8, 28, 26, 32, 56, 38, 34, 7, 55, 63, 64, 53, 54, 31, 4, 35, 11, 6, 45, 41, 51, 46, 14, 36, 43, 17, 3, 16, 30, 52]
客户端数：40	时间：0.012958049774169922	客户端：[8, 28, 26, 32, 56, 38, 34, 7, 55, 63, 64, 53, 54, 31, 4, 35, 11, 6, 45, 41, 51, 46, 14, 36, 43, 17, 3, 16, 30, 52, 20, 57, 33, 27, 44, 13, 12, 61, 22, 23]
客户端数：50	时间：0.016954421997070312	客户端：[8, 28, 26, 32, 56, 38, 34, 7, 55, 63, 64, 53, 54, 31, 4, 35, 11, 6, 45, 41, 51, 46, 14, 36, 43, 17, 3, 16, 30, 52, 20, 57, 33, 27, 44, 13, 12, 61, 22, 23, 25, 50, 62, 19, 9, 40, 49, 1, 18, 15]
客户端数：59	时间：0.019947290420532227	客户端：[8, 28, 26, 32, 56, 38, 34, 7, 55, 63, 64, 53, 54, 31, 4, 35, 11, 6, 45, 41, 51, 46, 14, 36, 43, 17, 3, 16, 30, 52, 20, 57, 33, 27, 44, 13, 12, 61, 22, 23, 25, 50, 62, 19, 9, 40, 49, 1, 18, 15, 2, 39, 47, 10, 42, 58, 29, 24, 60]
T2
客户端数：10	时间：0.0019943714141845703	客户端：[27, 6, 2, 41, 26, 45, 61, 3, 23, 50]
客户端数：20	时间：0.007979869842529297	客户端：[27, 6, 2, 41, 26, 45, 61, 3, 23, 50, 24, 62, 7, 9, 53, 46, 13, 36, 32, 20]
客户端数：30	时间：0.011971473693847656	客户端：[27, 6, 2, 41, 26, 45, 61, 3, 23, 50, 24, 62, 7, 9, 53, 46, 13, 36, 32, 20, 8, 51, 11, 14, 12, 17, 58, 55, 10, 15]
客户端数：40	时间：0.014964580535888672	客户端：[27, 6, 2, 41, 26, 45, 61, 3, 23, 50, 24, 62, 7, 9, 53, 46, 13, 36, 32, 20, 8, 51, 11, 14, 12, 17, 58, 55, 10, 15, 39, 63, 38, 42, 31, 64, 52, 35, 49, 43]
客户端数：50	时间：0.02190876007080078	客户端：[27, 6, 2, 41, 26, 45, 61, 3, 23, 50, 24, 62, 7, 9, 53, 46, 13, 36, 32, 20, 8, 51, 11, 14, 12, 17, 58, 55, 10, 15, 39, 63, 38, 42, 31, 64, 52, 35, 49, 43, 33, 40, 19, 25, 22, 57, 56, 54, 60, 47]
客户端数：58	时间：0.02587270736694336	客户端：[27, 6, 2, 41, 26, 45, 61, 3, 23, 50, 24, 62, 7, 9, 53, 46, 13, 36, 32, 20, 8, 51, 11, 14, 12, 17, 58, 55, 10, 15, 39, 63, 38, 42, 31, 64, 52, 35, 49, 43, 33, 40, 19, 25, 22, 57, 56, 54, 60, 47, 1, 4, 28, 30, 34, 16, 18, 44]
T3
客户端数：10	时间：13.827614307403564	客户端：[27, 6, 2, 41, 26, 45, 61, 3, 23, 50]
客户端数：20	时间：54.616496324539185	客户端：[27, 6, 2, 41, 26, 45, 61, 3, 23, 50, 24, 62, 7, 9, 53, 46, 13, 36, 32, 20]
客户端数：30	时间：123.05952525138855	客户端：[27, 6, 2, 41, 26, 45, 61, 3, 23, 50, 24, 62, 7, 9, 53, 46, 13, 36, 32, 20, 8, 51, 11, 14, 12, 17, 58, 55, 10, 15]
客户端数：40	时间：218.87344360351562	客户端：[27, 6, 2, 41, 26, 45, 61, 3, 23, 50, 24, 62, 7, 9, 53, 46, 13, 36, 32, 20, 8, 51, 11, 14, 12, 17, 58, 55, 10, 15, 39, 63, 38, 42, 31, 64, 52, 35, 49, 43]
客户端数：50	时间：341.7807958126068	客户端：[27, 6, 2, 41, 26, 45, 61, 3, 23, 50, 24, 62, 7, 9, 53, 46, 13, 36, 32, 20, 8, 51, 11, 14, 12, 17, 58, 55, 10, 15, 39, 63, 38, 42, 31, 64, 52, 35, 49, 43, 33, 40, 19, 25, 22, 57, 56, 54, 60, 47]
客户端数：58	时间：460.27736043930054	客户端：[27, 6, 2, 41, 26, 45, 61, 3, 23, 50, 24, 62, 7, 9, 53, 46, 13, 36, 32, 20, 8, 51, 11, 14, 12, 17, 58, 55, 10, 15, 39, 63, 38, 42, 31, 64, 52, 35, 49, 43, 33, 40, 19, 25, 22, 57, 56, 54, 60, 47, 1, 4, 28, 30, 34, 16, 18, 44]
BYTE
客户端数：10	字节数：3200000	客户端：[8, 28, 26, 32, 56, 38, 34, 7, 55, 63]
客户端数：20	字节数：6400000	客户端：[8, 28, 26, 32, 56, 38, 34, 7, 55, 63, 64, 53, 54, 31, 4, 35, 11, 6, 45, 41]
客户端数：30	字节数：9600000	客户端：[8, 28, 26, 32, 56, 38, 34, 7, 55, 63, 64, 53, 54, 31, 4, 35, 11, 6, 45, 41, 51, 46, 14, 36, 43, 17, 3, 16, 30, 52]
客户端数：40	字节数：12800000	客户端：[8, 28, 26, 32, 56, 38, 34, 7, 55, 63, 64, 53, 54, 31, 4, 35, 11, 6, 45, 41, 51, 46, 14, 36, 43, 17, 3, 16, 30, 52, 20, 57, 33, 27, 44, 13, 12, 61, 22, 23]
客户端数：50	字节数：16000000	客户端：[8, 28, 26, 32, 56, 38, 34, 7, 55, 63, 64, 53, 54, 31, 4, 35, 11, 6, 45, 41, 51, 46, 14, 36, 43, 17, 3, 16, 30, 52, 20, 57, 33, 27, 44, 13, 12, 61, 22, 23, 25, 50, 62, 19, 9, 40, 49, 1, 18, 15]
客户端数：59	字节数：18880000	客户端：[8, 28, 26, 32, 56, 38, 34, 7, 55, 63, 64, 53, 54, 31, 4, 35, 11, 6, 45, 41, 51, 46, 14, 36, 43, 17, 3, 16, 30, 52, 20, 57, 33, 27, 44, 13, 12, 61, 22, 23, 25, 50, 62, 19, 9, 40, 49, 1, 18, 15, 2, 39, 47, 10, 42, 58, 29, 24, 60]
PRO_LEN：320000
score：0.5876190476190476
loss rate：0.4123809523809524
finished iteration：2023-01-01 00:00:14.140766

Number of rounds 2
T1
客户端数：10	时间：0.001996278762817383	客户端：[50, 6, 62, 53, 2, 8, 26, 9, 36, 41]
客户端数：20	时间：0.0049877166748046875	客户端：[50, 6, 62, 53, 2, 8, 26, 9, 36, 41, 32, 15, 55, 51, 3, 14, 63, 23, 38, 17]
客户端数：30	时间：0.00797724723815918	客户端：[50, 6, 62, 53, 2, 8, 26, 9, 36, 41, 32, 15, 55, 51, 3, 14, 63, 23, 38, 17, 61, 31, 49, 24, 64, 35, 13, 10, 7, 12]
客户端数：40	时间：0.009972333908081055	客户端：[50, 6, 62, 53, 2, 8, 26, 9, 36, 41, 32, 15, 55, 51, 3, 14, 63, 23, 38, 17, 61, 31, 49, 24, 64, 35, 13, 10, 7, 12, 39, 56, 43, 54, 42, 52, 22, 11, 47, 46]
客户端数：50	时间：0.011967658996582031	客户端：[50, 6, 62, 53, 2, 8, 26, 9, 36, 41, 32, 15, 55, 51, 3, 14, 63, 23, 38, 17, 61, 31, 49, 24, 64, 35, 13, 10, 7, 12, 39, 56, 43, 54, 42, 52, 22, 11, 47, 46, 40, 60, 1, 4, 28, 58, 19, 30, 25, 33]
客户端数：57	时间：0.013961553573608398	客户端：[50, 6, 62, 53, 2, 8, 26, 9, 36, 41, 32, 15, 55, 51, 3, 14, 63, 23, 38, 17, 61, 31, 49, 24, 64, 35, 13, 10, 7, 12, 39, 56, 43, 54, 42, 52, 22, 11, 47, 46, 40, 60, 1, 4, 28, 58, 19, 30, 25, 33, 45, 20, 34, 27, 16, 18, 44]
T2
客户端数：10	时间：0.001995086669921875	客户端：[29, 7, 6, 13, 27, 24, 26, 9, 41, 28]
客户端数：20	时间：0.003989458084106445	客户端：[29, 7, 6, 13, 27, 24, 26, 9, 41, 28, 8, 32, 61, 3, 45, 23, 50, 36, 62, 51]
客户端数：30	时间：0.005983591079711914	客户端：[29, 7, 6, 13, 27, 24, 26, 9, 41, 28, 8, 32, 61, 3, 45, 23, 50, 36, 62, 51, 47, 17, 58, 55, 38, 10, 43, 35, 18, 19]
客户端数：40	时间：0.00797891616821289	客户端：[29, 7, 6, 13, 27, 24, 26, 9, 41, 28, 8, 32, 61, 3, 45, 23, 50, 36, 62, 51, 47, 17, 58, 55, 38, 10, 43, 35, 18, 19, 4, 42, 63, 11, 52, 15, 1, 20, 30, 49]
客户端数：50	时间：0.010970830917358398	客户端：[29, 7, 6, 13, 27, 24, 26, 9, 41, 28, 8, 32, 61, 3, 45, 23, 50, 36, 62, 51, 47, 17, 58, 55, 38, 10, 43, 35, 18, 19, 4, 42, 63, 11, 52, 15, 1, 20, 30, 49, 33, 22, 34, 16, 64, 56, 60, 54, 14, 46]
客户端数：58	时间：0.010970830917358398	客户端：[29, 7, 6, 13, 27, 24, 26, 9, 41, 28, 8, 32, 61, 3, 45, 23, 50, 36, 62, 51, 47, 17, 58, 55, 38, 10, 43, 35, 18, 19, 4, 42, 63, 11, 52, 15, 1, 20, 30, 49, 33, 22, 34, 16, 64, 56, 60, 54, 14, 46, 39, 2, 40, 12, 44, 53, 25, 31]
T3
客户端数：10	时间：17.5313401222229	客户端：[29, 7, 6, 13, 27, 24, 26, 9, 41, 28]
客户端数：20	时间：19.001396656036377	客户端：[29, 7, 6, 13, 27, 24, 26, 9, 41, 28, 8, 32, 61, 3, 45, 23, 50, 36, 62, 51]
客户端数：30	时间：20.491394996643066	客户端：[29, 7, 6, 13, 27, 24, 26, 9, 41, 28, 8, 32, 61, 3, 45, 23, 50, 36, 62, 51, 47, 17, 58, 55, 38, 10, 43, 35, 18, 19]
客户端数：40	时间：22.00233817100525	客户端：[29, 7, 6, 13, 27, 24, 26, 9, 41, 28, 8, 32, 61, 3, 45, 23, 50, 36, 62, 51, 47, 17, 58, 55, 38, 10, 43, 35, 18, 19, 4, 42, 63, 11, 52, 15, 1, 20, 30, 49]
客户端数：50	时间：23.53533697128296	客户端：[29, 7, 6, 13, 27, 24, 26, 9, 41, 28, 8, 32, 61, 3, 45, 23, 50, 36, 62, 51, 47, 17, 58, 55, 38, 10, 43, 35, 18, 19, 4, 42, 63, 11, 52, 15, 1, 20, 30, 49, 33, 22, 34, 16, 64, 56, 60, 54, 14, 46]
客户端数：58	时间：24.776010990142822	客户端：[29, 7, 6, 13, 27, 24, 26, 9, 41, 28, 8, 32, 61, 3, 45, 23, 50, 36, 62, 51, 47, 17, 58, 55, 38, 10, 43, 35, 18, 19, 4, 42, 63, 11, 52, 15, 1, 20, 30, 49, 33, 22, 34, 16, 64, 56, 60, 54, 14, 46, 39, 2, 40, 12, 44, 53, 25, 31]
BYTE
客户端数：10	字节数：3200000	客户端：[50, 6, 62, 53, 2, 8, 26, 9, 36, 41]
客户端数：20	字节数：6400000	客户端：[50, 6, 62, 53, 2, 8, 26, 9, 36, 41, 32, 15, 55, 51, 3, 14, 63, 23, 38, 17]
客户端数：30	字节数：9600000	客户端：[50, 6, 62, 53, 2, 8, 26, 9, 36, 41, 32, 15, 55, 51, 3, 14, 63, 23, 38, 17, 61, 31, 49, 24, 64, 35, 13, 10, 7, 12]
客户端数：40	字节数：12800000	客户端：[50, 6, 62, 53, 2, 8, 26, 9, 36, 41, 32, 15, 55, 51, 3, 14, 63, 23, 38, 17, 61, 31, 49, 24, 64, 35, 13, 10, 7, 12, 39, 56, 43, 54, 42, 52, 22, 11, 47, 46]
客户端数：50	字节数：16000000	客户端：[50, 6, 62, 53, 2, 8, 26, 9, 36, 41, 32, 15, 55, 51, 3, 14, 63, 23, 38, 17, 61, 31, 49, 24, 64, 35, 13, 10, 7, 12, 39, 56, 43, 54, 42, 52, 22, 11, 47, 46, 40, 60, 1, 4, 28, 58, 19, 30, 25, 33]
客户端数：57	字节数：18240000	客户端：[50, 6, 62, 53, 2, 8, 26, 9, 36, 41, 32, 15, 55, 51, 3, 14, 63, 23, 38, 17, 61, 31, 49, 24, 64, 35, 13, 10, 7, 12, 39, 56, 43, 54, 42, 52, 22, 11, 47, 46, 40, 60, 1, 4, 28, 58, 19, 30, 25, 33, 45, 20, 34, 27, 16, 18, 44]
PRO_LEN：320000
score：0.9474920634920635
loss rate：0.0525079365079365
finished iteration：2023-01-01 00:00:32.007666

