Number of rounds 1
T1
客户端数：0	时间：0	客户端：[]
T2
客户端数：10	时间：0.001997709274291992	客户端：[39, 13, 33, 59, 28, 36, 63, 53, 18, 47]
客户端数：20	时间：0.001997709274291992	客户端：[39, 13, 33, 59, 28, 36, 63, 53, 18, 47, 49, 31, 55, 61, 57, 25, 9, 3, 35, 26]
客户端数：30	时间：0.002995729446411133	客户端：[39, 13, 33, 59, 28, 36, 63, 53, 18, 47, 49, 31, 55, 61, 57, 25, 9, 3, 35, 26, 50, 40, 19, 22, 27, 64, 34, 58, 42, 20]
客户端数：40	时间：0.0049169063568115234	客户端：[39, 13, 33, 59, 28, 36, 63, 53, 18, 47, 49, 31, 55, 61, 57, 25, 9, 3, 35, 26, 50, 40, 19, 22, 27, 64, 34, 58, 42, 20, 62, 24, 17, 56, 46, 60, 54, 45, 11, 14]
客户端数：50	时间：0.005914211273193359	客户端：[39, 13, 33, 59, 28, 36, 63, 53, 18, 47, 49, 31, 55, 61, 57, 25, 9, 3, 35, 26, 50, 40, 19, 22, 27, 64, 34, 58, 42, 20, 62, 24, 17, 56, 46, 60, 54, 45, 11, 14, 2, 30, 41, 16, 48, 51, 1, 4, 52, 37]
客户端数：59	时间：0.0069122314453125	客户端：[39, 13, 33, 59, 28, 36, 63, 53, 18, 47, 49, 31, 55, 61, 57, 25, 9, 3, 35, 26, 50, 40, 19, 22, 27, 64, 34, 58, 42, 20, 62, 24, 17, 56, 46, 60, 54, 45, 11, 14, 2, 30, 41, 16, 48, 51, 1, 4, 52, 37, 32, 10, 12, 21, 38, 6, 44, 8, 23]
T3
客户端数：10	时间：10.112371921539307	客户端：[39, 13, 33, 59, 28, 36, 63, 53, 18, 47]
客户端数：20	时间：41.310550689697266	客户端：[39, 13, 33, 59, 28, 36, 63, 53, 18, 47, 49, 31, 55, 61, 57, 25, 9, 3, 35, 26]
客户端数：30	时间：93.91180086135864	客户端：[39, 13, 33, 59, 28, 36, 63, 53, 18, 47, 49, 31, 55, 61, 57, 25, 9, 3, 35, 26, 50, 40, 19, 22, 27, 64, 34, 58, 42, 20]
客户端数：40	时间：167.70208024978638	客户端：[39, 13, 33, 59, 28, 36, 63, 53, 18, 47, 49, 31, 55, 61, 57, 25, 9, 3, 35, 26, 50, 40, 19, 22, 27, 64, 34, 58, 42, 20, 62, 24, 17, 56, 46, 60, 54, 45, 11, 14]
客户端数：50	时间：263.8511242866516	客户端：[39, 13, 33, 59, 28, 36, 63, 53, 18, 47, 49, 31, 55, 61, 57, 25, 9, 3, 35, 26, 50, 40, 19, 22, 27, 64, 34, 58, 42, 20, 62, 24, 17, 56, 46, 60, 54, 45, 11, 14, 2, 30, 41, 16, 48, 51, 1, 4, 52, 37]
客户端数：59	时间：368.9244894981384	客户端：[39, 13, 33, 59, 28, 36, 63, 53, 18, 47, 49, 31, 55, 61, 57, 25, 9, 3, 35, 26, 50, 40, 19, 22, 27, 64, 34, 58, 42, 20, 62, 24, 17, 56, 46, 60, 54, 45, 11, 14, 2, 30, 41, 16, 48, 51, 1, 4, 52, 37, 32, 10, 12, 21, 38, 6, 44, 8, 23]
BYTE
客户端数：0	字节数：0	客户端：[]
MAE：33255409.333333332
RMSE：33255409.33529726
finished iteration：2023-01-01 00:00:14.180916

Number of rounds 2
T1
客户端数：0	时间：0	客户端：[]
T2
客户端数：10	时间：0.0009980201721191406	客户端：[33, 39, 13, 28, 18, 36, 44, 59, 55, 57]
客户端数：20	时间：0.002993345260620117	客户端：[33, 39, 13, 28, 18, 36, 44, 59, 55, 57, 31, 26, 50, 52, 61, 49, 37, 38, 63, 27]
客户端数：30	时间：0.003991127014160156	客户端：[33, 39, 13, 28, 18, 36, 44, 59, 55, 57, 31, 26, 50, 52, 61, 49, 37, 38, 63, 27, 20, 19, 9, 6, 3, 22, 25, 1, 51, 48]
客户端数：40	时间：0.005986452102661133	客户端：[33, 39, 13, 28, 18, 36, 44, 59, 55, 57, 31, 26, 50, 52, 61, 49, 37, 38, 63, 27, 20, 19, 9, 6, 3, 22, 25, 1, 51, 48, 45, 2, 40, 24, 47, 62, 60, 12, 58, 14]
客户端数：50	时间：0.0069849491119384766	客户端：[33, 39, 13, 28, 18, 36, 44, 59, 55, 57, 31, 26, 50, 52, 61, 49, 37, 38, 63, 27, 20, 19, 9, 6, 3, 22, 25, 1, 51, 48, 45, 2, 40, 24, 47, 62, 60, 12, 58, 14, 41, 21, 54, 17, 11, 8, 10, 32, 64, 42]
客户端数：58	时间：0.00798177719116211	客户端：[33, 39, 13, 28, 18, 36, 44, 59, 55, 57, 31, 26, 50, 52, 61, 49, 37, 38, 63, 27, 20, 19, 9, 6, 3, 22, 25, 1, 51, 48, 45, 2, 40, 24, 47, 62, 60, 12, 58, 14, 41, 21, 54, 17, 11, 8, 10, 32, 64, 42, 35, 4, 16, 30, 53, 34, 56, 46]
T3
客户端数：10	时间：10.877902269363403	客户端：[33, 39, 13, 28, 18, 36, 44, 59, 55, 57]
客户端数：20	时间：44.14290165901184	客户端：[33, 39, 13, 28, 18, 36, 44, 59, 55, 57, 31, 26, 50, 52, 61, 49, 37, 38, 63, 27]
客户端数：30	时间：99.18365383148193	客户端：[33, 39, 13, 28, 18, 36, 44, 59, 55, 57, 31, 26, 50, 52, 61, 49, 37, 38, 63, 27, 20, 19, 9, 6, 3, 22, 25, 1, 51, 48]
客户端数：40	时间：175.80457377433777	客户端：[33, 39, 13, 28, 18, 36, 44, 59, 55, 57, 31, 26, 50, 52, 61, 49, 37, 38, 63, 27, 20, 19, 9, 6, 3, 22, 25, 1, 51, 48, 45, 2, 40, 24, 47, 62, 60, 12, 58, 14]
客户端数：50	时间：273.5707907676697	客户端：[33, 39, 13, 28, 18, 36, 44, 59, 55, 57, 31, 26, 50, 52, 61, 49, 37, 38, 63, 27, 20, 19, 9, 6, 3, 22, 25, 1, 51, 48, 45, 2, 40, 24, 47, 62, 60, 12, 58, 14, 41, 21, 54, 17, 11, 8, 10, 32, 64, 42]
客户端数：58	时间：368.03107833862305	客户端：[33, 39, 13, 28, 18, 36, 44, 59, 55, 57, 31, 26, 50, 52, 61, 49, 37, 38, 63, 27, 20, 19, 9, 6, 3, 22, 25, 1, 51, 48, 45, 2, 40, 24, 47, 62, 60, 12, 58, 14, 41, 21, 54, 17, 11, 8, 10, 32, 64, 42, 35, 4, 16, 30, 53, 34, 56, 46]
BYTE
客户端数：0	字节数：0	客户端：[]
MAE：82653344.66666667
RMSE：82653347.19373198
finished iteration：2023-01-01 00:00:35.939333

Number of rounds 3
T1
客户端数：0	时间：0	客户端：[]
T2
客户端数：10	时间：0.0	客户端：[33, 39, 59, 18, 53, 35, 47, 31, 49, 26]
客户端数：20	时间：0.001995563507080078	客户端：[33, 39, 59, 18, 53, 35, 47, 31, 49, 26, 36, 4, 40, 63, 28, 27, 3, 8, 48, 57]
客户端数：30	时间：0.001995563507080078	客户端：[33, 39, 59, 18, 53, 35, 47, 31, 49, 26, 36, 4, 40, 63, 28, 27, 3, 8, 48, 57, 61, 20, 52, 1, 32, 37, 24, 30, 21, 10]
客户端数：40	时间：0.00598454475402832	客户端：[33, 39, 59, 18, 53, 35, 47, 31, 49, 26, 36, 4, 40, 63, 28, 27, 3, 8, 48, 57, 61, 20, 52, 1, 32, 37, 24, 30, 21, 10, 58, 6, 56, 42, 64, 34, 45, 14, 2, 12]
客户端数：50	时间：0.00598454475402832	客户端：[33, 39, 59, 18, 53, 35, 47, 31, 49, 26, 36, 4, 40, 63, 28, 27, 3, 8, 48, 57, 61, 20, 52, 1, 32, 37, 24, 30, 21, 10, 58, 6, 56, 42, 64, 34, 45, 14, 2, 12, 62, 22, 38, 60, 17, 46, 9, 54, 41, 51]
客户端数：58	时间：0.006982088088989258	客户端：[33, 39, 59, 18, 53, 35, 47, 31, 49, 26, 36, 4, 40, 63, 28, 27, 3, 8, 48, 57, 61, 20, 52, 1, 32, 37, 24, 30, 21, 10, 58, 6, 56, 42, 64, 34, 45, 14, 2, 12, 62, 22, 38, 60, 17, 46, 9, 54, 41, 51, 25, 44, 19, 13, 16, 55, 50, 11]
T3
客户端数：10	时间：9.850843667984009	客户端：[33, 39, 59, 18, 53, 35, 47, 31, 49, 26]
客户端数：20	时间：40.871623039245605	客户端：[33, 39, 59, 18, 53, 35, 47, 31, 49, 26, 36, 4, 40, 63, 28, 27, 3, 8, 48, 57]
客户端数：30	时间：93.44733786582947	客户端：[33, 39, 59, 18, 53, 35, 47, 31, 49, 26, 36, 4, 40, 63, 28, 27, 3, 8, 48, 57, 61, 20, 52, 1, 32, 37, 24, 30, 21, 10]
客户端数：40	时间：167.55510902404785	客户端：[33, 39, 59, 18, 53, 35, 47, 31, 49, 26, 36, 4, 40, 63, 28, 27, 3, 8, 48, 57, 61, 20, 52, 1, 32, 37, 24, 30, 21, 10, 58, 6, 56, 42, 64, 34, 45, 14, 2, 12]
客户端数：50	时间：262.9091067314148	客户端：[33, 39, 59, 18, 53, 35, 47, 31, 49, 26, 36, 4, 40, 63, 28, 27, 3, 8, 48, 57, 61, 20, 52, 1, 32, 37, 24, 30, 21, 10, 58, 6, 56, 42, 64, 34, 45, 14, 2, 12, 62, 22, 38, 60, 17, 46, 9, 54, 41, 51]
客户端数：58	时间：354.5361576080322	客户端：[33, 39, 59, 18, 53, 35, 47, 31, 49, 26, 36, 4, 40, 63, 28, 27, 3, 8, 48, 57, 61, 20, 52, 1, 32, 37, 24, 30, 21, 10, 58, 6, 56, 42, 64, 34, 45, 14, 2, 12, 62, 22, 38, 60, 17, 46, 9, 54, 41, 51, 25, 44, 19, 13, 16, 55, 50, 11]
BYTE
客户端数：0	字节数：0	客户端：[]
MAE：317356819.3333333
RMSE：317359034.64819527
finished iteration：2023-01-01 00:00:57.712256

Number of rounds 4
T1
客户端数：0	时间：0	客户端：[]
T2
客户端数：10	时间：0.0019958019256591797	客户端：[33, 59, 13, 39, 18, 53, 28, 44, 47, 26]
客户端数：20	时间：0.004988670349121094	客户端：[33, 59, 13, 39, 18, 53, 28, 44, 47, 26, 36, 61, 9, 63, 48, 25, 49, 55, 52, 22]
客户端数：30	时间：0.004988670349121094	客户端：[33, 59, 13, 39, 18, 53, 28, 44, 47, 26, 36, 61, 9, 63, 48, 25, 49, 55, 52, 22, 16, 20, 38, 57, 51, 10, 41, 11, 30, 45]
客户端数：40	时间：0.00698399543762207	客户端：[33, 59, 13, 39, 18, 53, 28, 44, 47, 26, 36, 61, 9, 63, 48, 25, 49, 55, 52, 22, 16, 20, 38, 57, 51, 10, 41, 11, 30, 45, 62, 1, 54, 17, 2, 8, 37, 64, 34, 32]
客户端数：50	时间：0.007982492446899414	客户端：[33, 59, 13, 39, 18, 53, 28, 44, 47, 26, 36, 61, 9, 63, 48, 25, 49, 55, 52, 22, 16, 20, 38, 57, 51, 10, 41, 11, 30, 45, 62, 1, 54, 17, 2, 8, 37, 64, 34, 32, 21, 56, 14, 24, 31, 12, 58, 42, 40, 6]
客户端数：58	时间：0.00997781753540039	客户端：[33, 59, 13, 39, 18, 53, 28, 44, 47, 26, 36, 61, 9, 63, 48, 25, 49, 55, 52, 22, 16, 20, 38, 57, 51, 10, 41, 11, 30, 45, 62, 1, 54, 17, 2, 8, 37, 64, 34, 32, 21, 56, 14, 24, 31, 12, 58, 42, 40, 6, 46, 35, 4, 60, 19, 50, 3, 27]
T3
客户端数：10	时间：11.036646366119385	客户端：[33, 59, 13, 39, 18, 53, 28, 44, 47, 26]
客户端数：20	时间：45.046215534210205	客户端：[33, 59, 13, 39, 18, 53, 28, 44, 47, 26, 36, 61, 9, 63, 48, 25, 49, 55, 52, 22]
客户端数：30	时间：104.47921824455261	客户端：[33, 59, 13, 39, 18, 53, 28, 44, 47, 26, 36, 61, 9, 63, 48, 25, 49, 55, 52, 22, 16, 20, 38, 57, 51, 10, 41, 11, 30, 45]
客户端数：40	时间：188.2465682029724	客户端：[33, 59, 13, 39, 18, 53, 28, 44, 47, 26, 36, 61, 9, 63, 48, 25, 49, 55, 52, 22, 16, 20, 38, 57, 51, 10, 41, 11, 30, 45, 62, 1, 54, 17, 2, 8, 37, 64, 34, 32]
客户端数：50	时间：293.10161566734314	客户端：[33, 59, 13, 39, 18, 53, 28, 44, 47, 26, 36, 61, 9, 63, 48, 25, 49, 55, 52, 22, 16, 20, 38, 57, 51, 10, 41, 11, 30, 45, 62, 1, 54, 17, 2, 8, 37, 64, 34, 32, 21, 56, 14, 24, 31, 12, 58, 42, 40, 6]
客户端数：58	时间：393.0980305671692	客户端：[33, 59, 13, 39, 18, 53, 28, 44, 47, 26, 36, 61, 9, 63, 48, 25, 49, 55, 52, 22, 16, 20, 38, 57, 51, 10, 41, 11, 30, 45, 62, 1, 54, 17, 2, 8, 37, 64, 34, 32, 21, 56, 14, 24, 31, 12, 58, 42, 40, 6, 46, 35, 4, 60, 19, 50, 3, 27]
BYTE
客户端数：0	字节数：0	客户端：[]
MAE：198244005.95897436
RMSE：198313737.38006824
finished iteration：2023-01-01 00:01:19.972158

Number of rounds 5
T1
客户端数：0	时间：0	客户端：[]
T2
客户端数：10	时间：0.0	客户端：[39, 53, 28, 36, 63, 35, 44, 33, 31, 57]
客户端数：20	时间：0.0009996891021728516	客户端：[39, 53, 28, 36, 63, 35, 44, 33, 31, 57, 55, 47, 26, 59, 61, 27, 16, 38, 25, 13]
客户端数：30	时间：0.003032684326171875	客户端：[39, 53, 28, 36, 63, 35, 44, 33, 31, 57, 55, 47, 26, 59, 61, 27, 16, 38, 25, 13, 3, 20, 40, 6, 8, 51, 49, 1, 46, 10]
客户端数：40	时间：0.006022930145263672	客户端：[39, 53, 28, 36, 63, 35, 44, 33, 31, 57, 55, 47, 26, 59, 61, 27, 16, 38, 25, 13, 3, 20, 40, 6, 8, 51, 49, 1, 46, 10, 12, 62, 11, 14, 58, 60, 21, 32, 54, 56]
客户端数：50	时间：0.006022930145263672	客户端：[39, 53, 28, 36, 63, 35, 44, 33, 31, 57, 55, 47, 26, 59, 61, 27, 16, 38, 25, 13, 3, 20, 40, 6, 8, 51, 49, 1, 46, 10, 12, 62, 11, 14, 58, 60, 21, 32, 54, 56, 37, 30, 19, 34, 17, 42, 64, 22, 45, 41]
客户端数：57	时间：0.006022930145263672	客户端：[39, 53, 28, 36, 63, 35, 44, 33, 31, 57, 55, 47, 26, 59, 61, 27, 16, 38, 25, 13, 3, 20, 40, 6, 8, 51, 49, 1, 46, 10, 12, 62, 11, 14, 58, 60, 21, 32, 54, 56, 37, 30, 19, 34, 17, 42, 64, 22, 45, 41, 4, 50, 24, 2, 9, 48, 52]
T3
客户端数：10	时间：11.267727851867676	客户端：[39, 53, 28, 36, 63, 35, 44, 33, 31, 57]
客户端数：20	时间：46.81718587875366	客户端：[39, 53, 28, 36, 63, 35, 44, 33, 31, 57, 55, 47, 26, 59, 61, 27, 16, 38, 25, 13]
客户端数：30	时间：107.3513593673706	客户端：[39, 53, 28, 36, 63, 35, 44, 33, 31, 57, 55, 47, 26, 59, 61, 27, 16, 38, 25, 13, 3, 20, 40, 6, 8, 51, 49, 1, 46, 10]
客户端数：40	时间：191.27940249443054	客户端：[39, 53, 28, 36, 63, 35, 44, 33, 31, 57, 55, 47, 26, 59, 61, 27, 16, 38, 25, 13, 3, 20, 40, 6, 8, 51, 49, 1, 46, 10, 12, 62, 11, 14, 58, 60, 21, 32, 54, 56]
客户端数：50	时间：297.94779658317566	客户端：[39, 53, 28, 36, 63, 35, 44, 33, 31, 57, 55, 47, 26, 59, 61, 27, 16, 38, 25, 13, 3, 20, 40, 6, 8, 51, 49, 1, 46, 10, 12, 62, 11, 14, 58, 60, 21, 32, 54, 56, 37, 30, 19, 34, 17, 42, 64, 22, 45, 41]
客户端数：57	时间：386.1153254508972	客户端：[39, 53, 28, 36, 63, 35, 44, 33, 31, 57, 55, 47, 26, 59, 61, 27, 16, 38, 25, 13, 3, 20, 40, 6, 8, 51, 49, 1, 46, 10, 12, 62, 11, 14, 58, 60, 21, 32, 54, 56, 37, 30, 19, 34, 17, 42, 64, 22, 45, 41, 4, 50, 24, 2, 9, 48, 52]
BYTE
客户端数：0	字节数：0	客户端：[]
MAE：190010051.25128207
RMSE：190209462.71933645
finished iteration：2023-01-01 00:01:42.678944

Number of rounds 6
T1
客户端数：0	时间：0	客户端：[]
T2
客户端数：10	时间：0.003983974456787109	客户端：[39, 35, 44, 28, 63, 59, 61, 31, 9, 55]
客户端数：20	时间：0.00697779655456543	客户端：[39, 35, 44, 28, 63, 59, 61, 31, 9, 55, 4, 26, 49, 25, 16, 52, 57, 40, 47, 19]
客户端数：30	时间：0.00697779655456543	客户端：[39, 35, 44, 28, 63, 59, 61, 31, 9, 55, 4, 26, 49, 25, 16, 52, 57, 40, 47, 19, 22, 46, 51, 34, 37, 20, 13, 10, 62, 45]
客户端数：40	时间：0.007975101470947266	客户端：[39, 35, 44, 28, 63, 59, 61, 31, 9, 55, 4, 26, 49, 25, 16, 52, 57, 40, 47, 19, 22, 46, 51, 34, 37, 20, 13, 10, 62, 45, 1, 27, 30, 3, 14, 38, 32, 42, 17, 56]
客户端数：50	时间：0.008972644805908203	客户端：[39, 35, 44, 28, 63, 59, 61, 31, 9, 55, 4, 26, 49, 25, 16, 52, 57, 40, 47, 19, 22, 46, 51, 34, 37, 20, 13, 10, 62, 45, 1, 27, 30, 3, 14, 38, 32, 42, 17, 56, 11, 54, 60, 50, 41, 8, 2, 33, 6, 36]
客户端数：56	时间：0.009969472885131836	客户端：[39, 35, 44, 28, 63, 59, 61, 31, 9, 55, 4, 26, 49, 25, 16, 52, 57, 40, 47, 19, 22, 46, 51, 34, 37, 20, 13, 10, 62, 45, 1, 27, 30, 3, 14, 38, 32, 42, 17, 56, 11, 54, 60, 50, 41, 8, 2, 33, 6, 36, 53, 24, 64, 58, 12, 48]
T3
客户端数：10	时间：9.987475395202637	客户端：[39, 35, 44, 28, 63, 59, 61, 31, 9, 55]
客户端数：20	时间：41.38870096206665	客户端：[39, 35, 44, 28, 63, 59, 61, 31, 9, 55, 4, 26, 49, 25, 16, 52, 57, 40, 47, 19]
客户端数：30	时间：94.09636044502258	客户端：[39, 35, 44, 28, 63, 59, 61, 31, 9, 55, 4, 26, 49, 25, 16, 52, 57, 40, 47, 19, 22, 46, 51, 34, 37, 20, 13, 10, 62, 45]
客户端数：40	时间：168.2233772277832	客户端：[39, 35, 44, 28, 63, 59, 61, 31, 9, 55, 4, 26, 49, 25, 16, 52, 57, 40, 47, 19, 22, 46, 51, 34, 37, 20, 13, 10, 62, 45, 1, 27, 30, 3, 14, 38, 32, 42, 17, 56]
客户端数：50	时间：264.5250644683838	客户端：[39, 35, 44, 28, 63, 59, 61, 31, 9, 55, 4, 26, 49, 25, 16, 52, 57, 40, 47, 19, 22, 46, 51, 34, 37, 20, 13, 10, 62, 45, 1, 27, 30, 3, 14, 38, 32, 42, 17, 56, 11, 54, 60, 50, 41, 8, 2, 33, 6, 36]
客户端数：56	时间：332.73326325416565	客户端：[39, 35, 44, 28, 63, 59, 61, 31, 9, 55, 4, 26, 49, 25, 16, 52, 57, 40, 47, 19, 22, 46, 51, 34, 37, 20, 13, 10, 62, 45, 1, 27, 30, 3, 14, 38, 32, 42, 17, 56, 11, 54, 60, 50, 41, 8, 2, 33, 6, 36, 53, 24, 64, 58, 12, 48]
BYTE
客户端数：0	字节数：0	客户端：[]
MAE：165815512.58461538
RMSE：166067332.86469916
finished iteration：2023-01-01 00:02:04.704629

Number of rounds 7
T1
客户端数：0	时间：0	客户端：[]
T2
客户端数：10	时间：0.003990888595581055	客户端：[39, 33, 53, 28, 13, 61, 47, 26, 57, 63]
客户端数：20	时间：0.005989551544189453	客户端：[39, 33, 53, 28, 13, 61, 47, 26, 57, 63, 48, 50, 4, 40, 9, 22, 38, 59, 8, 51]
客户端数：30	时间：0.007984399795532227	客户端：[39, 33, 53, 28, 13, 61, 47, 26, 57, 63, 48, 50, 4, 40, 9, 22, 38, 59, 8, 51, 16, 1, 45, 35, 25, 17, 62, 32, 24, 37]
客户端数：40	时间：0.00998234748840332	客户端：[39, 33, 53, 28, 13, 61, 47, 26, 57, 63, 48, 50, 4, 40, 9, 22, 38, 59, 8, 51, 16, 1, 45, 35, 25, 17, 62, 32, 24, 37, 42, 30, 2, 60, 56, 14, 11, 36, 41, 44]
客户端数：50	时间：0.010979175567626953	客户端：[39, 33, 53, 28, 13, 61, 47, 26, 57, 63, 48, 50, 4, 40, 9, 22, 38, 59, 8, 51, 16, 1, 45, 35, 25, 17, 62, 32, 24, 37, 42, 30, 2, 60, 56, 14, 11, 36, 41, 44, 27, 3, 55, 21, 46, 31, 52, 58, 49, 64]
客户端数：54	时间：0.011987447738647461	客户端：[39, 33, 53, 28, 13, 61, 47, 26, 57, 63, 48, 50, 4, 40, 9, 22, 38, 59, 8, 51, 16, 1, 45, 35, 25, 17, 62, 32, 24, 37, 42, 30, 2, 60, 56, 14, 11, 36, 41, 44, 27, 3, 55, 21, 46, 31, 52, 58, 49, 64, 10, 6, 54, 19]
T3
客户端数：10	时间：11.614936590194702	客户端：[39, 33, 53, 28, 13, 61, 47, 26, 57, 63]
客户端数：20	时间：47.486347675323486	客户端：[39, 33, 53, 28, 13, 61, 47, 26, 57, 63, 48, 50, 4, 40, 9, 22, 38, 59, 8, 51]
客户端数：30	时间：107.19723463058472	客户端：[39, 33, 53, 28, 13, 61, 47, 26, 57, 63, 48, 50, 4, 40, 9, 22, 38, 59, 8, 51, 16, 1, 45, 35, 25, 17, 62, 32, 24, 37]
客户端数：40	时间：191.65235781669617	客户端：[39, 33, 53, 28, 13, 61, 47, 26, 57, 63, 48, 50, 4, 40, 9, 22, 38, 59, 8, 51, 16, 1, 45, 35, 25, 17, 62, 32, 24, 37, 42, 30, 2, 60, 56, 14, 11, 36, 41, 44]
客户端数：50	时间：324.29900670051575	客户端：[39, 33, 53, 28, 13, 61, 47, 26, 57, 63, 48, 50, 4, 40, 9, 22, 38, 59, 8, 51, 16, 1, 45, 35, 25, 17, 62, 32, 24, 37, 42, 30, 2, 60, 56, 14, 11, 36, 41, 44, 27, 3, 55, 21, 46, 31, 52, 58, 49, 64]
客户端数：54	时间：374.1639633178711	客户端：[39, 33, 53, 28, 13, 61, 47, 26, 57, 63, 48, 50, 4, 40, 9, 22, 38, 59, 8, 51, 16, 1, 45, 35, 25, 17, 62, 32, 24, 37, 42, 30, 2, 60, 56, 14, 11, 36, 41, 44, 27, 3, 55, 21, 46, 31, 52, 58, 49, 64, 10, 6, 54, 19]
BYTE
客户端数：0	字节数：0	客户端：[]
MAE：195971427.08717948
RMSE：196249814.0094036
finished iteration：2023-01-01 00:02:27.761021

Number of rounds 8
T1
客户端数：0	时间：0	客户端：[]
T2
客户端数：10	时间：0.0	客户端：[34, 35, 13, 53, 63, 61, 28, 49, 57, 44]
客户端数：20	时间：0.0	客户端：[34, 35, 13, 53, 63, 61, 28, 49, 57, 44, 9, 55, 4, 16, 27, 52, 40, 3, 8, 2]
客户端数：30	时间：0.0019948482513427734	客户端：[34, 35, 13, 53, 63, 61, 28, 49, 57, 44, 9, 55, 4, 16, 27, 52, 40, 3, 8, 2, 51, 64, 33, 6, 58, 41, 17, 1, 37, 56]
客户端数：40	时间：0.003989219665527344	客户端：[34, 35, 13, 53, 63, 61, 28, 49, 57, 44, 9, 55, 4, 16, 27, 52, 40, 3, 8, 2, 51, 64, 33, 6, 58, 41, 17, 1, 37, 56, 45, 38, 32, 24, 62, 25, 26, 54, 59, 46]
客户端数：50	时间：0.003989219665527344	客户端：[34, 35, 13, 53, 63, 61, 28, 49, 57, 44, 9, 55, 4, 16, 27, 52, 40, 3, 8, 2, 51, 64, 33, 6, 58, 41, 17, 1, 37, 56, 45, 38, 32, 24, 62, 25, 26, 54, 59, 46, 14, 48, 47, 36, 60, 10, 22, 42, 39, 11]
客户端数：54	时间：0.003989219665527344	客户端：[34, 35, 13, 53, 63, 61, 28, 49, 57, 44, 9, 55, 4, 16, 27, 52, 40, 3, 8, 2, 51, 64, 33, 6, 58, 41, 17, 1, 37, 56, 45, 38, 32, 24, 62, 25, 26, 54, 59, 46, 14, 48, 47, 36, 60, 10, 22, 42, 39, 11, 12, 30, 31, 50]
T3
客户端数：10	时间：21.269468784332275	客户端：[34, 35, 13, 53, 63, 61, 28, 49, 57, 44]
客户端数：20	时间：52.532222509384155	客户端：[34, 35, 13, 53, 63, 61, 28, 49, 57, 44, 9, 55, 4, 16, 27, 52, 40, 3, 8, 2]
客户端数：30	时间：105.85303282737732	客户端：[34, 35, 13, 53, 63, 61, 28, 49, 57, 44, 9, 55, 4, 16, 27, 52, 40, 3, 8, 2, 51, 64, 33, 6, 58, 41, 17, 1, 37, 56]
客户端数：40	时间：180.67665576934814	客户端：[34, 35, 13, 53, 63, 61, 28, 49, 57, 44, 9, 55, 4, 16, 27, 52, 40, 3, 8, 2, 51, 64, 33, 6, 58, 41, 17, 1, 37, 56, 45, 38, 32, 24, 62, 25, 26, 54, 59, 46]
客户端数：50	时间：276.7543454170227	客户端：[34, 35, 13, 53, 63, 61, 28, 49, 57, 44, 9, 55, 4, 16, 27, 52, 40, 3, 8, 2, 51, 64, 33, 6, 58, 41, 17, 1, 37, 56, 45, 38, 32, 24, 62, 25, 26, 54, 59, 46, 14, 48, 47, 36, 60, 10, 22, 42, 39, 11]
客户端数：54	时间：346.0374548435211	客户端：[34, 35, 13, 53, 63, 61, 28, 49, 57, 44, 9, 55, 4, 16, 27, 52, 40, 3, 8, 2, 51, 64, 33, 6, 58, 41, 17, 1, 37, 56, 45, 38, 32, 24, 62, 25, 26, 54, 59, 46, 14, 48, 47, 36, 60, 10, 22, 42, 39, 11, 12, 30, 31, 50]
BYTE
客户端数：0	字节数：0	客户端：[]
MAE：180002906.30769232
RMSE：180076092.66190922
finished iteration：2023-01-01 00:02:50.186233

Number of rounds 9
T1
客户端数：0	时间：0	客户端：[]
T2
客户端数：10	时间：0.0020112991333007812	客户端：[13, 35, 44, 39, 53, 61, 49, 47, 9, 26]
客户端数：20	时间：0.004005908966064453	客户端：[13, 35, 44, 39, 53, 61, 49, 47, 9, 26, 63, 31, 50, 27, 48, 16, 57, 52, 33, 22]
客户端数：30	时间：0.006032228469848633	客户端：[13, 35, 44, 39, 53, 61, 49, 47, 9, 26, 63, 31, 50, 27, 48, 16, 57, 52, 33, 22, 3, 40, 64, 8, 51, 6, 10, 24, 1, 42]
客户端数：40	时间：0.006032228469848633	客户端：[13, 35, 44, 39, 53, 61, 49, 47, 9, 26, 63, 31, 50, 27, 48, 16, 57, 52, 33, 22, 3, 40, 64, 8, 51, 6, 10, 24, 1, 42, 60, 32, 4, 59, 11, 41, 17, 37, 58, 28]
客户端数：50	时间：0.007099151611328125	客户端：[13, 35, 44, 39, 53, 61, 49, 47, 9, 26, 63, 31, 50, 27, 48, 16, 57, 52, 33, 22, 3, 40, 64, 8, 51, 6, 10, 24, 1, 42, 60, 32, 4, 59, 11, 41, 17, 37, 58, 28, 30, 46, 25, 54, 56, 55, 36, 38, 62, 14]
客户端数：51	时间：0.007099151611328125	客户端：[13, 35, 44, 39, 53, 61, 49, 47, 9, 26, 63, 31, 50, 27, 48, 16, 57, 52, 33, 22, 3, 40, 64, 8, 51, 6, 10, 24, 1, 42, 60, 32, 4, 59, 11, 41, 17, 37, 58, 28, 30, 46, 25, 54, 56, 55, 36, 38, 62, 14, 45]
T3
客户端数：10	时间：9.638796091079712	客户端：[13, 35, 44, 39, 53, 61, 49, 47, 9, 26]
客户端数：20	时间：40.08909058570862	客户端：[13, 35, 44, 39, 53, 61, 49, 47, 9, 26, 63, 31, 50, 27, 48, 16, 57, 52, 33, 22]
客户端数：30	时间：92.1403534412384	客户端：[13, 35, 44, 39, 53, 61, 49, 47, 9, 26, 63, 31, 50, 27, 48, 16, 57, 52, 33, 22, 3, 40, 64, 8, 51, 6, 10, 24, 1, 42]
客户端数：40	时间：165.2802529335022	客户端：[13, 35, 44, 39, 53, 61, 49, 47, 9, 26, 63, 31, 50, 27, 48, 16, 57, 52, 33, 22, 3, 40, 64, 8, 51, 6, 10, 24, 1, 42, 60, 32, 4, 59, 11, 41, 17, 37, 58, 28]
客户端数：50	时间：259.09928703308105	客户端：[13, 35, 44, 39, 53, 61, 49, 47, 9, 26, 63, 31, 50, 27, 48, 16, 57, 52, 33, 22, 3, 40, 64, 8, 51, 6, 10, 24, 1, 42, 60, 32, 4, 59, 11, 41, 17, 37, 58, 28, 30, 46, 25, 54, 56, 55, 36, 38, 62, 14]
客户端数：51	时间：269.5929443836212	客户端：[13, 35, 44, 39, 53, 61, 49, 47, 9, 26, 63, 31, 50, 27, 48, 16, 57, 52, 33, 22, 3, 40, 64, 8, 51, 6, 10, 24, 1, 42, 60, 32, 4, 59, 11, 41, 17, 37, 58, 28, 30, 46, 25, 54, 56, 55, 36, 38, 62, 14, 45]
BYTE
客户端数：0	字节数：0	客户端：[]
MAE：187891288.66666666
RMSE：187950383.75606135
finished iteration：2023-01-01 00:03:13.387086

Number of rounds 10
T1
客户端数：0	时间：0	客户端：[]
T2
客户端数：10	时间：0.0020668506622314453	客户端：[2, 59, 39, 44, 28, 53, 63, 33, 31, 47]
客户端数：20	时间：0.0020668506622314453	客户端：[2, 59, 39, 44, 28, 53, 63, 33, 31, 47, 49, 61, 55, 9, 16, 57, 48, 40, 52, 4]
客户端数：30	时间：0.0020668506622314453	客户端：[2, 59, 39, 44, 28, 53, 63, 33, 31, 47, 49, 61, 55, 9, 16, 57, 48, 40, 52, 4, 3, 22, 38, 64, 25, 35, 8, 50, 6, 51]
客户端数：40	时间：0.004962921142578125	客户端：[2, 59, 39, 44, 28, 53, 63, 33, 31, 47, 49, 61, 55, 9, 16, 57, 48, 40, 52, 4, 3, 22, 38, 64, 25, 35, 8, 50, 6, 51, 1, 58, 24, 30, 42, 17, 56, 41, 26, 14]
客户端数：50	时间：0.005960226058959961	客户端：[2, 59, 39, 44, 28, 53, 63, 33, 31, 47, 49, 61, 55, 9, 16, 57, 48, 40, 52, 4, 3, 22, 38, 64, 25, 35, 8, 50, 6, 51, 1, 58, 24, 30, 42, 17, 56, 41, 26, 14, 45, 27, 37, 10, 13, 32, 36, 46, 11, 60]
客户端数：51	时间：0.005960226058959961	客户端：[2, 59, 39, 44, 28, 53, 63, 33, 31, 47, 49, 61, 55, 9, 16, 57, 48, 40, 52, 4, 3, 22, 38, 64, 25, 35, 8, 50, 6, 51, 1, 58, 24, 30, 42, 17, 56, 41, 26, 14, 45, 27, 37, 10, 13, 32, 36, 46, 11, 60, 54]
T3
客户端数：10	时间：15.753731727600098	客户端：[2, 59, 39, 44, 28, 53, 63, 33, 31, 47]
客户端数：20	时间：16.09011149406433	客户端：[2, 59, 39, 44, 28, 53, 63, 33, 31, 47, 49, 61, 55, 9, 16, 57, 48, 40, 52, 4]
客户端数：30	时间：16.463488340377808	客户端：[2, 59, 39, 44, 28, 53, 63, 33, 31, 47, 49, 61, 55, 9, 16, 57, 48, 40, 52, 4, 3, 22, 38, 64, 25, 35, 8, 50, 6, 51]
客户端数：40	时间：16.88264513015747	客户端：[2, 59, 39, 44, 28, 53, 63, 33, 31, 47, 49, 61, 55, 9, 16, 57, 48, 40, 52, 4, 3, 22, 38, 64, 25, 35, 8, 50, 6, 51, 1, 58, 24, 30, 42, 17, 56, 41, 26, 14]
客户端数：50	时间：17.348681688308716	客户端：[2, 59, 39, 44, 28, 53, 63, 33, 31, 47, 49, 61, 55, 9, 16, 57, 48, 40, 52, 4, 3, 22, 38, 64, 25, 35, 8, 50, 6, 51, 1, 58, 24, 30, 42, 17, 56, 41, 26, 14, 45, 27, 37, 10, 13, 32, 36, 46, 11, 60]
客户端数：51	时间：17.397778511047363	客户端：[2, 59, 39, 44, 28, 53, 63, 33, 31, 47, 49, 61, 55, 9, 16, 57, 48, 40, 52, 4, 3, 22, 38, 64, 25, 35, 8, 50, 6, 51, 1, 58, 24, 30, 42, 17, 56, 41, 26, 14, 45, 27, 37, 10, 13, 32, 36, 46, 11, 60, 54]
BYTE
客户端数：0	字节数：0	客户端：[]
MAE：182616974.9846154
RMSE：182696085.46099985
finished iteration：2023-01-01 00:03:35.796030

