Number of rounds 1
T1
客户端数：10	时间：0.006981611251831055	客户端：[26, 14, 62, 18, 37, 36, 55, 44, 28, 59]
客户端数：20	时间：0.010970592498779297	客户端：[26, 14, 62, 18, 37, 36, 55, 44, 28, 59, 38, 12, 40, 49, 9, 54, 4, 63, 27, 45]
客户端数：30	时间：0.01296544075012207	客户端：[26, 14, 62, 18, 37, 36, 55, 44, 28, 59, 38, 12, 40, 49, 9, 54, 4, 63, 27, 45, 58, 64, 57, 19, 8, 11, 31, 53, 61, 15]
客户端数：40	时间：0.016968965530395508	客户端：[26, 14, 62, 18, 37, 36, 55, 44, 28, 59, 38, 12, 40, 49, 9, 54, 4, 63, 27, 45, 58, 64, 57, 19, 8, 11, 31, 53, 61, 15, 47, 33, 5, 25, 29, 35, 42, 48, 22, 10]
客户端数：50	时间：0.0219423770904541	客户端：[26, 14, 62, 18, 37, 36, 55, 44, 28, 59, 38, 12, 40, 49, 9, 54, 4, 63, 27, 45, 58, 64, 57, 19, 8, 11, 31, 53, 61, 15, 47, 33, 5, 25, 29, 35, 42, 48, 22, 10, 46, 6, 43, 39, 20, 23, 3, 41, 21, 17]
客户端数：60	时间：0.023937702178955078	客户端：[26, 14, 62, 18, 37, 36, 55, 44, 28, 59, 38, 12, 40, 49, 9, 54, 4, 63, 27, 45, 58, 64, 57, 19, 8, 11, 31, 53, 61, 15, 47, 33, 5, 25, 29, 35, 42, 48, 22, 10, 46, 6, 43, 39, 20, 23, 3, 41, 21, 17, 30, 34, 1, 50, 56, 52, 7, 32, 13, 24]
T2
客户端数：10	时间：0.001995086669921875	客户端：[23, 56, 52, 6, 54, 11, 12, 58, 5, 27]
客户端数：20	时间：0.002992868423461914	客户端：[23, 56, 52, 6, 54, 11, 12, 58, 5, 27, 3, 55, 42, 36, 29, 45, 10, 25, 49, 46]
客户端数：30	时间：0.003990888595581055	客户端：[23, 56, 52, 6, 54, 11, 12, 58, 5, 27, 3, 55, 42, 36, 29, 45, 10, 25, 49, 46, 47, 14, 34, 39, 22, 64, 18, 37, 53, 40]
客户端数：40	时间：0.00598597526550293	客户端：[23, 56, 52, 6, 54, 11, 12, 58, 5, 27, 3, 55, 42, 36, 29, 45, 10, 25, 49, 46, 47, 14, 34, 39, 22, 64, 18, 37, 53, 40, 9, 8, 59, 44, 1, 62, 33, 26, 21, 30]
客户端数：50	时间：0.00598597526550293	客户端：[23, 56, 52, 6, 54, 11, 12, 58, 5, 27, 3, 55, 42, 36, 29, 45, 10, 25, 49, 46, 47, 14, 34, 39, 22, 64, 18, 37, 53, 40, 9, 8, 59, 44, 1, 62, 33, 26, 21, 30, 24, 32, 13, 4, 50, 35, 63, 19, 48, 41]
客户端数：60	时间：0.009976387023925781	客户端：[23, 56, 52, 6, 54, 11, 12, 58, 5, 27, 3, 55, 42, 36, 29, 45, 10, 25, 49, 46, 47, 14, 34, 39, 22, 64, 18, 37, 53, 40, 9, 8, 59, 44, 1, 62, 33, 26, 21, 30, 24, 32, 13, 4, 50, 35, 63, 19, 48, 41, 28, 15, 20, 57, 17, 38, 61, 7, 31, 43]
T3
客户端数：10	时间：13.966612100601196	客户端：[23, 56, 52, 6, 54, 11, 12, 58, 5, 27]
客户端数：20	时间：55.66202521324158	客户端：[23, 56, 52, 6, 54, 11, 12, 58, 5, 27, 3, 55, 42, 36, 29, 45, 10, 25, 49, 46]
客户端数：30	时间：125.09944486618042	客户端：[23, 56, 52, 6, 54, 11, 12, 58, 5, 27, 3, 55, 42, 36, 29, 45, 10, 25, 49, 46, 47, 14, 34, 39, 22, 64, 18, 37, 53, 40]
客户端数：40	时间：229.98289823532104	客户端：[23, 56, 52, 6, 54, 11, 12, 58, 5, 27, 3, 55, 42, 36, 29, 45, 10, 25, 49, 46, 47, 14, 34, 39, 22, 64, 18, 37, 53, 40, 9, 8, 59, 44, 1, 62, 33, 26, 21, 30]
客户端数：50	时间：368.5714988708496	客户端：[23, 56, 52, 6, 54, 11, 12, 58, 5, 27, 3, 55, 42, 36, 29, 45, 10, 25, 49, 46, 47, 14, 34, 39, 22, 64, 18, 37, 53, 40, 9, 8, 59, 44, 1, 62, 33, 26, 21, 30, 24, 32, 13, 4, 50, 35, 63, 19, 48, 41]
客户端数：60	时间：536.9304196834564	客户端：[23, 56, 52, 6, 54, 11, 12, 58, 5, 27, 3, 55, 42, 36, 29, 45, 10, 25, 49, 46, 47, 14, 34, 39, 22, 64, 18, 37, 53, 40, 9, 8, 59, 44, 1, 62, 33, 26, 21, 30, 24, 32, 13, 4, 50, 35, 63, 19, 48, 41, 28, 15, 20, 57, 17, 38, 61, 7, 31, 43]
BYTE
客户端数：10	字节数：3200000	客户端：[26, 14, 62, 18, 37, 36, 55, 44, 28, 59]
客户端数：20	字节数：6400000	客户端：[26, 14, 62, 18, 37, 36, 55, 44, 28, 59, 38, 12, 40, 49, 9, 54, 4, 63, 27, 45]
客户端数：30	字节数：9600000	客户端：[26, 14, 62, 18, 37, 36, 55, 44, 28, 59, 38, 12, 40, 49, 9, 54, 4, 63, 27, 45, 58, 64, 57, 19, 8, 11, 31, 53, 61, 15]
客户端数：40	字节数：12800000	客户端：[26, 14, 62, 18, 37, 36, 55, 44, 28, 59, 38, 12, 40, 49, 9, 54, 4, 63, 27, 45, 58, 64, 57, 19, 8, 11, 31, 53, 61, 15, 47, 33, 5, 25, 29, 35, 42, 48, 22, 10]
客户端数：50	字节数：16000000	客户端：[26, 14, 62, 18, 37, 36, 55, 44, 28, 59, 38, 12, 40, 49, 9, 54, 4, 63, 27, 45, 58, 64, 57, 19, 8, 11, 31, 53, 61, 15, 47, 33, 5, 25, 29, 35, 42, 48, 22, 10, 46, 6, 43, 39, 20, 23, 3, 41, 21, 17]
客户端数：60	字节数：19200000	客户端：[26, 14, 62, 18, 37, 36, 55, 44, 28, 59, 38, 12, 40, 49, 9, 54, 4, 63, 27, 45, 58, 64, 57, 19, 8, 11, 31, 53, 61, 15, 47, 33, 5, 25, 29, 35, 42, 48, 22, 10, 46, 6, 43, 39, 20, 23, 3, 41, 21, 17, 30, 34, 1, 50, 56, 52, 7, 32, 13, 24]
PRO_LEN：320000
score：0.5396825396825397
loss rate：0.46031746031746035
finished iteration：2023-01-01 00:00:11.945841

Number of rounds 2
T1
客户端数：10	时间：0.0019948482513427734	客户端：[54, 36, 3, 52, 18, 56, 12, 14, 58, 5]
客户端数：20	时间：0.004986763000488281	客户端：[54, 36, 3, 52, 18, 56, 12, 14, 58, 5, 11, 45, 27, 42, 25, 53, 37, 49, 44, 9]
客户端数：30	时间：0.008786678314208984	客户端：[54, 36, 3, 52, 18, 56, 12, 14, 58, 5, 11, 45, 27, 42, 25, 53, 37, 49, 44, 9, 8, 26, 21, 23, 1, 32, 59, 47, 33, 39]
客户端数：40	时间：0.00978398323059082	客户端：[54, 36, 3, 52, 18, 56, 12, 14, 58, 5, 11, 45, 27, 42, 25, 53, 37, 49, 44, 9, 8, 26, 21, 23, 1, 32, 59, 47, 33, 39, 50, 63, 35, 4, 40, 41, 15, 20, 30, 57]
客户端数：50	时间：0.013774633407592773	客户端：[54, 36, 3, 52, 18, 56, 12, 14, 58, 5, 11, 45, 27, 42, 25, 53, 37, 49, 44, 9, 8, 26, 21, 23, 1, 32, 59, 47, 33, 39, 50, 63, 35, 4, 40, 41, 15, 20, 30, 57, 17, 38, 19, 29, 64, 46, 55, 61, 13, 28]
客户端数：56	时间：0.013774633407592773	客户端：[54, 36, 3, 52, 18, 56, 12, 14, 58, 5, 11, 45, 27, 42, 25, 53, 37, 49, 44, 9, 8, 26, 21, 23, 1, 32, 59, 47, 33, 39, 50, 63, 35, 4, 40, 41, 15, 20, 30, 57, 17, 38, 19, 29, 64, 46, 55, 61, 13, 28, 7, 24, 31, 62, 43, 34]
T2
客户端数：10	时间：0.0029916763305664062	客户端：[56, 52, 23, 27, 54, 11, 61, 19, 25, 36]
客户端数：20	时间：0.006052494049072266	客户端：[56, 52, 23, 27, 54, 11, 61, 19, 25, 36, 45, 58, 47, 32, 29, 14, 13, 34, 55, 62]
客户端数：30	时间：0.011004447937011719	客户端：[56, 52, 23, 27, 54, 11, 61, 19, 25, 36, 45, 58, 47, 32, 29, 14, 13, 34, 55, 62, 31, 18, 37, 12, 50, 40, 20, 26, 59, 8]
客户端数：40	时间：0.01200103759765625	客户端：[56, 52, 23, 27, 54, 11, 61, 19, 25, 36, 45, 58, 47, 32, 29, 14, 13, 34, 55, 62, 31, 18, 37, 12, 50, 40, 20, 26, 59, 8, 24, 41, 21, 5, 9, 4, 33, 57, 17, 35]
客户端数：50	时间：0.015025854110717773	客户端：[56, 52, 23, 27, 54, 11, 61, 19, 25, 36, 45, 58, 47, 32, 29, 14, 13, 34, 55, 62, 31, 18, 37, 12, 50, 40, 20, 26, 59, 8, 24, 41, 21, 5, 9, 4, 33, 57, 17, 35, 49, 1, 43, 46, 15, 3, 53, 38, 44, 39]
客户端数：54	时间：0.016022682189941406	客户端：[56, 52, 23, 27, 54, 11, 61, 19, 25, 36, 45, 58, 47, 32, 29, 14, 13, 34, 55, 62, 31, 18, 37, 12, 50, 40, 20, 26, 59, 8, 24, 41, 21, 5, 9, 4, 33, 57, 17, 35, 49, 1, 43, 46, 15, 3, 53, 38, 44, 39, 7, 63, 42, 30]
T3
客户端数：10	时间：14.005651473999023	客户端：[56, 52, 23, 27, 54, 11, 61, 19, 25, 36]
客户端数：20	时间：56.177398920059204	客户端：[56, 52, 23, 27, 54, 11, 61, 19, 25, 36, 45, 58, 47, 32, 29, 14, 13, 34, 55, 62]
客户端数：30	时间：127.6395902633667	客户端：[56, 52, 23, 27, 54, 11, 61, 19, 25, 36, 45, 58, 47, 32, 29, 14, 13, 34, 55, 62, 31, 18, 37, 12, 50, 40, 20, 26, 59, 8]
客户端数：40	时间：227.04251742362976	客户端：[56, 52, 23, 27, 54, 11, 61, 19, 25, 36, 45, 58, 47, 32, 29, 14, 13, 34, 55, 62, 31, 18, 37, 12, 50, 40, 20, 26, 59, 8, 24, 41, 21, 5, 9, 4, 33, 57, 17, 35]
客户端数：50	时间：355.094304561615	客户端：[56, 52, 23, 27, 54, 11, 61, 19, 25, 36, 45, 58, 47, 32, 29, 14, 13, 34, 55, 62, 31, 18, 37, 12, 50, 40, 20, 26, 59, 8, 24, 41, 21, 5, 9, 4, 33, 57, 17, 35, 49, 1, 43, 46, 15, 3, 53, 38, 44, 39]
客户端数：54	时间：414.7035779953003	客户端：[56, 52, 23, 27, 54, 11, 61, 19, 25, 36, 45, 58, 47, 32, 29, 14, 13, 34, 55, 62, 31, 18, 37, 12, 50, 40, 20, 26, 59, 8, 24, 41, 21, 5, 9, 4, 33, 57, 17, 35, 49, 1, 43, 46, 15, 3, 53, 38, 44, 39, 7, 63, 42, 30]
BYTE
客户端数：10	字节数：3200000	客户端：[54, 36, 3, 52, 18, 56, 12, 14, 58, 5]
客户端数：20	字节数：6400000	客户端：[54, 36, 3, 52, 18, 56, 12, 14, 58, 5, 11, 45, 27, 42, 25, 53, 37, 49, 44, 9]
客户端数：30	字节数：9600000	客户端：[54, 36, 3, 52, 18, 56, 12, 14, 58, 5, 11, 45, 27, 42, 25, 53, 37, 49, 44, 9, 8, 26, 21, 23, 1, 32, 59, 47, 33, 39]
客户端数：40	字节数：12800000	客户端：[54, 36, 3, 52, 18, 56, 12, 14, 58, 5, 11, 45, 27, 42, 25, 53, 37, 49, 44, 9, 8, 26, 21, 23, 1, 32, 59, 47, 33, 39, 50, 63, 35, 4, 40, 41, 15, 20, 30, 57]
客户端数：50	字节数：16000000	客户端：[54, 36, 3, 52, 18, 56, 12, 14, 58, 5, 11, 45, 27, 42, 25, 53, 37, 49, 44, 9, 8, 26, 21, 23, 1, 32, 59, 47, 33, 39, 50, 63, 35, 4, 40, 41, 15, 20, 30, 57, 17, 38, 19, 29, 64, 46, 55, 61, 13, 28]
客户端数：56	字节数：17920000	客户端：[54, 36, 3, 52, 18, 56, 12, 14, 58, 5, 11, 45, 27, 42, 25, 53, 37, 49, 44, 9, 8, 26, 21, 23, 1, 32, 59, 47, 33, 39, 50, 63, 35, 4, 40, 41, 15, 20, 30, 57, 17, 38, 19, 29, 64, 46, 55, 61, 13, 28, 7, 24, 31, 62, 43, 34]
PRO_LEN：320000
score：0.9533333333333334
loss rate：0.046666666666666634
finished iteration：2023-01-01 00:00:31.649363

Number of rounds 3
T1
客户端数：10	时间：0.0019941329956054688	客户端：[54, 36, 52, 18, 32, 14, 37, 26, 11, 31]
客户端数：20	时间：0.005010843276977539	客户端：[54, 36, 52, 18, 32, 14, 37, 26, 11, 31, 55, 21, 23, 25, 61, 29, 12, 58, 47, 50]
客户端数：30	时间：0.007004737854003906	客户端：[54, 36, 52, 18, 32, 14, 37, 26, 11, 31, 55, 21, 23, 25, 61, 29, 12, 58, 47, 50, 8, 13, 17, 45, 41, 5, 24, 33, 49, 20]
客户端数：40	时间：0.009000062942504883	客户端：[54, 36, 52, 18, 32, 14, 37, 26, 11, 31, 55, 21, 23, 25, 61, 29, 12, 58, 47, 50, 8, 13, 17, 45, 41, 5, 24, 33, 49, 20, 15, 35, 43, 40, 53, 38, 9, 46, 3, 1]
客户端数：50	时间：0.011968135833740234	客户端：[54, 36, 52, 18, 32, 14, 37, 26, 11, 31, 55, 21, 23, 25, 61, 29, 12, 58, 47, 50, 8, 13, 17, 45, 41, 5, 24, 33, 49, 20, 15, 35, 43, 40, 53, 38, 9, 46, 3, 1, 44, 57, 59, 19, 62, 4, 39, 27, 63, 7]
客户端数：53	时间：0.011968135833740234	客户端：[54, 36, 52, 18, 32, 14, 37, 26, 11, 31, 55, 21, 23, 25, 61, 29, 12, 58, 47, 50, 8, 13, 17, 45, 41, 5, 24, 33, 49, 20, 15, 35, 43, 40, 53, 38, 9, 46, 3, 1, 44, 57, 59, 19, 62, 4, 39, 27, 63, 7, 34, 42, 56]
T2
客户端数：10	时间：0.002994537353515625	客户端：[28, 64, 15, 56, 23, 52, 11, 54, 58, 55]
客户端数：20	时间：0.002994537353515625	客户端：[28, 64, 15, 56, 23, 52, 11, 54, 58, 55, 42, 19, 62, 7, 3, 25, 61, 36, 14, 47]
客户端数：30	时间：0.004988431930541992	客户端：[28, 64, 15, 56, 23, 52, 11, 54, 58, 55, 42, 19, 62, 7, 3, 25, 61, 36, 14, 47, 46, 17, 31, 18, 50, 39, 12, 34, 40, 20]
客户端数：40	时间：0.008024215698242188	客户端：[28, 64, 15, 56, 23, 52, 11, 54, 58, 55, 42, 19, 62, 7, 3, 25, 61, 36, 14, 47, 46, 17, 31, 18, 50, 39, 12, 34, 40, 20, 53, 9, 35, 32, 24, 37, 57, 38, 5, 13]
客户端数：50	时间：0.012018918991088867	客户端：[28, 64, 15, 56, 23, 52, 11, 54, 58, 55, 42, 19, 62, 7, 3, 25, 61, 36, 14, 47, 46, 17, 31, 18, 50, 39, 12, 34, 40, 20, 53, 9, 35, 32, 24, 37, 57, 38, 5, 13, 44, 26, 43, 1, 45, 8, 59, 63, 41, 4]
客户端数：55	时间：0.013016939163208008	客户端：[28, 64, 15, 56, 23, 52, 11, 54, 58, 55, 42, 19, 62, 7, 3, 25, 61, 36, 14, 47, 46, 17, 31, 18, 50, 39, 12, 34, 40, 20, 53, 9, 35, 32, 24, 37, 57, 38, 5, 13, 44, 26, 43, 1, 45, 8, 59, 63, 41, 4, 21, 27, 29, 33, 49]
T3
客户端数：10	时间：43.99967336654663	客户端：[28, 64, 15, 56, 23, 52, 11, 54, 58, 55]
客户端数：20	时间：80.82005381584167	客户端：[28, 64, 15, 56, 23, 52, 11, 54, 58, 55, 42, 19, 62, 7, 3, 25, 61, 36, 14, 47]
客户端数：30	时间：146.50176548957825	客户端：[28, 64, 15, 56, 23, 52, 11, 54, 58, 55, 42, 19, 62, 7, 3, 25, 61, 36, 14, 47, 46, 17, 31, 18, 50, 39, 12, 34, 40, 20]
客户端数：40	时间：241.33144640922546	客户端：[28, 64, 15, 56, 23, 52, 11, 54, 58, 55, 42, 19, 62, 7, 3, 25, 61, 36, 14, 47, 46, 17, 31, 18, 50, 39, 12, 34, 40, 20, 53, 9, 35, 32, 24, 37, 57, 38, 5, 13]
客户端数：50	时间：368.59425258636475	客户端：[28, 64, 15, 56, 23, 52, 11, 54, 58, 55, 42, 19, 62, 7, 3, 25, 61, 36, 14, 47, 46, 17, 31, 18, 50, 39, 12, 34, 40, 20, 53, 9, 35, 32, 24, 37, 57, 38, 5, 13, 44, 26, 43, 1, 45, 8, 59, 63, 41, 4]
客户端数：55	时间：444.27118468284607	客户端：[28, 64, 15, 56, 23, 52, 11, 54, 58, 55, 42, 19, 62, 7, 3, 25, 61, 36, 14, 47, 46, 17, 31, 18, 50, 39, 12, 34, 40, 20, 53, 9, 35, 32, 24, 37, 57, 38, 5, 13, 44, 26, 43, 1, 45, 8, 59, 63, 41, 4, 21, 27, 29, 33, 49]
BYTE
客户端数：10	字节数：3200000	客户端：[54, 36, 52, 18, 32, 14, 37, 26, 11, 31]
客户端数：20	字节数：6400000	客户端：[54, 36, 52, 18, 32, 14, 37, 26, 11, 31, 55, 21, 23, 25, 61, 29, 12, 58, 47, 50]
客户端数：30	字节数：9600000	客户端：[54, 36, 52, 18, 32, 14, 37, 26, 11, 31, 55, 21, 23, 25, 61, 29, 12, 58, 47, 50, 8, 13, 17, 45, 41, 5, 24, 33, 49, 20]
客户端数：40	字节数：12800000	客户端：[54, 36, 52, 18, 32, 14, 37, 26, 11, 31, 55, 21, 23, 25, 61, 29, 12, 58, 47, 50, 8, 13, 17, 45, 41, 5, 24, 33, 49, 20, 15, 35, 43, 40, 53, 38, 9, 46, 3, 1]
客户端数：50	字节数：16000000	客户端：[54, 36, 52, 18, 32, 14, 37, 26, 11, 31, 55, 21, 23, 25, 61, 29, 12, 58, 47, 50, 8, 13, 17, 45, 41, 5, 24, 33, 49, 20, 15, 35, 43, 40, 53, 38, 9, 46, 3, 1, 44, 57, 59, 19, 62, 4, 39, 27, 63, 7]
客户端数：53	字节数：16960000	客户端：[54, 36, 52, 18, 32, 14, 37, 26, 11, 31, 55, 21, 23, 25, 61, 29, 12, 58, 47, 50, 8, 13, 17, 45, 41, 5, 24, 33, 49, 20, 15, 35, 43, 40, 53, 38, 9, 46, 3, 1, 44, 57, 59, 19, 62, 4, 39, 27, 63, 7, 34, 42, 56]
PRO_LEN：320000
score：0.962031746031746
loss rate：0.037968253968253984
finished iteration：2023-01-01 00:00:51.269412

Number of rounds 4
T1
客户端数：10	时间：0.003963470458984375	客户端：[14, 54, 18, 17, 36, 15, 62, 31, 32, 19]
客户端数：20	时间：0.007953405380249023	客户端：[14, 54, 18, 17, 36, 15, 62, 31, 32, 19, 53, 25, 46, 9, 58, 50, 11, 12, 23, 34]
客户端数：30	时间：0.011960268020629883	客户端：[14, 54, 18, 17, 36, 15, 62, 31, 32, 19, 53, 25, 46, 9, 58, 50, 11, 12, 23, 34, 26, 55, 40, 3, 47, 57, 5, 20, 13, 24]
客户端数：40	时间：0.014951467514038086	客户端：[14, 54, 18, 17, 36, 15, 62, 31, 32, 19, 53, 25, 46, 9, 58, 50, 11, 12, 23, 34, 26, 55, 40, 3, 47, 57, 5, 20, 13, 24, 39, 1, 61, 43, 45, 37, 8, 7, 56, 59]
客户端数：50	时间：0.01594996452331543	客户端：[14, 54, 18, 17, 36, 15, 62, 31, 32, 19, 53, 25, 46, 9, 58, 50, 11, 12, 23, 34, 26, 55, 40, 3, 47, 57, 5, 20, 13, 24, 39, 1, 61, 43, 45, 37, 8, 7, 56, 59, 63, 38, 41, 4, 42, 21, 35, 52, 27, 29]
客户端数：53	时间：0.016948223114013672	客户端：[14, 54, 18, 17, 36, 15, 62, 31, 32, 19, 53, 25, 46, 9, 58, 50, 11, 12, 23, 34, 26, 55, 40, 3, 47, 57, 5, 20, 13, 24, 39, 1, 61, 43, 45, 37, 8, 7, 56, 59, 63, 38, 41, 4, 42, 21, 35, 52, 27, 29, 44, 33, 49]
T2
客户端数：10	时间：0.004986286163330078	客户端：[23, 15, 56, 52, 5, 27, 11, 61, 58, 29]
客户端数：20	时间：0.006981611251831055	客户端：[23, 15, 56, 52, 5, 27, 11, 61, 58, 29, 42, 45, 62, 36, 25, 47, 14, 41, 49, 18]
客户端数：30	时间：0.007978677749633789	客户端：[23, 15, 56, 52, 5, 27, 11, 61, 58, 29, 42, 45, 62, 36, 25, 47, 14, 41, 49, 18, 50, 7, 37, 55, 35, 20, 31, 24, 1, 53]
客户端数：40	时间：0.008978843688964844	客户端：[23, 15, 56, 52, 5, 27, 11, 61, 58, 29, 42, 45, 62, 36, 25, 47, 14, 41, 49, 18, 50, 7, 37, 55, 35, 20, 31, 24, 1, 53, 8, 9, 32, 38, 26, 40, 21, 39, 57, 33]
客户端数：50	时间：0.010998010635375977	客户端：[23, 15, 56, 52, 5, 27, 11, 61, 58, 29, 42, 45, 62, 36, 25, 47, 14, 41, 49, 18, 50, 7, 37, 55, 35, 20, 31, 24, 1, 53, 8, 9, 32, 38, 26, 40, 21, 39, 57, 33, 17, 44, 46, 13, 19, 63, 3, 4, 12, 43]
客户端数：53	时间：0.013990402221679688	客户端：[23, 15, 56, 52, 5, 27, 11, 61, 58, 29, 42, 45, 62, 36, 25, 47, 14, 41, 49, 18, 50, 7, 37, 55, 35, 20, 31, 24, 1, 53, 8, 9, 32, 38, 26, 40, 21, 39, 57, 33, 17, 44, 46, 13, 19, 63, 3, 4, 12, 43, 59, 54, 34]
T3
客户端数：10	时间：14.574604511260986	客户端：[23, 15, 56, 52, 5, 27, 11, 61, 58, 29]
客户端数：20	时间：58.52685761451721	客户端：[23, 15, 56, 52, 5, 27, 11, 61, 58, 29, 42, 45, 62, 36, 25, 47, 14, 41, 49, 18]
客户端数：30	时间：132.53422379493713	客户端：[23, 15, 56, 52, 5, 27, 11, 61, 58, 29, 42, 45, 62, 36, 25, 47, 14, 41, 49, 18, 50, 7, 37, 55, 35, 20, 31, 24, 1, 53]
客户端数：40	时间：235.07767295837402	客户端：[23, 15, 56, 52, 5, 27, 11, 61, 58, 29, 42, 45, 62, 36, 25, 47, 14, 41, 49, 18, 50, 7, 37, 55, 35, 20, 31, 24, 1, 53, 8, 9, 32, 38, 26, 40, 21, 39, 57, 33]
客户端数：50	时间：365.7175362110138	客户端：[23, 15, 56, 52, 5, 27, 11, 61, 58, 29, 42, 45, 62, 36, 25, 47, 14, 41, 49, 18, 50, 7, 37, 55, 35, 20, 31, 24, 1, 53, 8, 9, 32, 38, 26, 40, 21, 39, 57, 33, 17, 44, 46, 13, 19, 63, 3, 4, 12, 43]
客户端数：53	时间：410.314679145813	客户端：[23, 15, 56, 52, 5, 27, 11, 61, 58, 29, 42, 45, 62, 36, 25, 47, 14, 41, 49, 18, 50, 7, 37, 55, 35, 20, 31, 24, 1, 53, 8, 9, 32, 38, 26, 40, 21, 39, 57, 33, 17, 44, 46, 13, 19, 63, 3, 4, 12, 43, 59, 54, 34]
BYTE
客户端数：10	字节数：3200000	客户端：[14, 54, 18, 17, 36, 15, 62, 31, 32, 19]
客户端数：20	字节数：6400000	客户端：[14, 54, 18, 17, 36, 15, 62, 31, 32, 19, 53, 25, 46, 9, 58, 50, 11, 12, 23, 34]
客户端数：30	字节数：9600000	客户端：[14, 54, 18, 17, 36, 15, 62, 31, 32, 19, 53, 25, 46, 9, 58, 50, 11, 12, 23, 34, 26, 55, 40, 3, 47, 57, 5, 20, 13, 24]
客户端数：40	字节数：12800000	客户端：[14, 54, 18, 17, 36, 15, 62, 31, 32, 19, 53, 25, 46, 9, 58, 50, 11, 12, 23, 34, 26, 55, 40, 3, 47, 57, 5, 20, 13, 24, 39, 1, 61, 43, 45, 37, 8, 7, 56, 59]
客户端数：50	字节数：16000000	客户端：[14, 54, 18, 17, 36, 15, 62, 31, 32, 19, 53, 25, 46, 9, 58, 50, 11, 12, 23, 34, 26, 55, 40, 3, 47, 57, 5, 20, 13, 24, 39, 1, 61, 43, 45, 37, 8, 7, 56, 59, 63, 38, 41, 4, 42, 21, 35, 52, 27, 29]
客户端数：53	字节数：16960000	客户端：[14, 54, 18, 17, 36, 15, 62, 31, 32, 19, 53, 25, 46, 9, 58, 50, 11, 12, 23, 34, 26, 55, 40, 3, 47, 57, 5, 20, 13, 24, 39, 1, 61, 43, 45, 37, 8, 7, 56, 59, 63, 38, 41, 4, 42, 21, 35, 52, 27, 29, 44, 33, 49]
PRO_LEN：320000
score：0.9645714285714285
loss rate：0.035428571428571476
finished iteration：2023-01-01 00:01:11.229274

Number of rounds 5
T1
客户端数：10	时间：0.0029926300048828125	客户端：[52, 15, 14, 18, 29, 62, 37, 42, 5, 49]
客户端数：20	时间：0.005984783172607422	客户端：[52, 15, 14, 18, 29, 62, 37, 42, 5, 49, 53, 45, 26, 61, 21, 38, 31, 7, 58, 20]
客户端数：30	时间：0.007979393005371094	客户端：[52, 15, 14, 18, 29, 62, 37, 42, 5, 49, 53, 45, 26, 61, 21, 38, 31, 7, 58, 20, 32, 1, 35, 36, 24, 17, 40, 39, 50, 55]
客户端数：40	时间：0.010970354080200195	客户端：[52, 15, 14, 18, 29, 62, 37, 42, 5, 49, 53, 45, 26, 61, 21, 38, 31, 7, 58, 20, 32, 1, 35, 36, 24, 17, 40, 39, 50, 55, 33, 44, 46, 8, 19, 25, 63, 13, 4, 3]
客户端数：50	时间：0.012964725494384766	客户端：[52, 15, 14, 18, 29, 62, 37, 42, 5, 49, 53, 45, 26, 61, 21, 38, 31, 7, 58, 20, 32, 1, 35, 36, 24, 17, 40, 39, 50, 55, 33, 44, 46, 8, 19, 25, 63, 13, 4, 3, 9, 23, 27, 43, 12, 47, 59, 41, 56, 54]
客户端数：52	时间：0.012964725494384766	客户端：[52, 15, 14, 18, 29, 62, 37, 42, 5, 49, 53, 45, 26, 61, 21, 38, 31, 7, 58, 20, 32, 1, 35, 36, 24, 17, 40, 39, 50, 55, 33, 44, 46, 8, 19, 25, 63, 13, 4, 3, 9, 23, 27, 43, 12, 47, 59, 41, 56, 54, 34, 11]
T2
客户端数：10	时间：0.0029599666595458984	客户端：[5, 15, 56, 52, 27, 3, 11, 54, 61, 42]
客户端数：20	时间：0.007946491241455078	客户端：[5, 15, 56, 52, 27, 3, 11, 54, 61, 42, 36, 45, 19, 62, 12, 25, 13, 46, 47, 31]
客户端数：30	时间：0.010938644409179688	客户端：[5, 15, 56, 52, 27, 3, 11, 54, 61, 42, 36, 45, 19, 62, 12, 25, 13, 46, 47, 31, 41, 49, 17, 40, 18, 26, 20, 8, 63, 44]
客户端数：40	时间：0.010938644409179688	客户端：[5, 15, 56, 52, 27, 3, 11, 54, 61, 42, 36, 45, 19, 62, 12, 25, 13, 46, 47, 31, 41, 49, 17, 40, 18, 26, 20, 8, 63, 44, 43, 1, 35, 58, 9, 37, 14, 33, 55, 38]
客户端数：50	时间：0.01395106315612793	客户端：[5, 15, 56, 52, 27, 3, 11, 54, 61, 42, 36, 45, 19, 62, 12, 25, 13, 46, 47, 31, 41, 49, 17, 40, 18, 26, 20, 8, 63, 44, 43, 1, 35, 58, 9, 37, 14, 33, 55, 38, 53, 32, 23, 59, 7, 34, 29, 39, 24, 50]
客户端数：51	时间：0.01395106315612793	客户端：[5, 15, 56, 52, 27, 3, 11, 54, 61, 42, 36, 45, 19, 62, 12, 25, 13, 46, 47, 31, 41, 49, 17, 40, 18, 26, 20, 8, 63, 44, 43, 1, 35, 58, 9, 37, 14, 33, 55, 38, 53, 32, 23, 59, 7, 34, 29, 39, 24, 50, 21]
T3
客户端数：10	时间：13.222469806671143	客户端：[5, 15, 56, 52, 27, 3, 11, 54, 61, 42]
客户端数：20	时间：55.17463278770447	客户端：[5, 15, 56, 52, 27, 3, 11, 54, 61, 42, 36, 45, 19, 62, 12, 25, 13, 46, 47, 31]
客户端数：30	时间：126.07953190803528	客户端：[5, 15, 56, 52, 27, 3, 11, 54, 61, 42, 36, 45, 19, 62, 12, 25, 13, 46, 47, 31, 41, 49, 17, 40, 18, 26, 20, 8, 63, 44]
客户端数：40	时间：225.0618679523468	客户端：[5, 15, 56, 52, 27, 3, 11, 54, 61, 42, 36, 45, 19, 62, 12, 25, 13, 46, 47, 31, 41, 49, 17, 40, 18, 26, 20, 8, 63, 44, 43, 1, 35, 58, 9, 37, 14, 33, 55, 38]
客户端数：50	时间：352.0620632171631	客户端：[5, 15, 56, 52, 27, 3, 11, 54, 61, 42, 36, 45, 19, 62, 12, 25, 13, 46, 47, 31, 41, 49, 17, 40, 18, 26, 20, 8, 63, 44, 43, 1, 35, 58, 9, 37, 14, 33, 55, 38, 53, 32, 23, 59, 7, 34, 29, 39, 24, 50]
客户端数：51	时间：366.29015135765076	客户端：[5, 15, 56, 52, 27, 3, 11, 54, 61, 42, 36, 45, 19, 62, 12, 25, 13, 46, 47, 31, 41, 49, 17, 40, 18, 26, 20, 8, 63, 44, 43, 1, 35, 58, 9, 37, 14, 33, 55, 38, 53, 32, 23, 59, 7, 34, 29, 39, 24, 50, 21]
BYTE
客户端数：10	字节数：3200000	客户端：[52, 15, 14, 18, 29, 62, 37, 42, 5, 49]
客户端数：20	字节数：6400000	客户端：[52, 15, 14, 18, 29, 62, 37, 42, 5, 49, 53, 45, 26, 61, 21, 38, 31, 7, 58, 20]
客户端数：30	字节数：9600000	客户端：[52, 15, 14, 18, 29, 62, 37, 42, 5, 49, 53, 45, 26, 61, 21, 38, 31, 7, 58, 20, 32, 1, 35, 36, 24, 17, 40, 39, 50, 55]
客户端数：40	字节数：12800000	客户端：[52, 15, 14, 18, 29, 62, 37, 42, 5, 49, 53, 45, 26, 61, 21, 38, 31, 7, 58, 20, 32, 1, 35, 36, 24, 17, 40, 39, 50, 55, 33, 44, 46, 8, 19, 25, 63, 13, 4, 3]
客户端数：50	字节数：16000000	客户端：[52, 15, 14, 18, 29, 62, 37, 42, 5, 49, 53, 45, 26, 61, 21, 38, 31, 7, 58, 20, 32, 1, 35, 36, 24, 17, 40, 39, 50, 55, 33, 44, 46, 8, 19, 25, 63, 13, 4, 3, 9, 23, 27, 43, 12, 47, 59, 41, 56, 54]
客户端数：52	字节数：16640000	客户端：[52, 15, 14, 18, 29, 62, 37, 42, 5, 49, 53, 45, 26, 61, 21, 38, 31, 7, 58, 20, 32, 1, 35, 36, 24, 17, 40, 39, 50, 55, 33, 44, 46, 8, 19, 25, 63, 13, 4, 3, 9, 23, 27, 43, 12, 47, 59, 41, 56, 54, 34, 11]
PRO_LEN：320000
score：0.9654603174603175
loss rate：0.03453968253968254
finished iteration：2023-01-01 00:01:31.065472

Number of rounds 6
T1
客户端数：10	时间：0.0039899349212646484	客户端：[54, 27, 36, 18, 62, 17, 15, 42, 12, 61]
客户端数：20	时间：0.01296854019165039	客户端：[54, 27, 36, 18, 62, 17, 15, 42, 12, 61, 3, 40, 25, 49, 46, 31, 41, 14, 20, 45]
客户端数：30	时间：0.018953561782836914	客户端：[54, 27, 36, 18, 62, 17, 15, 42, 12, 61, 3, 40, 25, 49, 46, 31, 41, 14, 20, 45, 9, 55, 43, 8, 5, 33, 1, 53, 32, 47]
客户端数：40	时间：0.02593255043029785	客户端：[54, 27, 36, 18, 62, 17, 15, 42, 12, 61, 3, 40, 25, 49, 46, 31, 41, 14, 20, 45, 9, 55, 43, 8, 5, 33, 1, 53, 32, 47, 26, 7, 35, 13, 23, 29, 11, 56, 52, 19]
客户端数：50	时间：0.032913923263549805	客户端：[54, 27, 36, 18, 62, 17, 15, 42, 12, 61, 3, 40, 25, 49, 46, 31, 41, 14, 20, 45, 9, 55, 43, 8, 5, 33, 1, 53, 32, 47, 26, 7, 35, 13, 23, 29, 11, 56, 52, 19, 59, 24, 50, 44, 21, 38, 39, 63, 34, 37]
T2
客户端数：10	时间：0.0030412673950195312	客户端：[11, 5, 12, 52, 54, 29, 61, 55, 62, 7]
客户端数：20	时间：0.004052162170410156	客户端：[11, 5, 12, 52, 54, 29, 61, 55, 62, 7, 56, 42, 36, 14, 25, 32, 34, 31, 41, 13]
客户端数：30	时间：0.005048990249633789	客户端：[11, 5, 12, 52, 54, 29, 61, 55, 62, 7, 56, 42, 36, 14, 25, 32, 34, 31, 41, 13, 50, 18, 49, 37, 35, 23, 40, 53, 9, 43]
客户端数：40	时间：0.008041858673095703	客户端：[11, 5, 12, 52, 54, 29, 61, 55, 62, 7, 56, 42, 36, 14, 25, 32, 34, 31, 41, 13, 50, 18, 49, 37, 35, 23, 40, 53, 9, 43, 19, 63, 24, 39, 1, 33, 17, 20, 15, 3]
客户端数：50	时间：0.009040355682373047	客户端：[11, 5, 12, 52, 54, 29, 61, 55, 62, 7, 56, 42, 36, 14, 25, 32, 34, 31, 41, 13, 50, 18, 49, 37, 35, 23, 40, 53, 9, 43, 19, 63, 24, 39, 1, 33, 17, 20, 15, 3, 44, 38, 59, 47, 21, 27, 8, 45, 46, 26]
T3
客户端数：10	时间：15.752144575119019	客户端：[11, 5, 12, 52, 54, 29, 61, 55, 62, 7]
客户端数：20	时间：61.888574838638306	客户端：[11, 5, 12, 52, 54, 29, 61, 55, 62, 7, 56, 42, 36, 14, 25, 32, 34, 31, 41, 13]
客户端数：30	时间：139.87898755073547	客户端：[11, 5, 12, 52, 54, 29, 61, 55, 62, 7, 56, 42, 36, 14, 25, 32, 34, 31, 41, 13, 50, 18, 49, 37, 35, 23, 40, 53, 9, 43]
客户端数：40	时间：248.11989283561707	客户端：[11, 5, 12, 52, 54, 29, 61, 55, 62, 7, 56, 42, 36, 14, 25, 32, 34, 31, 41, 13, 50, 18, 49, 37, 35, 23, 40, 53, 9, 43, 19, 63, 24, 39, 1, 33, 17, 20, 15, 3]
客户端数：50	时间：392.3793828487396	客户端：[11, 5, 12, 52, 54, 29, 61, 55, 62, 7, 56, 42, 36, 14, 25, 32, 34, 31, 41, 13, 50, 18, 49, 37, 35, 23, 40, 53, 9, 43, 19, 63, 24, 39, 1, 33, 17, 20, 15, 3, 44, 38, 59, 47, 21, 27, 8, 45, 46, 26]
BYTE
客户端数：10	字节数：3200000	客户端：[54, 27, 36, 18, 62, 17, 15, 42, 12, 61]
客户端数：20	字节数：6400000	客户端：[54, 27, 36, 18, 62, 17, 15, 42, 12, 61, 3, 40, 25, 49, 46, 31, 41, 14, 20, 45]
客户端数：30	字节数：9600000	客户端：[54, 27, 36, 18, 62, 17, 15, 42, 12, 61, 3, 40, 25, 49, 46, 31, 41, 14, 20, 45, 9, 55, 43, 8, 5, 33, 1, 53, 32, 47]
客户端数：40	字节数：12800000	客户端：[54, 27, 36, 18, 62, 17, 15, 42, 12, 61, 3, 40, 25, 49, 46, 31, 41, 14, 20, 45, 9, 55, 43, 8, 5, 33, 1, 53, 32, 47, 26, 7, 35, 13, 23, 29, 11, 56, 52, 19]
客户端数：50	字节数：16000000	客户端：[54, 27, 36, 18, 62, 17, 15, 42, 12, 61, 3, 40, 25, 49, 46, 31, 41, 14, 20, 45, 9, 55, 43, 8, 5, 33, 1, 53, 32, 47, 26, 7, 35, 13, 23, 29, 11, 56, 52, 19, 59, 24, 50, 44, 21, 38, 39, 63, 34, 37]
PRO_LEN：320000
score：0.9660952380952381
loss rate：0.03390476190476188
finished iteration：2023-01-01 00:01:51.051214

Number of rounds 7
T1
客户端数：10	时间：0.0029926300048828125	客户端：[18, 36, 11, 7, 32, 37, 42, 31, 54, 62]
客户端数：20	时间：0.004987478256225586	客户端：[18, 36, 11, 7, 32, 37, 42, 31, 54, 62, 40, 25, 34, 53, 13, 63, 23, 43, 35, 49]
客户端数：30	时间：0.007979393005371094	客户端：[18, 36, 11, 7, 32, 37, 42, 31, 54, 62, 40, 25, 34, 53, 13, 63, 23, 43, 35, 49, 14, 39, 41, 33, 50, 19, 17, 3, 1, 38]
客户端数：40	时间：0.009984254837036133	客户端：[18, 36, 11, 7, 32, 37, 42, 31, 54, 62, 40, 25, 34, 53, 13, 63, 23, 43, 35, 49, 14, 39, 41, 33, 50, 19, 17, 3, 1, 38, 44, 20, 59, 47, 21, 9, 27, 12, 8, 55]
客户端数：48	时间：0.0109710693359375	客户端：[18, 36, 11, 7, 32, 37, 42, 31, 54, 62, 40, 25, 34, 53, 13, 63, 23, 43, 35, 49, 14, 39, 41, 33, 50, 19, 17, 3, 1, 38, 44, 20, 59, 47, 21, 9, 27, 12, 8, 55, 15, 45, 52, 5, 29, 24, 46, 26]
T2
客户端数：10	时间：0.0015146732330322266	客户端：[4, 15, 27, 3, 54, 23, 55, 29, 36, 62]
客户端数：20	时间：0.0025093555450439453	客户端：[4, 15, 27, 3, 54, 23, 55, 29, 36, 62, 25, 32, 45, 7, 34, 52, 18, 53, 41, 59]
客户端数：30	时间：0.005503416061401367	客户端：[4, 15, 27, 3, 54, 23, 55, 29, 36, 62, 25, 32, 45, 7, 34, 52, 18, 53, 41, 59, 46, 39, 8, 9, 49, 44, 24, 38, 21, 63]
客户端数：40	时间：0.0075225830078125	客户端：[4, 15, 27, 3, 54, 23, 55, 29, 36, 62, 25, 32, 45, 7, 34, 52, 18, 53, 41, 59, 46, 39, 8, 9, 49, 44, 24, 38, 21, 63, 31, 13, 47, 33, 26, 1, 37, 43, 17, 35]
客户端数：49	时间：0.008521318435668945	客户端：[4, 15, 27, 3, 54, 23, 55, 29, 36, 62, 25, 32, 45, 7, 34, 52, 18, 53, 41, 59, 46, 39, 8, 9, 49, 44, 24, 38, 21, 63, 31, 13, 47, 33, 26, 1, 37, 43, 17, 35, 20, 11, 19, 42, 5, 12, 40, 50, 14]
T3
客户端数：10	时间：51.295368909835815	客户端：[4, 15, 27, 3, 54, 23, 55, 29, 36, 62]
客户端数：20	时间：91.95807075500488	客户端：[4, 15, 27, 3, 54, 23, 55, 29, 36, 62, 25, 32, 45, 7, 34, 52, 18, 53, 41, 59]
客户端数：30	时间：160.92483735084534	客户端：[4, 15, 27, 3, 54, 23, 55, 29, 36, 62, 25, 32, 45, 7, 34, 52, 18, 53, 41, 59, 46, 39, 8, 9, 49, 44, 24, 38, 21, 63]
客户端数：40	时间：258.89100098609924	客户端：[4, 15, 27, 3, 54, 23, 55, 29, 36, 62, 25, 32, 45, 7, 34, 52, 18, 53, 41, 59, 46, 39, 8, 9, 49, 44, 24, 38, 21, 63, 31, 13, 47, 33, 26, 1, 37, 43, 17, 35]
客户端数：49	时间：372.3741397857666	客户端：[4, 15, 27, 3, 54, 23, 55, 29, 36, 62, 25, 32, 45, 7, 34, 52, 18, 53, 41, 59, 46, 39, 8, 9, 49, 44, 24, 38, 21, 63, 31, 13, 47, 33, 26, 1, 37, 43, 17, 35, 20, 11, 19, 42, 5, 12, 40, 50, 14]
BYTE
客户端数：10	字节数：3200000	客户端：[18, 36, 11, 7, 32, 37, 42, 31, 54, 62]
客户端数：20	字节数：6400000	客户端：[18, 36, 11, 7, 32, 37, 42, 31, 54, 62, 40, 25, 34, 53, 13, 63, 23, 43, 35, 49]
客户端数：30	字节数：9600000	客户端：[18, 36, 11, 7, 32, 37, 42, 31, 54, 62, 40, 25, 34, 53, 13, 63, 23, 43, 35, 49, 14, 39, 41, 33, 50, 19, 17, 3, 1, 38]
客户端数：40	字节数：12800000	客户端：[18, 36, 11, 7, 32, 37, 42, 31, 54, 62, 40, 25, 34, 53, 13, 63, 23, 43, 35, 49, 14, 39, 41, 33, 50, 19, 17, 3, 1, 38, 44, 20, 59, 47, 21, 9, 27, 12, 8, 55]
客户端数：48	字节数：15360000	客户端：[18, 36, 11, 7, 32, 37, 42, 31, 54, 62, 40, 25, 34, 53, 13, 63, 23, 43, 35, 49, 14, 39, 41, 33, 50, 19, 17, 3, 1, 38, 44, 20, 59, 47, 21, 9, 27, 12, 8, 55, 15, 45, 52, 5, 29, 24, 46, 26]
PRO_LEN：320000
score：0.9659682539682539
loss rate：0.03403174603174608
finished iteration：2023-01-01 00:02:11.472207

Number of rounds 8
T1
客户端数：10	时间：0.0009987354278564453	客户端：[3, 54, 62, 36, 27, 55, 32, 29, 7, 25]
客户端数：20	时间：0.003989696502685547	客户端：[3, 54, 62, 36, 27, 55, 32, 29, 7, 25, 21, 52, 15, 45, 44, 59, 38, 34, 18, 46]
客户端数：30	时间：0.0069811344146728516	客户端：[3, 54, 62, 36, 27, 55, 32, 29, 7, 25, 21, 52, 15, 45, 44, 59, 38, 34, 18, 46, 49, 39, 9, 24, 13, 26, 8, 31, 63, 37]
客户端数：40	时间：0.008975505828857422	客户端：[3, 54, 62, 36, 27, 55, 32, 29, 7, 25, 21, 52, 15, 45, 44, 59, 38, 34, 18, 46, 49, 39, 9, 24, 13, 26, 8, 31, 63, 37, 1, 17, 43, 53, 20, 41, 11, 19, 35, 33]
客户端数：48	时间：0.010972023010253906	客户端：[3, 54, 62, 36, 27, 55, 32, 29, 7, 25, 21, 52, 15, 45, 44, 59, 38, 34, 18, 46, 49, 39, 9, 24, 13, 26, 8, 31, 63, 37, 1, 17, 43, 53, 20, 41, 11, 19, 35, 33, 42, 47, 5, 12, 40, 23, 50, 14]
T2
客户端数：10	时间：0.0	客户端：[5, 23, 52, 11, 54, 12, 27, 29, 36, 42]
客户端数：20	时间：0.0	客户端：[5, 23, 52, 11, 54, 12, 27, 29, 36, 42, 19, 55, 25, 45, 15, 41, 14, 17, 34, 49]
客户端数：30	时间：0.0049610137939453125	客户端：[5, 23, 52, 11, 54, 12, 27, 29, 36, 42, 19, 55, 25, 45, 15, 41, 14, 17, 34, 49, 32, 39, 37, 31, 35, 62, 1, 53, 20, 24]
客户端数：40	时间：0.007012844085693359	客户端：[5, 23, 52, 11, 54, 12, 27, 29, 36, 42, 19, 55, 25, 45, 15, 41, 14, 17, 34, 49, 32, 39, 37, 31, 35, 62, 1, 53, 20, 24, 44, 40, 8, 33, 26, 9, 50, 47, 13, 3]
客户端数：48	时间：0.009006500244140625	客户端：[5, 23, 52, 11, 54, 12, 27, 29, 36, 42, 19, 55, 25, 45, 15, 41, 14, 17, 34, 49, 32, 39, 37, 31, 35, 62, 1, 53, 20, 24, 44, 40, 8, 33, 26, 9, 50, 47, 13, 3, 63, 21, 7, 59, 43, 46, 38, 18]
T3
客户端数：10	时间：14.213400602340698	客户端：[5, 23, 52, 11, 54, 12, 27, 29, 36, 42]
客户端数：20	时间：58.88494038581848	客户端：[5, 23, 52, 11, 54, 12, 27, 29, 36, 42, 19, 55, 25, 45, 15, 41, 14, 17, 34, 49]
客户端数：30	时间：134.42823386192322	客户端：[5, 23, 52, 11, 54, 12, 27, 29, 36, 42, 19, 55, 25, 45, 15, 41, 14, 17, 34, 49, 32, 39, 37, 31, 35, 62, 1, 53, 20, 24]
客户端数：40	时间：239.99388003349304	客户端：[5, 23, 52, 11, 54, 12, 27, 29, 36, 42, 19, 55, 25, 45, 15, 41, 14, 17, 34, 49, 32, 39, 37, 31, 35, 62, 1, 53, 20, 24, 44, 40, 8, 33, 26, 9, 50, 47, 13, 3]
客户端数：48	时间：346.86970233917236	客户端：[5, 23, 52, 11, 54, 12, 27, 29, 36, 42, 19, 55, 25, 45, 15, 41, 14, 17, 34, 49, 32, 39, 37, 31, 35, 62, 1, 53, 20, 24, 44, 40, 8, 33, 26, 9, 50, 47, 13, 3, 63, 21, 7, 59, 43, 46, 38, 18]
BYTE
客户端数：10	字节数：3200000	客户端：[3, 54, 62, 36, 27, 55, 32, 29, 7, 25]
客户端数：20	字节数：6400000	客户端：[3, 54, 62, 36, 27, 55, 32, 29, 7, 25, 21, 52, 15, 45, 44, 59, 38, 34, 18, 46]
客户端数：30	字节数：9600000	客户端：[3, 54, 62, 36, 27, 55, 32, 29, 7, 25, 21, 52, 15, 45, 44, 59, 38, 34, 18, 46, 49, 39, 9, 24, 13, 26, 8, 31, 63, 37]
客户端数：40	字节数：12800000	客户端：[3, 54, 62, 36, 27, 55, 32, 29, 7, 25, 21, 52, 15, 45, 44, 59, 38, 34, 18, 46, 49, 39, 9, 24, 13, 26, 8, 31, 63, 37, 1, 17, 43, 53, 20, 41, 11, 19, 35, 33]
客户端数：48	字节数：15360000	客户端：[3, 54, 62, 36, 27, 55, 32, 29, 7, 25, 21, 52, 15, 45, 44, 59, 38, 34, 18, 46, 49, 39, 9, 24, 13, 26, 8, 31, 63, 37, 1, 17, 43, 53, 20, 41, 11, 19, 35, 33, 42, 47, 5, 12, 40, 23, 50, 14]
PRO_LEN：320000
score：0.9665396825396826
loss rate：0.03346031746031741
finished iteration：2023-01-01 00:02:32.142877

Number of rounds 9
T1
客户端数：10	时间：0.00399017333984375	客户端：[54, 36, 29, 17, 14, 55, 11, 37, 27, 62]
客户端数：20	时间：0.006982326507568359	客户端：[54, 36, 29, 17, 14, 55, 11, 37, 27, 62, 15, 26, 19, 31, 49, 12, 41, 34, 32, 5]
客户端数：30	时间：0.01004171371459961	客户端：[54, 36, 29, 17, 14, 55, 11, 37, 27, 62, 15, 26, 19, 31, 49, 12, 41, 34, 32, 5, 20, 39, 1, 9, 45, 33, 42, 47, 13, 63]
客户端数：40	时间：0.012038469314575195	客户端：[54, 36, 29, 17, 14, 55, 11, 37, 27, 62, 15, 26, 19, 31, 49, 12, 41, 34, 32, 5, 20, 39, 1, 9, 45, 33, 42, 47, 13, 63, 8, 21, 7, 50, 23, 59, 35, 53, 24, 43]
客户端数：48	时间：0.015065670013427734	客户端：[54, 36, 29, 17, 14, 55, 11, 37, 27, 62, 15, 26, 19, 31, 49, 12, 41, 34, 32, 5, 20, 39, 1, 9, 45, 33, 42, 47, 13, 63, 8, 21, 7, 50, 23, 59, 35, 53, 24, 43, 44, 3, 25, 46, 52, 38, 18, 40]
T2
客户端数：10	时间：0.004987478256225586	客户端：[15, 23, 52, 27, 11, 3, 12, 19, 54, 42]
客户端数：20	时间：0.009976863861083984	客户端：[15, 23, 52, 27, 11, 3, 12, 19, 54, 42, 62, 25, 7, 14, 47, 36, 46, 41, 13, 45]
客户端数：30	时间：0.010973691940307617	客户端：[15, 23, 52, 27, 11, 3, 12, 19, 54, 42, 62, 25, 7, 14, 47, 36, 46, 41, 13, 45, 31, 17, 20, 32, 40, 26, 24, 63, 37, 18]
客户端数：40	时间：0.01197195053100586	客户端：[15, 23, 52, 27, 11, 3, 12, 19, 54, 42, 62, 25, 7, 14, 47, 36, 46, 41, 13, 45, 31, 17, 20, 32, 40, 26, 24, 63, 37, 18, 43, 9, 39, 8, 29, 53, 34, 38, 49, 44]
客户端数：46	时间：0.012969017028808594	客户端：[15, 23, 52, 27, 11, 3, 12, 19, 54, 42, 62, 25, 7, 14, 47, 36, 46, 41, 13, 45, 31, 17, 20, 32, 40, 26, 24, 63, 37, 18, 43, 9, 39, 8, 29, 53, 34, 38, 49, 44, 1, 21, 5, 55, 50, 59]
T3
客户端数：10	时间：17.4151771068573	客户端：[15, 23, 52, 27, 11, 3, 12, 19, 54, 42]
客户端数：20	时间：66.18377804756165	客户端：[15, 23, 52, 27, 11, 3, 12, 19, 54, 42, 62, 25, 7, 14, 47, 36, 46, 41, 13, 45]
客户端数：30	时间：144.49132204055786	客户端：[15, 23, 52, 27, 11, 3, 12, 19, 54, 42, 62, 25, 7, 14, 47, 36, 46, 41, 13, 45, 31, 17, 20, 32, 40, 26, 24, 63, 37, 18]
客户端数：40	时间：252.17508506774902	客户端：[15, 23, 52, 27, 11, 3, 12, 19, 54, 42, 62, 25, 7, 14, 47, 36, 46, 41, 13, 45, 31, 17, 20, 32, 40, 26, 24, 63, 37, 18, 43, 9, 39, 8, 29, 53, 34, 38, 49, 44]
客户端数：46	时间：330.4687783718109	客户端：[15, 23, 52, 27, 11, 3, 12, 19, 54, 42, 62, 25, 7, 14, 47, 36, 46, 41, 13, 45, 31, 17, 20, 32, 40, 26, 24, 63, 37, 18, 43, 9, 39, 8, 29, 53, 34, 38, 49, 44, 1, 21, 5, 55, 50, 59]
BYTE
客户端数：10	字节数：3200000	客户端：[54, 36, 29, 17, 14, 55, 11, 37, 27, 62]
客户端数：20	字节数：6400000	客户端：[54, 36, 29, 17, 14, 55, 11, 37, 27, 62, 15, 26, 19, 31, 49, 12, 41, 34, 32, 5]
客户端数：30	字节数：9600000	客户端：[54, 36, 29, 17, 14, 55, 11, 37, 27, 62, 15, 26, 19, 31, 49, 12, 41, 34, 32, 5, 20, 39, 1, 9, 45, 33, 42, 47, 13, 63]
客户端数：40	字节数：12800000	客户端：[54, 36, 29, 17, 14, 55, 11, 37, 27, 62, 15, 26, 19, 31, 49, 12, 41, 34, 32, 5, 20, 39, 1, 9, 45, 33, 42, 47, 13, 63, 8, 21, 7, 50, 23, 59, 35, 53, 24, 43]
客户端数：48	字节数：15360000	客户端：[54, 36, 29, 17, 14, 55, 11, 37, 27, 62, 15, 26, 19, 31, 49, 12, 41, 34, 32, 5, 20, 39, 1, 9, 45, 33, 42, 47, 13, 63, 8, 21, 7, 50, 23, 59, 35, 53, 24, 43, 44, 3, 25, 46, 52, 38, 18, 40]
PRO_LEN：320000
score：0.9657777777777777
loss rate：0.034222222222222265
finished iteration：2023-01-01 00:02:52.470350

Number of rounds 10
T1
客户端数：10	时间：0.002991914749145508	客户端：[3, 62, 54, 27, 15, 36, 7, 11, 18, 17]
客户端数：20	时间：0.004985809326171875	客户端：[3, 62, 54, 27, 15, 36, 7, 11, 18, 17, 42, 32, 12, 40, 20, 8, 45, 19, 9, 29]
客户端数：30	时间：0.006980419158935547	客户端：[3, 62, 54, 27, 15, 36, 7, 11, 18, 17, 42, 32, 12, 40, 20, 8, 45, 19, 9, 29, 24, 49, 34, 37, 39, 53, 44, 1, 63, 52]
客户端数：40	时间：0.01196742057800293	客户端：[3, 62, 54, 27, 15, 36, 7, 11, 18, 17, 42, 32, 12, 40, 20, 8, 45, 19, 9, 29, 24, 49, 34, 37, 39, 53, 44, 1, 63, 52, 21, 13, 43, 46, 55, 23, 5, 41, 26, 14]
客户端数：46	时间：0.01196742057800293	客户端：[3, 62, 54, 27, 15, 36, 7, 11, 18, 17, 42, 32, 12, 40, 20, 8, 45, 19, 9, 29, 24, 49, 34, 37, 39, 53, 44, 1, 63, 52, 21, 13, 43, 46, 55, 23, 5, 41, 26, 14, 31, 25, 47, 50, 59, 38]
T2
客户端数：10	时间：0.0032002925872802734	客户端：[35, 5, 15, 52, 3, 11, 27, 12, 54, 19]
客户端数：20	时间：0.004197359085083008	客户端：[35, 5, 15, 52, 3, 11, 27, 12, 54, 19, 29, 62, 45, 36, 55, 25, 42, 7, 49, 46]
客户端数：30	时间：0.007238626480102539	客户端：[35, 5, 15, 52, 3, 11, 27, 12, 54, 19, 29, 62, 45, 36, 55, 25, 42, 7, 49, 46, 34, 37, 17, 18, 50, 32, 26, 39, 21, 47]
客户端数：40	时间：0.011232376098632812	客户端：[35, 5, 15, 52, 3, 11, 27, 12, 54, 19, 29, 62, 45, 36, 55, 25, 42, 7, 49, 46, 34, 37, 17, 18, 50, 32, 26, 39, 21, 47, 43, 24, 63, 23, 9, 14, 44, 38, 1, 41]
客户端数：47	时间：0.01323246955871582	客户端：[35, 5, 15, 52, 3, 11, 27, 12, 54, 19, 29, 62, 45, 36, 55, 25, 42, 7, 49, 46, 34, 37, 17, 18, 50, 32, 26, 39, 21, 47, 43, 24, 63, 23, 9, 14, 44, 38, 1, 41, 8, 20, 13, 59, 31, 40, 53]
T3
客户端数：10	时间：30.92576313018799	客户端：[35, 5, 15, 52, 3, 11, 27, 12, 54, 19]
客户端数：20	时间：71.90455150604248	客户端：[35, 5, 15, 52, 3, 11, 27, 12, 54, 19, 29, 62, 45, 36, 55, 25, 42, 7, 49, 46]
客户端数：30	时间：141.1648006439209	客户端：[35, 5, 15, 52, 3, 11, 27, 12, 54, 19, 29, 62, 45, 36, 55, 25, 42, 7, 49, 46, 34, 37, 17, 18, 50, 32, 26, 39, 21, 47]
客户端数：40	时间：241.3660590648651	客户端：[35, 5, 15, 52, 3, 11, 27, 12, 54, 19, 29, 62, 45, 36, 55, 25, 42, 7, 49, 46, 34, 37, 17, 18, 50, 32, 26, 39, 21, 47, 43, 24, 63, 23, 9, 14, 44, 38, 1, 41]
客户端数：47	时间：331.9537796974182	客户端：[35, 5, 15, 52, 3, 11, 27, 12, 54, 19, 29, 62, 45, 36, 55, 25, 42, 7, 49, 46, 34, 37, 17, 18, 50, 32, 26, 39, 21, 47, 43, 24, 63, 23, 9, 14, 44, 38, 1, 41, 8, 20, 13, 59, 31, 40, 53]
BYTE
客户端数：10	字节数：3200000	客户端：[3, 62, 54, 27, 15, 36, 7, 11, 18, 17]
客户端数：20	字节数：6400000	客户端：[3, 62, 54, 27, 15, 36, 7, 11, 18, 17, 42, 32, 12, 40, 20, 8, 45, 19, 9, 29]
客户端数：30	字节数：9600000	客户端：[3, 62, 54, 27, 15, 36, 7, 11, 18, 17, 42, 32, 12, 40, 20, 8, 45, 19, 9, 29, 24, 49, 34, 37, 39, 53, 44, 1, 63, 52]
客户端数：40	字节数：12800000	客户端：[3, 62, 54, 27, 15, 36, 7, 11, 18, 17, 42, 32, 12, 40, 20, 8, 45, 19, 9, 29, 24, 49, 34, 37, 39, 53, 44, 1, 63, 52, 21, 13, 43, 46, 55, 23, 5, 41, 26, 14]
客户端数：46	字节数：14720000	客户端：[3, 62, 54, 27, 15, 36, 7, 11, 18, 17, 42, 32, 12, 40, 20, 8, 45, 19, 9, 29, 24, 49, 34, 37, 39, 53, 44, 1, 63, 52, 21, 13, 43, 46, 55, 23, 5, 41, 26, 14, 31, 25, 47, 50, 59, 38]
PRO_LEN：320000
score：0.9664761904761905
loss rate：0.03352380952380951
finished iteration：2023-01-01 00:03:13.406706

Number of rounds 11
T1
客户端数：10	时间：0.0009982585906982422	客户端：[54, 36, 52, 5, 27, 12, 18, 17, 7, 26]
客户端数：20	时间：0.004987001419067383	客户端：[54, 36, 52, 5, 27, 12, 18, 17, 7, 26, 45, 49, 11, 32, 42, 25, 46, 34, 62, 19]
客户端数：30	时间：0.006981611251831055	客户端：[54, 36, 52, 5, 27, 12, 18, 17, 7, 26, 45, 49, 11, 32, 42, 25, 46, 34, 62, 19, 44, 50, 9, 38, 14, 47, 63, 8, 1, 24]
客户端数：40	时间：0.009973287582397461	客户端：[54, 36, 52, 5, 27, 12, 18, 17, 7, 26, 45, 49, 11, 32, 42, 25, 46, 34, 62, 19, 44, 50, 9, 38, 14, 47, 63, 8, 1, 24, 41, 21, 43, 15, 39, 20, 55, 29, 59, 31]
客户端数：46	时间：0.011968612670898438	客户端：[54, 36, 52, 5, 27, 12, 18, 17, 7, 26, 45, 49, 11, 32, 42, 25, 46, 34, 62, 19, 44, 50, 9, 38, 14, 47, 63, 8, 1, 24, 41, 21, 43, 15, 39, 20, 55, 29, 59, 31, 3, 13, 23, 40, 53, 37]
T2
客户端数：10	时间：0.0009984970092773438	客户端：[33, 15, 52, 27, 23, 54, 62, 5, 36, 29]
客户端数：20	时间：0.0019969940185546875	客户端：[33, 15, 52, 27, 23, 54, 62, 5, 36, 29, 25, 45, 7, 42, 14, 41, 18, 47, 19, 34]
客户端数：30	时间：0.003992319107055664	客户端：[33, 15, 52, 27, 23, 54, 62, 5, 36, 29, 25, 45, 7, 42, 14, 41, 18, 47, 19, 34, 40, 26, 46, 24, 8, 63, 1, 3, 38, 21]
客户端数：40	时间：0.006006717681884766	客户端：[33, 15, 52, 27, 23, 54, 62, 5, 36, 29, 25, 45, 7, 42, 14, 41, 18, 47, 19, 34, 40, 26, 46, 24, 8, 63, 1, 3, 38, 21, 9, 55, 32, 50, 44, 37, 11, 59, 39, 53]
客户端数：46	时间：0.009019136428833008	客户端：[33, 15, 52, 27, 23, 54, 62, 5, 36, 29, 25, 45, 7, 42, 14, 41, 18, 47, 19, 34, 40, 26, 46, 24, 8, 63, 1, 3, 38, 21, 9, 55, 32, 50, 44, 37, 11, 59, 39, 53, 43, 12, 49, 17, 13, 31]
T3
客户端数：10	时间：51.067546367645264	客户端：[33, 15, 52, 27, 23, 54, 62, 5, 36, 29]
客户端数：20	时间：91.96677041053772	客户端：[33, 15, 52, 27, 23, 54, 62, 5, 36, 29, 25, 45, 7, 42, 14, 41, 18, 47, 19, 34]
客户端数：30	时间：162.53116846084595	客户端：[33, 15, 52, 27, 23, 54, 62, 5, 36, 29, 25, 45, 7, 42, 14, 41, 18, 47, 19, 34, 40, 26, 46, 24, 8, 63, 1, 3, 38, 21]
客户端数：40	时间：261.823725938797	客户端：[33, 15, 52, 27, 23, 54, 62, 5, 36, 29, 25, 45, 7, 42, 14, 41, 18, 47, 19, 34, 40, 26, 46, 24, 8, 63, 1, 3, 38, 21, 9, 55, 32, 50, 44, 37, 11, 59, 39, 53]
客户端数：46	时间：334.6631941795349	客户端：[33, 15, 52, 27, 23, 54, 62, 5, 36, 29, 25, 45, 7, 42, 14, 41, 18, 47, 19, 34, 40, 26, 46, 24, 8, 63, 1, 3, 38, 21, 9, 55, 32, 50, 44, 37, 11, 59, 39, 53, 43, 12, 49, 17, 13, 31]
BYTE
客户端数：10	字节数：3200000	客户端：[54, 36, 52, 5, 27, 12, 18, 17, 7, 26]
客户端数：20	字节数：6400000	客户端：[54, 36, 52, 5, 27, 12, 18, 17, 7, 26, 45, 49, 11, 32, 42, 25, 46, 34, 62, 19]
客户端数：30	字节数：9600000	客户端：[54, 36, 52, 5, 27, 12, 18, 17, 7, 26, 45, 49, 11, 32, 42, 25, 46, 34, 62, 19, 44, 50, 9, 38, 14, 47, 63, 8, 1, 24]
客户端数：40	字节数：12800000	客户端：[54, 36, 52, 5, 27, 12, 18, 17, 7, 26, 45, 49, 11, 32, 42, 25, 46, 34, 62, 19, 44, 50, 9, 38, 14, 47, 63, 8, 1, 24, 41, 21, 43, 15, 39, 20, 55, 29, 59, 31]
客户端数：46	字节数：14720000	客户端：[54, 36, 52, 5, 27, 12, 18, 17, 7, 26, 45, 49, 11, 32, 42, 25, 46, 34, 62, 19, 44, 50, 9, 38, 14, 47, 63, 8, 1, 24, 41, 21, 43, 15, 39, 20, 55, 29, 59, 31, 3, 13, 23, 40, 53, 37]
PRO_LEN：320000
score：0.967047619047619
loss rate：0.032952380952380955
finished iteration：2023-01-01 00:03:33.735887

Number of rounds 12
T1
客户端数：10	时间：0.003989219665527344	客户端：[54, 36, 27, 52, 29, 26, 18, 23, 5, 40]
客户端数：20	时间：0.005982875823974609	客户端：[54, 36, 27, 52, 29, 26, 18, 23, 5, 40, 41, 14, 19, 34, 7, 47, 46, 63, 1, 3]
客户端数：30	时间：0.006980180740356445	客户端：[54, 36, 27, 52, 29, 26, 18, 23, 5, 40, 41, 14, 19, 34, 7, 47, 46, 63, 1, 3, 38, 32, 55, 8, 9, 45, 25, 62, 50, 24]
客户端数：40	时间：0.007977724075317383	客户端：[54, 36, 27, 52, 29, 26, 18, 23, 5, 40, 41, 14, 19, 34, 7, 47, 46, 63, 1, 3, 38, 32, 55, 8, 9, 45, 25, 62, 50, 24, 21, 37, 15, 11, 44, 59, 39, 53, 42, 43]
客户端数：45	时间：0.010972023010253906	客户端：[54, 36, 27, 52, 29, 26, 18, 23, 5, 40, 41, 14, 19, 34, 7, 47, 46, 63, 1, 3, 38, 32, 55, 8, 9, 45, 25, 62, 50, 24, 21, 37, 15, 11, 44, 59, 39, 53, 42, 43, 12, 49, 17, 13, 31]
T2
客户端数：10	时间：0.0029799938201904297	客户端：[20, 5, 23, 15, 52, 11, 27, 12, 54, 62]
客户端数：20	时间：0.004975795745849609	客户端：[20, 5, 23, 15, 52, 11, 27, 12, 54, 62, 29, 14, 36, 45, 49, 46, 31, 34, 39, 37]
客户端数：30	时间：0.005973100662231445	客户端：[20, 5, 23, 15, 52, 11, 27, 12, 54, 62, 29, 14, 36, 45, 49, 46, 31, 34, 39, 37, 13, 53, 1, 50, 17, 63, 40, 47, 43, 24]
客户端数：40	时间：0.009001731872558594	客户端：[20, 5, 23, 15, 52, 11, 27, 12, 54, 62, 29, 14, 36, 45, 49, 46, 31, 34, 39, 37, 13, 53, 1, 50, 17, 63, 40, 47, 43, 24, 8, 59, 7, 26, 9, 21, 38, 25, 55, 18]
客户端数：45	时间：0.010997533798217773	客户端：[20, 5, 23, 15, 52, 11, 27, 12, 54, 62, 29, 14, 36, 45, 49, 46, 31, 34, 39, 37, 13, 53, 1, 50, 17, 63, 40, 47, 43, 24, 8, 59, 7, 26, 9, 21, 38, 25, 55, 18, 41, 19, 44, 42, 3]
T3
客户端数：10	时间：28.326587915420532	客户端：[20, 5, 23, 15, 52, 11, 27, 12, 54, 62]
客户端数：20	时间：68.24695801734924	客户端：[20, 5, 23, 15, 52, 11, 27, 12, 54, 62, 29, 14, 36, 45, 49, 46, 31, 34, 39, 37]
客户端数：30	时间：136.79259634017944	客户端：[20, 5, 23, 15, 52, 11, 27, 12, 54, 62, 29, 14, 36, 45, 49, 46, 31, 34, 39, 37, 13, 53, 1, 50, 17, 63, 40, 47, 43, 24]
客户端数：40	时间：233.76755142211914	客户端：[20, 5, 23, 15, 52, 11, 27, 12, 54, 62, 29, 14, 36, 45, 49, 46, 31, 34, 39, 37, 13, 53, 1, 50, 17, 63, 40, 47, 43, 24, 8, 59, 7, 26, 9, 21, 38, 25, 55, 18]
客户端数：45	时间：293.0642385482788	客户端：[20, 5, 23, 15, 52, 11, 27, 12, 54, 62, 29, 14, 36, 45, 49, 46, 31, 34, 39, 37, 13, 53, 1, 50, 17, 63, 40, 47, 43, 24, 8, 59, 7, 26, 9, 21, 38, 25, 55, 18, 41, 19, 44, 42, 3]
BYTE
客户端数：10	字节数：3200000	客户端：[54, 36, 27, 52, 29, 26, 18, 23, 5, 40]
客户端数：20	字节数：6400000	客户端：[54, 36, 27, 52, 29, 26, 18, 23, 5, 40, 41, 14, 19, 34, 7, 47, 46, 63, 1, 3]
客户端数：30	字节数：9600000	客户端：[54, 36, 27, 52, 29, 26, 18, 23, 5, 40, 41, 14, 19, 34, 7, 47, 46, 63, 1, 3, 38, 32, 55, 8, 9, 45, 25, 62, 50, 24]
客户端数：40	字节数：12800000	客户端：[54, 36, 27, 52, 29, 26, 18, 23, 5, 40, 41, 14, 19, 34, 7, 47, 46, 63, 1, 3, 38, 32, 55, 8, 9, 45, 25, 62, 50, 24, 21, 37, 15, 11, 44, 59, 39, 53, 42, 43]
客户端数：45	字节数：14400000	客户端：[54, 36, 27, 52, 29, 26, 18, 23, 5, 40, 41, 14, 19, 34, 7, 47, 46, 63, 1, 3, 38, 32, 55, 8, 9, 45, 25, 62, 50, 24, 21, 37, 15, 11, 44, 59, 39, 53, 42, 43, 12, 49, 17, 13, 31]
PRO_LEN：320000
score：0.9671746031746031
loss rate：0.03282539682539687
finished iteration：2023-01-01 00:03:53.821708

Number of rounds 13
T1
客户端数：10	时间：0.003990888595581055	客户端：[62, 14, 27, 54, 15, 36, 12, 11, 37, 23]
客户端数：20	时间：0.00698089599609375	客户端：[62, 14, 27, 54, 15, 36, 12, 11, 37, 23, 17, 31, 49, 26, 59, 40, 53, 46, 7, 8]
客户端数：30	时间：0.00897359848022461	客户端：[62, 14, 27, 54, 15, 36, 12, 11, 37, 23, 17, 31, 49, 26, 59, 40, 53, 46, 7, 8, 39, 50, 13, 47, 9, 21, 29, 43, 1, 38]
客户端数：40	时间：0.010969161987304688	客户端：[62, 14, 27, 54, 15, 36, 12, 11, 37, 23, 17, 31, 49, 26, 59, 40, 53, 46, 7, 8, 39, 50, 13, 47, 9, 21, 29, 43, 1, 38, 63, 25, 5, 52, 55, 18, 41, 19, 44, 42]
客户端数：43	时间：0.011967182159423828	客户端：[62, 14, 27, 54, 15, 36, 12, 11, 37, 23, 17, 31, 49, 26, 59, 40, 53, 46, 7, 8, 39, 50, 13, 47, 9, 21, 29, 43, 1, 38, 63, 25, 5, 52, 55, 18, 41, 19, 44, 42, 45, 3, 34]
T2
客户端数：10	时间：0.0030210018157958984	客户端：[23, 15, 3, 29, 27, 54, 62, 25, 52, 45]
客户端数：20	时间：0.006012439727783203	客户端：[23, 15, 3, 29, 27, 54, 62, 25, 52, 45, 12, 34, 36, 39, 49, 40, 53, 42, 17, 59]
客户端数：30	时间：0.00900411605834961	客户端：[23, 15, 3, 29, 27, 54, 62, 25, 52, 45, 12, 34, 36, 39, 49, 40, 53, 42, 17, 59, 31, 38, 44, 21, 50, 37, 8, 14, 47, 43]
客户端数：40	时间：0.010998725891113281	客户端：[23, 15, 3, 29, 27, 54, 62, 25, 52, 45, 12, 34, 36, 39, 49, 40, 53, 42, 17, 59, 31, 38, 44, 21, 50, 37, 8, 14, 47, 43, 55, 13, 11, 46, 18, 7, 26, 41, 5, 19]
客户端数：44	时间：0.012012958526611328	客户端：[23, 15, 3, 29, 27, 54, 62, 25, 52, 45, 12, 34, 36, 39, 49, 40, 53, 42, 17, 59, 31, 38, 44, 21, 50, 37, 8, 14, 47, 43, 55, 13, 11, 46, 18, 7, 26, 41, 5, 19, 63, 9, 32, 1]
T3
客户端数：10	时间：14.736219644546509	客户端：[23, 15, 3, 29, 27, 54, 62, 25, 52, 45]
客户端数：20	时间：58.975876569747925	客户端：[23, 15, 3, 29, 27, 54, 62, 25, 52, 45, 12, 34, 36, 39, 49, 40, 53, 42, 17, 59]
客户端数：30	时间：131.42043542861938	客户端：[23, 15, 3, 29, 27, 54, 62, 25, 52, 45, 12, 34, 36, 39, 49, 40, 53, 42, 17, 59, 31, 38, 44, 21, 50, 37, 8, 14, 47, 43]
客户端数：40	时间：231.7150194644928	客户端：[23, 15, 3, 29, 27, 54, 62, 25, 52, 45, 12, 34, 36, 39, 49, 40, 53, 42, 17, 59, 31, 38, 44, 21, 50, 37, 8, 14, 47, 43, 55, 13, 11, 46, 18, 7, 26, 41, 5, 19]
客户端数：44	时间：302.0130388736725	客户端：[23, 15, 3, 29, 27, 54, 62, 25, 52, 45, 12, 34, 36, 39, 49, 40, 53, 42, 17, 59, 31, 38, 44, 21, 50, 37, 8, 14, 47, 43, 55, 13, 11, 46, 18, 7, 26, 41, 5, 19, 63, 9, 32, 1]
BYTE
客户端数：10	字节数：3200000	客户端：[62, 14, 27, 54, 15, 36, 12, 11, 37, 23]
客户端数：20	字节数：6400000	客户端：[62, 14, 27, 54, 15, 36, 12, 11, 37, 23, 17, 31, 49, 26, 59, 40, 53, 46, 7, 8]
客户端数：30	字节数：9600000	客户端：[62, 14, 27, 54, 15, 36, 12, 11, 37, 23, 17, 31, 49, 26, 59, 40, 53, 46, 7, 8, 39, 50, 13, 47, 9, 21, 29, 43, 1, 38]
客户端数：40	字节数：12800000	客户端：[62, 14, 27, 54, 15, 36, 12, 11, 37, 23, 17, 31, 49, 26, 59, 40, 53, 46, 7, 8, 39, 50, 13, 47, 9, 21, 29, 43, 1, 38, 63, 25, 5, 52, 55, 18, 41, 19, 44, 42]
客户端数：43	字节数：13760000	客户端：[62, 14, 27, 54, 15, 36, 12, 11, 37, 23, 17, 31, 49, 26, 59, 40, 53, 46, 7, 8, 39, 50, 13, 47, 9, 21, 29, 43, 1, 38, 63, 25, 5, 52, 55, 18, 41, 19, 44, 42, 45, 3, 34]
PRO_LEN：320000
score：0.9667936507936508
loss rate：0.03320634920634924
finished iteration：2023-01-01 00:04:14.359277

Number of rounds 14
T1
客户端数：10	时间：0.0029935836791992188	客户端：[3, 54, 27, 15, 36, 17, 29, 49, 23, 25]
客户端数：20	时间：0.004986763000488281	客户端：[3, 54, 27, 15, 36, 17, 29, 49, 23, 25, 59, 21, 38, 37, 53, 31, 62, 42, 34, 44]
客户端数：30	时间：0.007980108261108398	客户端：[3, 54, 27, 15, 36, 17, 29, 49, 23, 25, 59, 21, 38, 37, 53, 31, 62, 42, 34, 44, 8, 50, 14, 39, 40, 47, 55, 13, 43, 45]
客户端数：40	时间：0.009955644607543945	客户端：[3, 54, 27, 15, 36, 17, 29, 49, 23, 25, 59, 21, 38, 37, 53, 31, 62, 42, 34, 44, 8, 50, 14, 39, 40, 47, 55, 13, 43, 45, 11, 18, 46, 7, 26, 41, 5, 12, 19, 63]
客户端数：42	时间：0.010970830917358398	客户端：[3, 54, 27, 15, 36, 17, 29, 49, 23, 25, 59, 21, 38, 37, 53, 31, 62, 42, 34, 44, 8, 50, 14, 39, 40, 47, 55, 13, 43, 45, 11, 18, 46, 7, 26, 41, 5, 12, 19, 63, 1, 9]
T2
客户端数：10	时间：0.0013666152954101562	客户端：[5, 23, 15, 19, 3, 55, 62, 54, 45, 36]
客户端数：20	时间：0.004359245300292969	客户端：[5, 23, 15, 19, 3, 55, 62, 54, 45, 36, 27, 42, 14, 7, 41, 34, 13, 18, 47, 50]
客户端数：30	时间：0.005357265472412109	客户端：[5, 23, 15, 19, 3, 55, 62, 54, 45, 36, 27, 42, 14, 7, 41, 34, 13, 18, 47, 50, 39, 26, 53, 44, 12, 59, 46, 21, 38, 9]
客户端数：40	时间：0.00935220718383789	客户端：[5, 23, 15, 19, 3, 55, 62, 54, 45, 36, 27, 42, 14, 7, 41, 34, 13, 18, 47, 50, 39, 26, 53, 44, 12, 59, 46, 21, 38, 9, 40, 11, 63, 29, 1, 17, 31, 25, 49, 8]
客户端数：41	时间：0.010351896286010742	客户端：[5, 23, 15, 19, 3, 55, 62, 54, 45, 36, 27, 42, 14, 7, 41, 34, 13, 18, 47, 50, 39, 26, 53, 44, 12, 59, 46, 21, 38, 9, 40, 11, 63, 29, 1, 17, 31, 25, 49, 8, 43]
T3
客户端数：10	时间：13.590725898742676	客户端：[5, 23, 15, 19, 3, 55, 62, 54, 45, 36]
客户端数：20	时间：55.346442222595215	客户端：[5, 23, 15, 19, 3, 55, 62, 54, 45, 36, 27, 42, 14, 7, 41, 34, 13, 18, 47, 50]
客户端数：30	时间：125.43848967552185	客户端：[5, 23, 15, 19, 3, 55, 62, 54, 45, 36, 27, 42, 14, 7, 41, 34, 13, 18, 47, 50, 39, 26, 53, 44, 12, 59, 46, 21, 38, 9]
客户端数：40	时间：226.15436482429504	客户端：[5, 23, 15, 19, 3, 55, 62, 54, 45, 36, 27, 42, 14, 7, 41, 34, 13, 18, 47, 50, 39, 26, 53, 44, 12, 59, 46, 21, 38, 9, 40, 11, 63, 29, 1, 17, 31, 25, 49, 8]
客户端数：41	时间：238.09832239151	客户端：[5, 23, 15, 19, 3, 55, 62, 54, 45, 36, 27, 42, 14, 7, 41, 34, 13, 18, 47, 50, 39, 26, 53, 44, 12, 59, 46, 21, 38, 9, 40, 11, 63, 29, 1, 17, 31, 25, 49, 8, 43]
BYTE
客户端数：10	字节数：3200000	客户端：[3, 54, 27, 15, 36, 17, 29, 49, 23, 25]
客户端数：20	字节数：6400000	客户端：[3, 54, 27, 15, 36, 17, 29, 49, 23, 25, 59, 21, 38, 37, 53, 31, 62, 42, 34, 44]
客户端数：30	字节数：9600000	客户端：[3, 54, 27, 15, 36, 17, 29, 49, 23, 25, 59, 21, 38, 37, 53, 31, 62, 42, 34, 44, 8, 50, 14, 39, 40, 47, 55, 13, 43, 45]
客户端数：40	字节数：12800000	客户端：[3, 54, 27, 15, 36, 17, 29, 49, 23, 25, 59, 21, 38, 37, 53, 31, 62, 42, 34, 44, 8, 50, 14, 39, 40, 47, 55, 13, 43, 45, 11, 18, 46, 7, 26, 41, 5, 12, 19, 63]
客户端数：42	字节数：13440000	客户端：[3, 54, 27, 15, 36, 17, 29, 49, 23, 25, 59, 21, 38, 37, 53, 31, 62, 42, 34, 44, 8, 50, 14, 39, 40, 47, 55, 13, 43, 45, 11, 18, 46, 7, 26, 41, 5, 12, 19, 63, 1, 9]
PRO_LEN：320000
score：0.964952380952381
loss rate：0.035047619047618994
finished iteration：2023-01-01 00:04:34.441547

Number of rounds 15
T1
客户端数：10	时间：0.0009975433349609375	客户端：[62, 3, 14, 36, 54, 18, 15, 55, 19, 5]
客户端数：20	时间：0.001995563507080078	客户端：[62, 3, 14, 36, 54, 18, 15, 55, 19, 5, 45, 23, 21, 34, 27, 53, 59, 12, 38, 41]
客户端数：30	时间：0.004987001419067383	客户端：[62, 3, 14, 36, 54, 18, 15, 55, 19, 5, 45, 23, 21, 34, 27, 53, 59, 12, 38, 41, 47, 9, 46, 44, 11, 29, 26, 7, 42, 40]
客户端数：40	时间：0.00997304916381836	客户端：[62, 3, 14, 36, 54, 18, 15, 55, 19, 5, 45, 23, 21, 34, 27, 53, 59, 12, 38, 41, 47, 9, 46, 44, 11, 29, 26, 7, 42, 40, 17, 39, 50, 25, 31, 49, 8, 1, 43, 13]
客户端数：41	时间：0.00997304916381836	客户端：[62, 3, 14, 36, 54, 18, 15, 55, 19, 5, 45, 23, 21, 34, 27, 53, 59, 12, 38, 41, 47, 9, 46, 44, 11, 29, 26, 7, 42, 40, 17, 39, 50, 25, 31, 49, 8, 1, 43, 13, 63]
T2
客户端数：10	时间：0.003990888595581055	客户端：[11, 15, 12, 7, 62, 55, 14, 36, 19, 42]
客户端数：20	时间：0.006983041763305664	客户端：[11, 15, 12, 7, 62, 55, 14, 36, 19, 42, 47, 54, 41, 46, 13, 50, 17, 40, 39, 18]
客户端数：30	时间：0.007979869842529297	客户端：[11, 15, 12, 7, 62, 55, 14, 36, 19, 42, 47, 54, 41, 46, 13, 50, 17, 40, 39, 18, 34, 26, 63, 59, 3, 43, 44, 27, 1, 9]
客户端数：40	时间：0.009975910186767578	客户端：[11, 15, 12, 7, 62, 55, 14, 36, 19, 42, 47, 54, 41, 46, 13, 50, 17, 40, 39, 18, 34, 26, 63, 59, 3, 43, 44, 27, 1, 9, 53, 49, 29, 31, 25, 38, 21, 23, 8, 37]
客户端数：42	时间：0.009975910186767578	客户端：[11, 15, 12, 7, 62, 55, 14, 36, 19, 42, 47, 54, 41, 46, 13, 50, 17, 40, 39, 18, 34, 26, 63, 59, 3, 43, 44, 27, 1, 9, 53, 49, 29, 31, 25, 38, 21, 23, 8, 37, 45, 5]
T3
客户端数：10	时间：14.153453588485718	客户端：[11, 15, 12, 7, 62, 55, 14, 36, 19, 42]
客户端数：20	时间：57.389758825302124	客户端：[11, 15, 12, 7, 62, 55, 14, 36, 19, 42, 47, 54, 41, 46, 13, 50, 17, 40, 39, 18]
客户端数：30	时间：127.81935095787048	客户端：[11, 15, 12, 7, 62, 55, 14, 36, 19, 42, 47, 54, 41, 46, 13, 50, 17, 40, 39, 18, 34, 26, 63, 59, 3, 43, 44, 27, 1, 9]
客户端数：40	时间：248.15424013137817	客户端：[11, 15, 12, 7, 62, 55, 14, 36, 19, 42, 47, 54, 41, 46, 13, 50, 17, 40, 39, 18, 34, 26, 63, 59, 3, 43, 44, 27, 1, 9, 53, 49, 29, 31, 25, 38, 21, 23, 8, 37]
客户端数：42	时间：271.2299110889435	客户端：[11, 15, 12, 7, 62, 55, 14, 36, 19, 42, 47, 54, 41, 46, 13, 50, 17, 40, 39, 18, 34, 26, 63, 59, 3, 43, 44, 27, 1, 9, 53, 49, 29, 31, 25, 38, 21, 23, 8, 37, 45, 5]
BYTE
客户端数：10	字节数：3200000	客户端：[62, 3, 14, 36, 54, 18, 15, 55, 19, 5]
客户端数：20	字节数：6400000	客户端：[62, 3, 14, 36, 54, 18, 15, 55, 19, 5, 45, 23, 21, 34, 27, 53, 59, 12, 38, 41]
客户端数：30	字节数：9600000	客户端：[62, 3, 14, 36, 54, 18, 15, 55, 19, 5, 45, 23, 21, 34, 27, 53, 59, 12, 38, 41, 47, 9, 46, 44, 11, 29, 26, 7, 42, 40]
客户端数：40	字节数：12800000	客户端：[62, 3, 14, 36, 54, 18, 15, 55, 19, 5, 45, 23, 21, 34, 27, 53, 59, 12, 38, 41, 47, 9, 46, 44, 11, 29, 26, 7, 42, 40, 17, 39, 50, 25, 31, 49, 8, 1, 43, 13]
客户端数：41	字节数：13120000	客户端：[62, 3, 14, 36, 54, 18, 15, 55, 19, 5, 45, 23, 21, 34, 27, 53, 59, 12, 38, 41, 47, 9, 46, 44, 11, 29, 26, 7, 42, 40, 17, 39, 50, 25, 31, 49, 8, 1, 43, 13, 63]
PRO_LEN：320000
score：0.9653333333333334
loss rate：0.03466666666666662
finished iteration：2023-01-01 00:04:55.054014

Number of rounds 16
T1
客户端数：10	时间：0.0030062198638916016	客户端：[62, 55, 15, 7, 18, 17, 14, 11, 19, 40]
客户端数：20	时间：0.006997823715209961	客户端：[62, 55, 15, 7, 18, 17, 14, 11, 19, 40, 3, 26, 41, 42, 44, 49, 9, 39, 13, 43]
客户端数：30	时间：0.009009599685668945	客户端：[62, 55, 15, 7, 18, 17, 14, 11, 19, 40, 3, 26, 41, 42, 44, 49, 9, 39, 13, 43, 12, 63, 27, 31, 47, 1, 38, 21, 23, 25]
客户端数：40	时间：0.011985540390014648	客户端：[62, 55, 15, 7, 18, 17, 14, 11, 19, 40, 3, 26, 41, 42, 44, 49, 9, 39, 13, 43, 12, 63, 27, 31, 47, 1, 38, 21, 23, 25, 34, 8, 53, 50, 54, 46, 45, 59, 36, 5]
客户端数：41	时间：0.012966394424438477	客户端：[62, 55, 15, 7, 18, 17, 14, 11, 19, 40, 3, 26, 41, 42, 44, 49, 9, 39, 13, 43, 12, 63, 27, 31, 47, 1, 38, 21, 23, 25, 34, 8, 53, 50, 54, 46, 45, 59, 36, 5, 29]
T2
客户端数：10	时间：0.003990888595581055	客户端：[15, 5, 11, 54, 27, 29, 42, 45, 62, 36]
客户端数：20	时间：0.006983041763305664	客户端：[15, 5, 11, 54, 27, 29, 42, 45, 62, 36, 14, 3, 12, 25, 7, 49, 23, 46, 41, 39]
客户端数：30	时间：0.009974956512451172	客户端：[15, 5, 11, 54, 27, 29, 42, 45, 62, 36, 14, 3, 12, 25, 7, 49, 23, 46, 41, 39, 18, 31, 21, 63, 9, 19, 47, 34, 13, 44]
客户端数：40	时间：0.010998010635375977	客户端：[15, 5, 11, 54, 27, 29, 42, 45, 62, 36, 14, 3, 12, 25, 7, 49, 23, 46, 41, 39, 18, 31, 21, 63, 9, 19, 47, 34, 13, 44, 1, 17, 55, 43, 53, 50, 59, 38, 8, 40]
客户端数：41	时间：0.010998010635375977	客户端：[15, 5, 11, 54, 27, 29, 42, 45, 62, 36, 14, 3, 12, 25, 7, 49, 23, 46, 41, 39, 18, 31, 21, 63, 9, 19, 47, 34, 13, 44, 1, 17, 55, 43, 53, 50, 59, 38, 8, 40, 26]
T3
客户端数：10	时间：13.897643804550171	客户端：[15, 5, 11, 54, 27, 29, 42, 45, 62, 36]
客户端数：20	时间：56.447956800460815	客户端：[15, 5, 11, 54, 27, 29, 42, 45, 62, 36, 14, 3, 12, 25, 7, 49, 23, 46, 41, 39]
客户端数：30	时间：127.74012732505798	客户端：[15, 5, 11, 54, 27, 29, 42, 45, 62, 36, 14, 3, 12, 25, 7, 49, 23, 46, 41, 39, 18, 31, 21, 63, 9, 19, 47, 34, 13, 44]
客户端数：40	时间：227.0027210712433	客户端：[15, 5, 11, 54, 27, 29, 42, 45, 62, 36, 14, 3, 12, 25, 7, 49, 23, 46, 41, 39, 18, 31, 21, 63, 9, 19, 47, 34, 13, 44, 1, 17, 55, 43, 53, 50, 59, 38, 8, 40]
客户端数：41	时间：238.45731377601624	客户端：[15, 5, 11, 54, 27, 29, 42, 45, 62, 36, 14, 3, 12, 25, 7, 49, 23, 46, 41, 39, 18, 31, 21, 63, 9, 19, 47, 34, 13, 44, 1, 17, 55, 43, 53, 50, 59, 38, 8, 40, 26]
BYTE
客户端数：10	字节数：3200000	客户端：[62, 55, 15, 7, 18, 17, 14, 11, 19, 40]
客户端数：20	字节数：6400000	客户端：[62, 55, 15, 7, 18, 17, 14, 11, 19, 40, 3, 26, 41, 42, 44, 49, 9, 39, 13, 43]
客户端数：30	字节数：9600000	客户端：[62, 55, 15, 7, 18, 17, 14, 11, 19, 40, 3, 26, 41, 42, 44, 49, 9, 39, 13, 43, 12, 63, 27, 31, 47, 1, 38, 21, 23, 25]
客户端数：40	字节数：12800000	客户端：[62, 55, 15, 7, 18, 17, 14, 11, 19, 40, 3, 26, 41, 42, 44, 49, 9, 39, 13, 43, 12, 63, 27, 31, 47, 1, 38, 21, 23, 25, 34, 8, 53, 50, 54, 46, 45, 59, 36, 5]
客户端数：41	字节数：13120000	客户端：[62, 55, 15, 7, 18, 17, 14, 11, 19, 40, 3, 26, 41, 42, 44, 49, 9, 39, 13, 43, 12, 63, 27, 31, 47, 1, 38, 21, 23, 25, 34, 8, 53, 50, 54, 46, 45, 59, 36, 5, 29]
PRO_LEN：320000
score：0.9674920634920635
loss rate：0.032507936507936486
finished iteration：2023-01-01 00:05:15.430795

Number of rounds 17
T1
客户端数：10	时间：0.0029904842376708984	客户端：[62, 18, 27, 14, 15, 5, 42, 21, 3, 25]
客户端数：20	时间：0.003988027572631836	客户端：[62, 18, 27, 14, 15, 5, 42, 21, 3, 25, 29, 46, 7, 39, 41, 63, 36, 9, 44, 13]
客户端数：30	时间：0.0049855709075927734	客户端：[62, 18, 27, 14, 15, 5, 42, 21, 3, 25, 29, 46, 7, 39, 41, 63, 36, 9, 44, 13, 17, 47, 34, 55, 23, 43, 53, 11, 45, 59]
客户端数：40	时间：0.007977724075317383	客户端：[62, 18, 27, 14, 15, 5, 42, 21, 3, 25, 29, 46, 7, 39, 41, 63, 36, 9, 44, 13, 17, 47, 34, 55, 23, 43, 53, 11, 45, 59, 50, 1, 31, 38, 8, 12, 54, 40, 19, 49]
T2
客户端数：10	时间：0.0019936561584472656	客户端：[5, 15, 11, 23, 36, 42, 14, 47, 41, 46]
客户端数：20	时间：0.0029916763305664062	客户端：[5, 15, 11, 23, 36, 42, 14, 47, 41, 46, 34, 39, 17, 13, 18, 1, 21, 8, 7, 53]
客户端数：30	时间：0.004986763000488281	客户端：[5, 15, 11, 23, 36, 42, 14, 47, 41, 46, 34, 39, 17, 13, 18, 1, 21, 8, 7, 53, 43, 49, 54, 9, 40, 45, 55, 38, 27, 12]
客户端数：39	时间：0.0069828033447265625	客户端：[5, 15, 11, 23, 36, 42, 14, 47, 41, 46, 34, 39, 17, 13, 18, 1, 21, 8, 7, 53, 43, 49, 54, 9, 40, 45, 55, 38, 27, 12, 29, 63, 62, 25, 59, 3, 44, 19, 50]
T3
客户端数：10	时间：13.610979557037354	客户端：[5, 15, 11, 23, 36, 42, 14, 47, 41, 46]
客户端数：20	时间：55.42888069152832	客户端：[5, 15, 11, 23, 36, 42, 14, 47, 41, 46, 34, 39, 17, 13, 18, 1, 21, 8, 7, 53]
客户端数：30	时间：125.08943843841553	客户端：[5, 15, 11, 23, 36, 42, 14, 47, 41, 46, 34, 39, 17, 13, 18, 1, 21, 8, 7, 53, 43, 49, 54, 9, 40, 45, 55, 38, 27, 12]
客户端数：39	时间：211.77440929412842	客户端：[5, 15, 11, 23, 36, 42, 14, 47, 41, 46, 34, 39, 17, 13, 18, 1, 21, 8, 7, 53, 43, 49, 54, 9, 40, 45, 55, 38, 27, 12, 29, 63, 62, 25, 59, 3, 44, 19, 50]
BYTE
客户端数：10	字节数：3200000	客户端：[62, 18, 27, 14, 15, 5, 42, 21, 3, 25]
客户端数：20	字节数：6400000	客户端：[62, 18, 27, 14, 15, 5, 42, 21, 3, 25, 29, 46, 7, 39, 41, 63, 36, 9, 44, 13]
客户端数：30	字节数：9600000	客户端：[62, 18, 27, 14, 15, 5, 42, 21, 3, 25, 29, 46, 7, 39, 41, 63, 36, 9, 44, 13, 17, 47, 34, 55, 23, 43, 53, 11, 45, 59]
客户端数：40	字节数：12800000	客户端：[62, 18, 27, 14, 15, 5, 42, 21, 3, 25, 29, 46, 7, 39, 41, 63, 36, 9, 44, 13, 17, 47, 34, 55, 23, 43, 53, 11, 45, 59, 50, 1, 31, 38, 8, 12, 54, 40, 19, 49]
PRO_LEN：320000
score：0.9676825396825397
loss rate：0.0323174603174603
finished iteration：2023-01-01 00:05:35.719580

Number of rounds 18
T1
客户端数：10	时间：0.001994609832763672	客户端：[18, 15, 5, 8, 47, 21, 42, 1, 34, 54]
客户端数：20	时间：0.005984067916870117	客户端：[18, 15, 5, 8, 47, 21, 42, 1, 34, 54, 46, 49, 11, 40, 43, 9, 55, 39, 38, 45]
客户端数：30	时间：0.008977174758911133	客户端：[18, 15, 5, 8, 47, 21, 42, 1, 34, 54, 46, 49, 11, 40, 43, 9, 55, 39, 38, 45, 17, 12, 63, 7, 62, 13, 36, 25, 14, 53]
客户端数：38	时间：0.009987592697143555	客户端：[18, 15, 5, 8, 47, 21, 42, 1, 34, 54, 46, 49, 11, 40, 43, 9, 55, 39, 38, 45, 17, 12, 63, 7, 62, 13, 36, 25, 14, 53, 3, 41, 59, 44, 23, 19, 29, 50]
T2
客户端数：10	时间：0.002992868423461914	客户端：[5, 23, 15, 3, 12, 29, 54, 62, 36, 11]
客户端数：20	时间：0.005985736846923828	客户端：[5, 23, 15, 3, 12, 29, 54, 62, 36, 11, 14, 42, 25, 13, 17, 47, 39, 19, 49, 41]
客户端数：30	时间：0.005985736846923828	客户端：[5, 23, 15, 3, 12, 29, 54, 62, 36, 11, 14, 42, 25, 13, 17, 47, 39, 19, 49, 41, 40, 1, 18, 63, 55, 34, 43, 50, 8, 9]
客户端数：38	时间：0.0069844722747802734	客户端：[5, 23, 15, 3, 12, 29, 54, 62, 36, 11, 14, 42, 25, 13, 17, 47, 39, 19, 49, 41, 40, 1, 18, 63, 55, 34, 43, 50, 8, 9, 45, 21, 44, 59, 7, 46, 53, 31]
T3
客户端数：10	时间：14.433353662490845	客户端：[5, 23, 15, 3, 12, 29, 54, 62, 36, 11]
客户端数：20	时间：58.62148380279541	客户端：[5, 23, 15, 3, 12, 29, 54, 62, 36, 11, 14, 42, 25, 13, 17, 47, 39, 19, 49, 41]
客户端数：30	时间：133.3362159729004	客户端：[5, 23, 15, 3, 12, 29, 54, 62, 36, 11, 14, 42, 25, 13, 17, 47, 39, 19, 49, 41, 40, 1, 18, 63, 55, 34, 43, 50, 8, 9]
客户端数：38	时间：236.4382860660553	客户端：[5, 23, 15, 3, 12, 29, 54, 62, 36, 11, 14, 42, 25, 13, 17, 47, 39, 19, 49, 41, 40, 1, 18, 63, 55, 34, 43, 50, 8, 9, 45, 21, 44, 59, 7, 46, 53, 31]
BYTE
客户端数：10	字节数：3200000	客户端：[18, 15, 5, 8, 47, 21, 42, 1, 34, 54]
客户端数：20	字节数：6400000	客户端：[18, 15, 5, 8, 47, 21, 42, 1, 34, 54, 46, 49, 11, 40, 43, 9, 55, 39, 38, 45]
客户端数：30	字节数：9600000	客户端：[18, 15, 5, 8, 47, 21, 42, 1, 34, 54, 46, 49, 11, 40, 43, 9, 55, 39, 38, 45, 17, 12, 63, 7, 62, 13, 36, 25, 14, 53]
客户端数：38	字节数：12160000	客户端：[18, 15, 5, 8, 47, 21, 42, 1, 34, 54, 46, 49, 11, 40, 43, 9, 55, 39, 38, 45, 17, 12, 63, 7, 62, 13, 36, 25, 14, 53, 3, 41, 59, 44, 23, 19, 29, 50]
PRO_LEN：320000
score：0.9657777777777777
loss rate：0.034222222222222265
finished iteration：2023-01-01 00:05:56.785391

Number of rounds 19
T1
客户端数：10	时间：0.002980947494506836	客户端：[36, 15, 5, 17, 29, 14, 18, 23, 55, 42]
客户端数：20	时间：0.004976749420166016	客户端：[36, 15, 5, 17, 29, 14, 18, 23, 55, 42, 47, 50, 63, 19, 41, 21, 62, 34, 25, 9]
客户端数：30	时间：0.00896453857421875	客户端：[36, 15, 5, 17, 29, 14, 18, 23, 55, 42, 47, 50, 63, 19, 41, 21, 62, 34, 25, 9, 1, 45, 40, 13, 44, 59, 46, 54, 8, 11]
客户端数：37	时间：0.01095890998840332	客户端：[36, 15, 5, 17, 29, 14, 18, 23, 55, 42, 47, 50, 63, 19, 41, 21, 62, 34, 25, 9, 1, 45, 40, 13, 44, 59, 46, 54, 8, 11, 49, 53, 43, 3, 39, 7, 12]
T2
客户端数：10	时间：0.001995086669921875	客户端：[38, 5, 15, 3, 12, 19, 29, 36, 45, 49]
客户端数：20	时间：0.003988504409790039	客户端：[38, 5, 15, 3, 12, 19, 29, 36, 45, 49, 14, 17, 34, 41, 21, 47, 59, 63, 53, 55]
客户端数：30	时间：0.0049877166748046875	客户端：[38, 5, 15, 3, 12, 19, 29, 36, 45, 49, 14, 17, 34, 41, 21, 47, 59, 63, 53, 55, 39, 1, 13, 54, 44, 40, 9, 7, 18, 25]
客户端数：37	时间：0.006981849670410156	客户端：[38, 5, 15, 3, 12, 19, 29, 36, 45, 49, 14, 17, 34, 41, 21, 47, 59, 63, 53, 55, 39, 1, 13, 54, 44, 40, 9, 7, 18, 25, 23, 62, 46, 42, 8, 11, 43]
T3
客户端数：10	时间：27.805442810058594	客户端：[38, 5, 15, 3, 12, 19, 29, 36, 45, 49]
客户端数：20	时间：67.26153230667114	客户端：[38, 5, 15, 3, 12, 19, 29, 36, 45, 49, 14, 17, 34, 41, 21, 47, 59, 63, 53, 55]
客户端数：30	时间：134.69950914382935	客户端：[38, 5, 15, 3, 12, 19, 29, 36, 45, 49, 14, 17, 34, 41, 21, 47, 59, 63, 53, 55, 39, 1, 13, 54, 44, 40, 9, 7, 18, 25]
客户端数：37	时间：198.60679483413696	客户端：[38, 5, 15, 3, 12, 19, 29, 36, 45, 49, 14, 17, 34, 41, 21, 47, 59, 63, 53, 55, 39, 1, 13, 54, 44, 40, 9, 7, 18, 25, 23, 62, 46, 42, 8, 11, 43]
BYTE
客户端数：10	字节数：3200000	客户端：[36, 15, 5, 17, 29, 14, 18, 23, 55, 42]
客户端数：20	字节数：6400000	客户端：[36, 15, 5, 17, 29, 14, 18, 23, 55, 42, 47, 50, 63, 19, 41, 21, 62, 34, 25, 9]
客户端数：30	字节数：9600000	客户端：[36, 15, 5, 17, 29, 14, 18, 23, 55, 42, 47, 50, 63, 19, 41, 21, 62, 34, 25, 9, 1, 45, 40, 13, 44, 59, 46, 54, 8, 11]
客户端数：37	字节数：11840000	客户端：[36, 15, 5, 17, 29, 14, 18, 23, 55, 42, 47, 50, 63, 19, 41, 21, 62, 34, 25, 9, 1, 45, 40, 13, 44, 59, 46, 54, 8, 11, 49, 53, 43, 3, 39, 7, 12]
PRO_LEN：320000
score：0.9642539682539683
loss rate：0.03574603174603175
finished iteration：2023-01-01 00:06:17.196938

Number of rounds 20
T1
客户端数：10	时间：0.001993894577026367	客户端：[3, 12, 14, 21, 45, 59, 53, 49, 41, 5]
客户端数：20	时间：0.0069806575775146484	客户端：[3, 12, 14, 21, 45, 59, 53, 49, 41, 5, 54, 47, 39, 36, 19, 55, 44, 40, 63, 1]
客户端数：30	时间：0.007977485656738281	客户端：[3, 12, 14, 21, 45, 59, 53, 49, 41, 5, 54, 47, 39, 36, 19, 55, 44, 40, 63, 1, 7, 9, 15, 13, 18, 17, 23, 62, 42, 8]
客户端数：36	时间：0.00997161865234375	客户端：[3, 12, 14, 21, 45, 59, 53, 49, 41, 5, 54, 47, 39, 36, 19, 55, 44, 40, 63, 1, 7, 9, 15, 13, 18, 17, 23, 62, 42, 8, 11, 29, 46, 34, 43, 25]
T2
客户端数：10	时间：0.0019884109497070312	客户端：[50, 5, 15, 3, 54, 12, 55, 45, 42, 25]
客户端数：20	时间：0.0039827823638916016	客户端：[50, 5, 15, 3, 54, 12, 55, 45, 42, 25, 14, 7, 41, 13, 34, 18, 46, 39, 29, 53]
客户端数：30	时间：0.004979610443115234	客户端：[50, 5, 15, 3, 54, 12, 55, 45, 42, 25, 14, 7, 41, 13, 34, 18, 46, 39, 29, 53, 21, 9, 1, 43, 44, 8, 19, 36, 62, 23]
客户端数：37	时间：0.005977153778076172	客户端：[50, 5, 15, 3, 54, 12, 55, 45, 42, 25, 14, 7, 41, 13, 34, 18, 46, 39, 29, 53, 21, 9, 1, 43, 44, 8, 19, 36, 62, 23, 40, 47, 49, 17, 59, 11, 63]
T3
客户端数：10	时间：11.023510217666626	客户端：[50, 5, 15, 3, 54, 12, 55, 45, 42, 25]
客户端数：20	时间：11.825631141662598	客户端：[50, 5, 15, 3, 54, 12, 55, 45, 42, 25, 14, 7, 41, 13, 34, 18, 46, 39, 29, 53]
客户端数：30	时间：12.646693468093872	客户端：[50, 5, 15, 3, 54, 12, 55, 45, 42, 25, 14, 7, 41, 13, 34, 18, 46, 39, 29, 53, 21, 9, 1, 43, 44, 8, 19, 36, 62, 23]
客户端数：37	时间：13.236296892166138	客户端：[50, 5, 15, 3, 54, 12, 55, 45, 42, 25, 14, 7, 41, 13, 34, 18, 46, 39, 29, 53, 21, 9, 1, 43, 44, 8, 19, 36, 62, 23, 40, 47, 49, 17, 59, 11, 63]
BYTE
客户端数：10	字节数：3200000	客户端：[3, 12, 14, 21, 45, 59, 53, 49, 41, 5]
客户端数：20	字节数：6400000	客户端：[3, 12, 14, 21, 45, 59, 53, 49, 41, 5, 54, 47, 39, 36, 19, 55, 44, 40, 63, 1]
客户端数：30	字节数：9600000	客户端：[3, 12, 14, 21, 45, 59, 53, 49, 41, 5, 54, 47, 39, 36, 19, 55, 44, 40, 63, 1, 7, 9, 15, 13, 18, 17, 23, 62, 42, 8]
客户端数：36	字节数：11520000	客户端：[3, 12, 14, 21, 45, 59, 53, 49, 41, 5, 54, 47, 39, 36, 19, 55, 44, 40, 63, 1, 7, 9, 15, 13, 18, 17, 23, 62, 42, 8, 11, 29, 46, 34, 43, 25]
PRO_LEN：320000
score：0.9650793650793651
loss rate：0.03492063492063491
finished iteration：2023-01-01 00:06:37.580202

