Number of rounds 1
T1
客户端数：10	时间：0.04997062683105469	客户端：[31, 10, 63, 12, 58, 61, 16, 64, 40, 28]
客户端数：20	时间：0.05298185348510742	客户端：[31, 10, 63, 12, 58, 61, 16, 64, 40, 28, 50, 9, 32, 21, 49, 24, 62, 27, 20, 25]
客户端数：30	时间：0.054993629455566406	客户端：[31, 10, 63, 12, 58, 61, 16, 64, 40, 28, 50, 9, 32, 21, 49, 24, 62, 27, 20, 25, 42, 54, 14, 38, 56, 36, 2, 7, 30, 57]
客户端数：40	时间：0.057947635650634766	客户端：[31, 10, 63, 12, 58, 61, 16, 64, 40, 28, 50, 9, 32, 21, 49, 24, 62, 27, 20, 25, 42, 54, 14, 38, 56, 36, 2, 7, 30, 57, 59, 18, 17, 51, 48, 53, 34, 55, 4, 5]
客户端数：50	时间：0.060939788818359375	客户端：[31, 10, 63, 12, 58, 61, 16, 64, 40, 28, 50, 9, 32, 21, 49, 24, 62, 27, 20, 25, 42, 54, 14, 38, 56, 36, 2, 7, 30, 57, 59, 18, 17, 51, 48, 53, 34, 55, 4, 5, 8, 46, 13, 47, 23, 39, 6, 41, 3, 44]
客户端数：60	时间：0.06492877006530762	客户端：[31, 10, 63, 12, 58, 61, 16, 64, 40, 28, 50, 9, 32, 21, 49, 24, 62, 27, 20, 25, 42, 54, 14, 38, 56, 36, 2, 7, 30, 57, 59, 18, 17, 51, 48, 53, 34, 55, 4, 5, 8, 46, 13, 47, 23, 39, 6, 41, 3, 44, 29, 35, 26, 52, 43, 37, 33, 1, 60, 15]
客户端数：61	时间：0.06492877006530762	客户端：[31, 10, 63, 12, 58, 61, 16, 64, 40, 28, 50, 9, 32, 21, 49, 24, 62, 27, 20, 25, 42, 54, 14, 38, 56, 36, 2, 7, 30, 57, 59, 18, 17, 51, 48, 53, 34, 55, 4, 5, 8, 46, 13, 47, 23, 39, 6, 41, 3, 44, 29, 35, 26, 52, 43, 37, 33, 1, 60, 15, 19]
T2
客户端数：10	时间：0.0009980201721191406	客户端：[60, 64, 47, 7, 23, 61, 1, 40, 14, 12]
客户端数：20	时间：0.003991127014160156	客户端：[60, 64, 47, 7, 23, 61, 1, 40, 14, 12, 9, 48, 63, 15, 20, 8, 35, 24, 13, 6]
客户端数：30	时间：0.003991127014160156	客户端：[60, 64, 47, 7, 23, 61, 1, 40, 14, 12, 9, 48, 63, 15, 20, 8, 35, 24, 13, 6, 25, 30, 46, 55, 43, 19, 28, 27, 57, 42]
客户端数：40	时间：0.007987022399902344	客户端：[60, 64, 47, 7, 23, 61, 1, 40, 14, 12, 9, 48, 63, 15, 20, 8, 35, 24, 13, 6, 25, 30, 46, 55, 43, 19, 28, 27, 57, 42, 18, 39, 3, 21, 62, 36, 53, 49, 34, 44]
客户端数：50	时间：0.012958049774169922	客户端：[60, 64, 47, 7, 23, 61, 1, 40, 14, 12, 9, 48, 63, 15, 20, 8, 35, 24, 13, 6, 25, 30, 46, 55, 43, 19, 28, 27, 57, 42, 18, 39, 3, 21, 62, 36, 53, 49, 34, 44, 52, 50, 56, 5, 37, 51, 54, 32, 2, 17]
客户端数：60	时间：0.017948389053344727	客户端：[60, 64, 47, 7, 23, 61, 1, 40, 14, 12, 9, 48, 63, 15, 20, 8, 35, 24, 13, 6, 25, 30, 46, 55, 43, 19, 28, 27, 57, 42, 18, 39, 3, 21, 62, 36, 53, 49, 34, 44, 52, 50, 56, 5, 37, 51, 54, 32, 2, 17, 4, 41, 26, 38, 31, 59, 58, 10, 33, 16]
T3
客户端数：10	时间：14.22356629371643	客户端：[60, 64, 47, 7, 23, 61, 1, 40, 14, 12]
客户端数：20	时间：55.03598237037659	客户端：[60, 64, 47, 7, 23, 61, 1, 40, 14, 12, 9, 48, 63, 15, 20, 8, 35, 24, 13, 6]
客户端数：30	时间：122.29065680503845	客户端：[60, 64, 47, 7, 23, 61, 1, 40, 14, 12, 9, 48, 63, 15, 20, 8, 35, 24, 13, 6, 25, 30, 46, 55, 43, 19, 28, 27, 57, 42]
客户端数：40	时间：216.71465969085693	客户端：[60, 64, 47, 7, 23, 61, 1, 40, 14, 12, 9, 48, 63, 15, 20, 8, 35, 24, 13, 6, 25, 30, 46, 55, 43, 19, 28, 27, 57, 42, 18, 39, 3, 21, 62, 36, 53, 49, 34, 44]
客户端数：50	时间：339.76169085502625	客户端：[60, 64, 47, 7, 23, 61, 1, 40, 14, 12, 9, 48, 63, 15, 20, 8, 35, 24, 13, 6, 25, 30, 46, 55, 43, 19, 28, 27, 57, 42, 18, 39, 3, 21, 62, 36, 53, 49, 34, 44, 52, 50, 56, 5, 37, 51, 54, 32, 2, 17]
客户端数：60	时间：491.6546940803528	客户端：[60, 64, 47, 7, 23, 61, 1, 40, 14, 12, 9, 48, 63, 15, 20, 8, 35, 24, 13, 6, 25, 30, 46, 55, 43, 19, 28, 27, 57, 42, 18, 39, 3, 21, 62, 36, 53, 49, 34, 44, 52, 50, 56, 5, 37, 51, 54, 32, 2, 17, 4, 41, 26, 38, 31, 59, 58, 10, 33, 16]
BYTE
客户端数：10	字节数：3200000	客户端：[31, 10, 63, 12, 58, 61, 16, 64, 40, 28]
客户端数：20	字节数：6400000	客户端：[31, 10, 63, 12, 58, 61, 16, 64, 40, 28, 50, 9, 32, 21, 49, 24, 62, 27, 20, 25]
客户端数：30	字节数：9600000	客户端：[31, 10, 63, 12, 58, 61, 16, 64, 40, 28, 50, 9, 32, 21, 49, 24, 62, 27, 20, 25, 42, 54, 14, 38, 56, 36, 2, 7, 30, 57]
客户端数：40	字节数：12800000	客户端：[31, 10, 63, 12, 58, 61, 16, 64, 40, 28, 50, 9, 32, 21, 49, 24, 62, 27, 20, 25, 42, 54, 14, 38, 56, 36, 2, 7, 30, 57, 59, 18, 17, 51, 48, 53, 34, 55, 4, 5]
客户端数：50	字节数：16000000	客户端：[31, 10, 63, 12, 58, 61, 16, 64, 40, 28, 50, 9, 32, 21, 49, 24, 62, 27, 20, 25, 42, 54, 14, 38, 56, 36, 2, 7, 30, 57, 59, 18, 17, 51, 48, 53, 34, 55, 4, 5, 8, 46, 13, 47, 23, 39, 6, 41, 3, 44]
客户端数：60	字节数：19200000	客户端：[31, 10, 63, 12, 58, 61, 16, 64, 40, 28, 50, 9, 32, 21, 49, 24, 62, 27, 20, 25, 42, 54, 14, 38, 56, 36, 2, 7, 30, 57, 59, 18, 17, 51, 48, 53, 34, 55, 4, 5, 8, 46, 13, 47, 23, 39, 6, 41, 3, 44, 29, 35, 26, 52, 43, 37, 33, 1, 60, 15]
客户端数：61	字节数：19520000	客户端：[31, 10, 63, 12, 58, 61, 16, 64, 40, 28, 50, 9, 32, 21, 49, 24, 62, 27, 20, 25, 42, 54, 14, 38, 56, 36, 2, 7, 30, 57, 59, 18, 17, 51, 48, 53, 34, 55, 4, 5, 8, 46, 13, 47, 23, 39, 6, 41, 3, 44, 29, 35, 26, 52, 43, 37, 33, 1, 60, 15, 19]
PRO_LEN：320000
score：0.5711746031746032
loss rate：0.4288253968253968
finished iteration：2023-01-01 00:00:25.642498

Number of rounds 2
T1
客户端数：10	时间：0.0029921531677246094	客户端：[12, 61, 60, 64, 47, 25, 15, 14, 7, 28]
客户端数：20	时间：0.005984306335449219	客户端：[12, 61, 60, 64, 47, 25, 15, 14, 7, 28, 8, 27, 35, 30, 39, 9, 62, 55, 18, 57]
客户端数：30	时间：0.007979154586791992	客户端：[12, 61, 60, 64, 47, 25, 15, 14, 7, 28, 8, 27, 35, 30, 39, 9, 62, 55, 18, 57, 19, 52, 49, 50, 53, 6, 21, 5, 44, 3]
客户端数：40	时间：0.010972738265991211	客户端：[12, 61, 60, 64, 47, 25, 15, 14, 7, 28, 8, 27, 35, 30, 39, 9, 62, 55, 18, 57, 19, 52, 49, 50, 53, 6, 21, 5, 44, 3, 56, 46, 13, 51, 40, 63, 42, 32, 54, 2]
客户端数：50	时间：0.012966156005859375	客户端：[12, 61, 60, 64, 47, 25, 15, 14, 7, 28, 8, 27, 35, 30, 39, 9, 62, 55, 18, 57, 19, 52, 49, 50, 53, 6, 21, 5, 44, 3, 56, 46, 13, 51, 40, 63, 42, 32, 54, 2, 17, 1, 4, 48, 34, 26, 41, 37, 38, 31]
客户端数：60	时间：0.01595759391784668	客户端：[12, 61, 60, 64, 47, 25, 15, 14, 7, 28, 8, 27, 35, 30, 39, 9, 62, 55, 18, 57, 19, 52, 49, 50, 53, 6, 21, 5, 44, 3, 56, 46, 13, 51, 40, 63, 42, 32, 54, 2, 17, 1, 4, 48, 34, 26, 41, 37, 38, 31, 20, 43, 23, 24, 59, 58, 36, 10, 33, 16]
T2
客户端数：10	时间：0.0029935836791992188	客户端：[29, 64, 60, 9, 47, 54, 7, 61, 2, 1]
客户端数：20	时间：0.004987239837646484	客户端：[29, 64, 60, 9, 47, 54, 7, 61, 2, 1, 40, 14, 12, 55, 48, 37, 58, 35, 20, 15]
客户端数：30	时间：0.006981372833251953	客户端：[29, 64, 60, 9, 47, 54, 7, 61, 2, 1, 40, 14, 12, 55, 48, 37, 58, 35, 20, 15, 59, 25, 24, 28, 5, 63, 4, 46, 39, 32]
客户端数：40	时间：0.007979631423950195	客户端：[29, 64, 60, 9, 47, 54, 7, 61, 2, 1, 40, 14, 12, 55, 48, 37, 58, 35, 20, 15, 59, 25, 24, 28, 5, 63, 4, 46, 39, 32, 43, 36, 3, 50, 53, 18, 16, 49, 41, 51]
客户端数：50	时间：0.009983062744140625	客户端：[29, 64, 60, 9, 47, 54, 7, 61, 2, 1, 40, 14, 12, 55, 48, 37, 58, 35, 20, 15, 59, 25, 24, 28, 5, 63, 4, 46, 39, 32, 43, 36, 3, 50, 53, 18, 16, 49, 41, 51, 52, 19, 56, 38, 17, 33, 62, 30, 44, 27]
客户端数：60	时间：0.012990236282348633	客户端：[29, 64, 60, 9, 47, 54, 7, 61, 2, 1, 40, 14, 12, 55, 48, 37, 58, 35, 20, 15, 59, 25, 24, 28, 5, 63, 4, 46, 39, 32, 43, 36, 3, 50, 53, 18, 16, 49, 41, 51, 52, 19, 56, 38, 17, 33, 62, 30, 44, 27, 26, 34, 6, 23, 13, 8, 10, 57, 21, 42]
客户端数：61	时间：0.012990236282348633	客户端：[29, 64, 60, 9, 47, 54, 7, 61, 2, 1, 40, 14, 12, 55, 48, 37, 58, 35, 20, 15, 59, 25, 24, 28, 5, 63, 4, 46, 39, 32, 43, 36, 3, 50, 53, 18, 16, 49, 41, 51, 52, 19, 56, 38, 17, 33, 62, 30, 44, 27, 26, 34, 6, 23, 13, 8, 10, 57, 21, 42, 31]
T3
客户端数：10	时间：19.980782508850098	客户端：[29, 64, 60, 9, 47, 54, 7, 61, 2, 1]
客户端数：20	时间：21.286402940750122	客户端：[29, 64, 60, 9, 47, 54, 7, 61, 2, 1, 40, 14, 12, 55, 48, 37, 58, 35, 20, 15]
客户端数：30	时间：22.60987377166748	客户端：[29, 64, 60, 9, 47, 54, 7, 61, 2, 1, 40, 14, 12, 55, 48, 37, 58, 35, 20, 15, 59, 25, 24, 28, 5, 63, 4, 46, 39, 32]
客户端数：40	时间：23.952282905578613	客户端：[29, 64, 60, 9, 47, 54, 7, 61, 2, 1, 40, 14, 12, 55, 48, 37, 58, 35, 20, 15, 59, 25, 24, 28, 5, 63, 4, 46, 39, 32, 43, 36, 3, 50, 53, 18, 16, 49, 41, 51]
客户端数：50	时间：25.313687562942505	客户端：[29, 64, 60, 9, 47, 54, 7, 61, 2, 1, 40, 14, 12, 55, 48, 37, 58, 35, 20, 15, 59, 25, 24, 28, 5, 63, 4, 46, 39, 32, 43, 36, 3, 50, 53, 18, 16, 49, 41, 51, 52, 19, 56, 38, 17, 33, 62, 30, 44, 27]
客户端数：60	时间：26.69803738594055	客户端：[29, 64, 60, 9, 47, 54, 7, 61, 2, 1, 40, 14, 12, 55, 48, 37, 58, 35, 20, 15, 59, 25, 24, 28, 5, 63, 4, 46, 39, 32, 43, 36, 3, 50, 53, 18, 16, 49, 41, 51, 52, 19, 56, 38, 17, 33, 62, 30, 44, 27, 26, 34, 6, 23, 13, 8, 10, 57, 21, 42]
客户端数：61	时间：26.837688207626343	客户端：[29, 64, 60, 9, 47, 54, 7, 61, 2, 1, 40, 14, 12, 55, 48, 37, 58, 35, 20, 15, 59, 25, 24, 28, 5, 63, 4, 46, 39, 32, 43, 36, 3, 50, 53, 18, 16, 49, 41, 51, 52, 19, 56, 38, 17, 33, 62, 30, 44, 27, 26, 34, 6, 23, 13, 8, 10, 57, 21, 42, 31]
BYTE
客户端数：10	字节数：3200000	客户端：[12, 61, 60, 64, 47, 25, 15, 14, 7, 28]
客户端数：20	字节数：6400000	客户端：[12, 61, 60, 64, 47, 25, 15, 14, 7, 28, 8, 27, 35, 30, 39, 9, 62, 55, 18, 57]
客户端数：30	字节数：9600000	客户端：[12, 61, 60, 64, 47, 25, 15, 14, 7, 28, 8, 27, 35, 30, 39, 9, 62, 55, 18, 57, 19, 52, 49, 50, 53, 6, 21, 5, 44, 3]
客户端数：40	字节数：12800000	客户端：[12, 61, 60, 64, 47, 25, 15, 14, 7, 28, 8, 27, 35, 30, 39, 9, 62, 55, 18, 57, 19, 52, 49, 50, 53, 6, 21, 5, 44, 3, 56, 46, 13, 51, 40, 63, 42, 32, 54, 2]
客户端数：50	字节数：16000000	客户端：[12, 61, 60, 64, 47, 25, 15, 14, 7, 28, 8, 27, 35, 30, 39, 9, 62, 55, 18, 57, 19, 52, 49, 50, 53, 6, 21, 5, 44, 3, 56, 46, 13, 51, 40, 63, 42, 32, 54, 2, 17, 1, 4, 48, 34, 26, 41, 37, 38, 31]
客户端数：60	字节数：19200000	客户端：[12, 61, 60, 64, 47, 25, 15, 14, 7, 28, 8, 27, 35, 30, 39, 9, 62, 55, 18, 57, 19, 52, 49, 50, 53, 6, 21, 5, 44, 3, 56, 46, 13, 51, 40, 63, 42, 32, 54, 2, 17, 1, 4, 48, 34, 26, 41, 37, 38, 31, 20, 43, 23, 24, 59, 58, 36, 10, 33, 16]
PRO_LEN：320000
score：0.9514920634920635
loss rate：0.0485079365079365
finished iteration：2023-01-01 00:00:44.709254

