Number of rounds 1
T1
客户端数：0	时间：0	客户端：[]
T2
客户端数：10	时间：0.0009975433349609375	客户端：[10, 64, 47, 3, 48, 18, 44, 32, 40, 53]
客户端数：20	时间：0.0029916763305664062	客户端：[10, 64, 47, 3, 48, 18, 44, 32, 40, 53, 50, 37, 55, 25, 58, 35, 14, 49, 26, 39]
客户端数：30	时间：0.003989458084106445	客户端：[10, 64, 47, 3, 48, 18, 44, 32, 40, 53, 50, 37, 55, 25, 58, 35, 14, 49, 26, 39, 21, 33, 1, 52, 11, 12, 54, 15, 59, 38]
客户端数：40	时间：0.003989458084106445	客户端：[10, 64, 47, 3, 48, 18, 44, 32, 40, 53, 50, 37, 55, 25, 58, 35, 14, 49, 26, 39, 21, 33, 1, 52, 11, 12, 54, 15, 59, 38, 56, 16, 8, 29, 51, 7, 36, 34, 41, 2]
客户端数：50	时间：0.003989458084106445	客户端：[10, 64, 47, 3, 48, 18, 44, 32, 40, 53, 50, 37, 55, 25, 58, 35, 14, 49, 26, 39, 21, 33, 1, 52, 11, 12, 54, 15, 59, 38, 56, 16, 8, 29, 51, 7, 36, 34, 41, 2, 4, 23, 62, 17, 42, 27, 63, 6, 57, 46]
客户端数：58	时间：0.00498652458190918	客户端：[10, 64, 47, 3, 48, 18, 44, 32, 40, 53, 50, 37, 55, 25, 58, 35, 14, 49, 26, 39, 21, 33, 1, 52, 11, 12, 54, 15, 59, 38, 56, 16, 8, 29, 51, 7, 36, 34, 41, 2, 4, 23, 62, 17, 42, 27, 63, 6, 57, 46, 5, 45, 28, 43, 31, 13, 20, 22]
T3
客户端数：10	时间：8.91737174987793	客户端：[10, 64, 47, 3, 48, 18, 44, 32, 40, 53]
客户端数：20	时间：36.407204389572144	客户端：[10, 64, 47, 3, 48, 18, 44, 32, 40, 53, 50, 37, 55, 25, 58, 35, 14, 49, 26, 39]
客户端数：30	时间：82.8950457572937	客户端：[10, 64, 47, 3, 48, 18, 44, 32, 40, 53, 50, 37, 55, 25, 58, 35, 14, 49, 26, 39, 21, 33, 1, 52, 11, 12, 54, 15, 59, 38]
客户端数：40	时间：148.7475941181183	客户端：[10, 64, 47, 3, 48, 18, 44, 32, 40, 53, 50, 37, 55, 25, 58, 35, 14, 49, 26, 39, 21, 33, 1, 52, 11, 12, 54, 15, 59, 38, 56, 16, 8, 29, 51, 7, 36, 34, 41, 2]
客户端数：50	时间：231.51818013191223	客户端：[10, 64, 47, 3, 48, 18, 44, 32, 40, 53, 50, 37, 55, 25, 58, 35, 14, 49, 26, 39, 21, 33, 1, 52, 11, 12, 54, 15, 59, 38, 56, 16, 8, 29, 51, 7, 36, 34, 41, 2, 4, 23, 62, 17, 42, 27, 63, 6, 57, 46]
客户端数：58	时间：310.2047264575958	客户端：[10, 64, 47, 3, 48, 18, 44, 32, 40, 53, 50, 37, 55, 25, 58, 35, 14, 49, 26, 39, 21, 33, 1, 52, 11, 12, 54, 15, 59, 38, 56, 16, 8, 29, 51, 7, 36, 34, 41, 2, 4, 23, 62, 17, 42, 27, 63, 6, 57, 46, 5, 45, 28, 43, 31, 13, 20, 22]
BYTE
客户端数：0	字节数：0	客户端：[]
MAE：32682918.666666668
RMSE：32682918.66850183
finished iteration：2023-01-01 00:00:14.462180

Number of rounds 2
T1
客户端数：0	时间：0	客户端：[]
T2
客户端数：10	时间：0.0009975433349609375	客户端：[10, 42, 48, 47, 3, 15, 44, 46, 18, 32]
客户端数：20	时间：0.0009975433349609375	客户端：[10, 42, 48, 47, 3, 15, 44, 46, 18, 32, 49, 5, 40, 53, 50, 58, 14, 52, 55, 13]
客户端数：30	时间：0.0019948482513427734	客户端：[10, 42, 48, 47, 3, 15, 44, 46, 18, 32, 49, 5, 40, 53, 50, 58, 14, 52, 55, 13, 63, 23, 21, 59, 26, 64, 34, 33, 31, 29]
客户端数：40	时间：0.002992391586303711	客户端：[10, 42, 48, 47, 3, 15, 44, 46, 18, 32, 49, 5, 40, 53, 50, 58, 14, 52, 55, 13, 63, 23, 21, 59, 26, 64, 34, 33, 31, 29, 35, 1, 20, 22, 38, 56, 41, 36, 6, 62]
客户端数：50	时间：0.002992391586303711	客户端：[10, 42, 48, 47, 3, 15, 44, 46, 18, 32, 49, 5, 40, 53, 50, 58, 14, 52, 55, 13, 63, 23, 21, 59, 26, 64, 34, 33, 31, 29, 35, 1, 20, 22, 38, 56, 41, 36, 6, 62, 51, 28, 8, 39, 11, 54, 2, 16, 25, 4]
客户端数：56	时间：0.0039904117584228516	客户端：[10, 42, 48, 47, 3, 15, 44, 46, 18, 32, 49, 5, 40, 53, 50, 58, 14, 52, 55, 13, 63, 23, 21, 59, 26, 64, 34, 33, 31, 29, 35, 1, 20, 22, 38, 56, 41, 36, 6, 62, 51, 28, 8, 39, 11, 54, 2, 16, 25, 4, 17, 37, 12, 45, 57, 27]
T3
客户端数：10	时间：8.337702751159668	客户端：[10, 42, 48, 47, 3, 15, 44, 46, 18, 32]
客户端数：20	时间：34.96934914588928	客户端：[10, 42, 48, 47, 3, 15, 44, 46, 18, 32, 49, 5, 40, 53, 50, 58, 14, 52, 55, 13]
客户端数：30	时间：79.15145826339722	客户端：[10, 42, 48, 47, 3, 15, 44, 46, 18, 32, 49, 5, 40, 53, 50, 58, 14, 52, 55, 13, 63, 23, 21, 59, 26, 64, 34, 33, 31, 29]
客户端数：40	时间：140.63096141815186	客户端：[10, 42, 48, 47, 3, 15, 44, 46, 18, 32, 49, 5, 40, 53, 50, 58, 14, 52, 55, 13, 63, 23, 21, 59, 26, 64, 34, 33, 31, 29, 35, 1, 20, 22, 38, 56, 41, 36, 6, 62]
客户端数：50	时间：220.22553539276123	客户端：[10, 42, 48, 47, 3, 15, 44, 46, 18, 32, 49, 5, 40, 53, 50, 58, 14, 52, 55, 13, 63, 23, 21, 59, 26, 64, 34, 33, 31, 29, 35, 1, 20, 22, 38, 56, 41, 36, 6, 62, 51, 28, 8, 39, 11, 54, 2, 16, 25, 4]
客户端数：56	时间：276.53839921951294	客户端：[10, 42, 48, 47, 3, 15, 44, 46, 18, 32, 49, 5, 40, 53, 50, 58, 14, 52, 55, 13, 63, 23, 21, 59, 26, 64, 34, 33, 31, 29, 35, 1, 20, 22, 38, 56, 41, 36, 6, 62, 51, 28, 8, 39, 11, 54, 2, 16, 25, 4, 17, 37, 12, 45, 57, 27]
BYTE
客户端数：0	字节数：0	客户端：[]
MAE：49448918.0
RMSE：49448921.82546486
finished iteration：2023-01-01 00:00:36.226883

Number of rounds 3
T1
客户端数：0	时间：0	客户端：[]
T2
客户端数：10	时间：0.0	客户端：[7, 10, 48, 47, 18, 46, 40, 63, 4, 44]
客户端数：20	时间：0.0009975433349609375	客户端：[7, 10, 48, 47, 18, 46, 40, 63, 4, 44, 55, 49, 53, 39, 27, 64, 32, 35, 23, 25]
客户端数：30	时间：0.001995086669921875	客户端：[7, 10, 48, 47, 18, 46, 40, 63, 4, 44, 55, 49, 53, 39, 27, 64, 32, 35, 23, 25, 17, 50, 58, 22, 13, 15, 57, 3, 54, 59]
客户端数：40	时间：0.001995086669921875	客户端：[7, 10, 48, 47, 18, 46, 40, 63, 4, 44, 55, 49, 53, 39, 27, 64, 32, 35, 23, 25, 17, 50, 58, 22, 13, 15, 57, 3, 54, 59, 28, 34, 36, 1, 21, 2, 29, 41, 42, 56]
客户端数：50	时间：0.001995086669921875	客户端：[7, 10, 48, 47, 18, 46, 40, 63, 4, 44, 55, 49, 53, 39, 27, 64, 32, 35, 23, 25, 17, 50, 58, 22, 13, 15, 57, 3, 54, 59, 28, 34, 36, 1, 21, 2, 29, 41, 42, 56, 20, 6, 52, 51, 16, 14, 31, 8, 62, 33]
客户端数：57	时间：0.0029926300048828125	客户端：[7, 10, 48, 47, 18, 46, 40, 63, 4, 44, 55, 49, 53, 39, 27, 64, 32, 35, 23, 25, 17, 50, 58, 22, 13, 15, 57, 3, 54, 59, 28, 34, 36, 1, 21, 2, 29, 41, 42, 56, 20, 6, 52, 51, 16, 14, 31, 8, 62, 33, 12, 11, 38, 26, 45, 5, 43]
T3
客户端数：10	时间：19.090981245040894	客户端：[7, 10, 48, 47, 18, 46, 40, 63, 4, 44]
客户端数：20	时间：41.90572547912598	客户端：[7, 10, 48, 47, 18, 46, 40, 63, 4, 44, 55, 49, 53, 39, 27, 64, 32, 35, 23, 25]
客户端数：30	时间：82.38978385925293	客户端：[7, 10, 48, 47, 18, 46, 40, 63, 4, 44, 55, 49, 53, 39, 27, 64, 32, 35, 23, 25, 17, 50, 58, 22, 13, 15, 57, 3, 54, 59]
客户端数：40	时间：141.45284128189087	客户端：[7, 10, 48, 47, 18, 46, 40, 63, 4, 44, 55, 49, 53, 39, 27, 64, 32, 35, 23, 25, 17, 50, 58, 22, 13, 15, 57, 3, 54, 59, 28, 34, 36, 1, 21, 2, 29, 41, 42, 56]
客户端数：50	时间：219.4702775478363	客户端：[7, 10, 48, 47, 18, 46, 40, 63, 4, 44, 55, 49, 53, 39, 27, 64, 32, 35, 23, 25, 17, 50, 58, 22, 13, 15, 57, 3, 54, 59, 28, 34, 36, 1, 21, 2, 29, 41, 42, 56, 20, 6, 52, 51, 16, 14, 31, 8, 62, 33]
客户端数：57	时间：304.5768392086029	客户端：[7, 10, 48, 47, 18, 46, 40, 63, 4, 44, 55, 49, 53, 39, 27, 64, 32, 35, 23, 25, 17, 50, 58, 22, 13, 15, 57, 3, 54, 59, 28, 34, 36, 1, 21, 2, 29, 41, 42, 56, 20, 6, 52, 51, 16, 14, 31, 8, 62, 33, 12, 11, 38, 26, 45, 5, 43]
BYTE
客户端数：0	字节数：0	客户端：[]
MAE：120273686.0
RMSE：120278441.7146655
finished iteration：2023-01-01 00:00:58.061721

Number of rounds 4
T1
客户端数：0	时间：0	客户端：[]
T2
客户端数：10	时间：0.0019948482513427734	客户端：[64, 48, 4, 3, 44, 18, 10, 46, 32, 63]
客户端数：20	时间：0.0019948482513427734	客户端：[64, 48, 4, 3, 44, 18, 10, 46, 32, 63, 53, 5, 25, 28, 13, 22, 35, 1, 38, 11]
客户端数：30	时间：0.002992391586303711	客户端：[64, 48, 4, 3, 44, 18, 10, 46, 32, 63, 53, 5, 25, 28, 13, 22, 35, 1, 38, 11, 36, 51, 59, 62, 14, 45, 16, 8, 31, 23]
客户端数：40	时间：0.002992391586303711	客户端：[64, 48, 4, 3, 44, 18, 10, 46, 32, 63, 53, 5, 25, 28, 13, 22, 35, 1, 38, 11, 36, 51, 59, 62, 14, 45, 16, 8, 31, 23, 58, 20, 56, 57, 21, 29, 42, 41, 27, 2]
客户端数：50	时间：0.004988431930541992	客户端：[64, 48, 4, 3, 44, 18, 10, 46, 32, 63, 53, 5, 25, 28, 13, 22, 35, 1, 38, 11, 36, 51, 59, 62, 14, 45, 16, 8, 31, 23, 58, 20, 56, 57, 21, 29, 42, 41, 27, 2, 47, 33, 12, 17, 55, 40, 52, 49, 39, 50]
客户端数：54	时间：0.004988431930541992	客户端：[64, 48, 4, 3, 44, 18, 10, 46, 32, 63, 53, 5, 25, 28, 13, 22, 35, 1, 38, 11, 36, 51, 59, 62, 14, 45, 16, 8, 31, 23, 58, 20, 56, 57, 21, 29, 42, 41, 27, 2, 47, 33, 12, 17, 55, 40, 52, 49, 39, 50, 6, 54, 15, 26]
T3
客户端数：10	时间：8.40783405303955	客户端：[64, 48, 4, 3, 44, 18, 10, 46, 32, 63]
客户端数：20	时间：34.272533893585205	客户端：[64, 48, 4, 3, 44, 18, 10, 46, 32, 63, 53, 5, 25, 28, 13, 22, 35, 1, 38, 11]
客户端数：30	时间：77.51569676399231	客户端：[64, 48, 4, 3, 44, 18, 10, 46, 32, 63, 53, 5, 25, 28, 13, 22, 35, 1, 38, 11, 36, 51, 59, 62, 14, 45, 16, 8, 31, 23]
客户端数：40	时间：138.11092948913574	客户端：[64, 48, 4, 3, 44, 18, 10, 46, 32, 63, 53, 5, 25, 28, 13, 22, 35, 1, 38, 11, 36, 51, 59, 62, 14, 45, 16, 8, 31, 23, 58, 20, 56, 57, 21, 29, 42, 41, 27, 2]
客户端数：50	时间：216.7534110546112	客户端：[64, 48, 4, 3, 44, 18, 10, 46, 32, 63, 53, 5, 25, 28, 13, 22, 35, 1, 38, 11, 36, 51, 59, 62, 14, 45, 16, 8, 31, 23, 58, 20, 56, 57, 21, 29, 42, 41, 27, 2, 47, 33, 12, 17, 55, 40, 52, 49, 39, 50]
客户端数：54	时间：253.13216090202332	客户端：[64, 48, 4, 3, 44, 18, 10, 46, 32, 63, 53, 5, 25, 28, 13, 22, 35, 1, 38, 11, 36, 51, 59, 62, 14, 45, 16, 8, 31, 23, 58, 20, 56, 57, 21, 29, 42, 41, 27, 2, 47, 33, 12, 17, 55, 40, 52, 49, 39, 50, 6, 54, 15, 26]
BYTE
客户端数：0	字节数：0	客户端：[]
MAE：186650573.0153846
RMSE：187545730.82683703
finished iteration：2023-01-01 00:01:19.935249

Number of rounds 5
T1
客户端数：0	时间：0	客户端：[]
T2
客户端数：10	时间：0.0	客户端：[34, 64, 3, 44, 49, 5, 40, 42, 32, 23]
客户端数：20	时间：0.0	客户端：[34, 64, 3, 44, 49, 5, 40, 42, 32, 23, 26, 27, 39, 52, 28, 54, 58, 14, 55, 57]
客户端数：30	时间：0.0	客户端：[34, 64, 3, 44, 49, 5, 40, 42, 32, 23, 26, 27, 39, 52, 28, 54, 58, 14, 55, 57, 21, 33, 18, 59, 2, 29, 16, 45, 36, 41]
客户端数：40	时间：0.0009975433349609375	客户端：[34, 64, 3, 44, 49, 5, 40, 42, 32, 23, 26, 27, 39, 52, 28, 54, 58, 14, 55, 57, 21, 33, 18, 59, 2, 29, 16, 45, 36, 41, 38, 35, 47, 12, 10, 20, 63, 8, 1, 17]
客户端数：50	时间：0.0009975433349609375	客户端：[34, 64, 3, 44, 49, 5, 40, 42, 32, 23, 26, 27, 39, 52, 28, 54, 58, 14, 55, 57, 21, 33, 18, 59, 2, 29, 16, 45, 36, 41, 38, 35, 47, 12, 10, 20, 63, 8, 1, 17, 51, 50, 62, 25, 4, 22, 31, 13, 53, 56]
客户端数：55	时间：0.0009975433349609375	客户端：[34, 64, 3, 44, 49, 5, 40, 42, 32, 23, 26, 27, 39, 52, 28, 54, 58, 14, 55, 57, 21, 33, 18, 59, 2, 29, 16, 45, 36, 41, 38, 35, 47, 12, 10, 20, 63, 8, 1, 17, 51, 50, 62, 25, 4, 22, 31, 13, 53, 56, 48, 46, 11, 6, 15]
T3
客户端数：10	时间：19.739677667617798	客户端：[34, 64, 3, 44, 49, 5, 40, 42, 32, 23]
客户端数：20	时间：44.470075368881226	客户端：[34, 64, 3, 44, 49, 5, 40, 42, 32, 23, 26, 27, 39, 52, 28, 54, 58, 14, 55, 57]
客户端数：30	时间：86.91904616355896	客户端：[34, 64, 3, 44, 49, 5, 40, 42, 32, 23, 26, 27, 39, 52, 28, 54, 58, 14, 55, 57, 21, 33, 18, 59, 2, 29, 16, 45, 36, 41]
客户端数：40	时间：147.13988709449768	客户端：[34, 64, 3, 44, 49, 5, 40, 42, 32, 23, 26, 27, 39, 52, 28, 54, 58, 14, 55, 57, 21, 33, 18, 59, 2, 29, 16, 45, 36, 41, 38, 35, 47, 12, 10, 20, 63, 8, 1, 17]
客户端数：50	时间：224.79972100257874	客户端：[34, 64, 3, 44, 49, 5, 40, 42, 32, 23, 26, 27, 39, 52, 28, 54, 58, 14, 55, 57, 21, 33, 18, 59, 2, 29, 16, 45, 36, 41, 38, 35, 47, 12, 10, 20, 63, 8, 1, 17, 51, 50, 62, 25, 4, 22, 31, 13, 53, 56]
客户端数：55	时间：270.1809356212616	客户端：[34, 64, 3, 44, 49, 5, 40, 42, 32, 23, 26, 27, 39, 52, 28, 54, 58, 14, 55, 57, 21, 33, 18, 59, 2, 29, 16, 45, 36, 41, 38, 35, 47, 12, 10, 20, 63, 8, 1, 17, 51, 50, 62, 25, 4, 22, 31, 13, 53, 56, 48, 46, 11, 6, 15]
BYTE
客户端数：0	字节数：0	客户端：[]
MAE：173990427.94871795
RMSE：174363979.6030928
finished iteration：2023-01-01 00:01:42.047385

Number of rounds 6
T1
客户端数：0	时间：0	客户端：[]
T2
客户端数：10	时间：0.000997304916381836	客户端：[10, 47, 48, 18, 44, 17, 46, 4, 49, 57]
客户端数：20	时间：0.002991914749145508	客户端：[10, 47, 48, 18, 44, 17, 46, 4, 49, 57, 55, 53, 39, 27, 22, 25, 26, 6, 15, 54]
客户端数：30	时间：0.002991914749145508	客户端：[10, 47, 48, 18, 44, 17, 46, 4, 49, 57, 55, 53, 39, 27, 22, 25, 26, 6, 15, 54, 13, 36, 14, 23, 58, 29, 56, 28, 21, 62]
客户端数：40	时间：0.002991914749145508	客户端：[10, 47, 48, 18, 44, 17, 46, 4, 49, 57, 55, 53, 39, 27, 22, 25, 26, 6, 15, 54, 13, 36, 14, 23, 58, 29, 56, 28, 21, 62, 31, 41, 45, 51, 1, 16, 11, 38, 2, 3]
客户端数：50	时间：0.002991914749145508	客户端：[10, 47, 48, 18, 44, 17, 46, 4, 49, 57, 55, 53, 39, 27, 22, 25, 26, 6, 15, 54, 13, 36, 14, 23, 58, 29, 56, 28, 21, 62, 31, 41, 45, 51, 1, 16, 11, 38, 2, 3, 32, 8, 59, 64, 5, 33, 20, 12, 35, 50]
客户端数：53	时间：0.002991914749145508	客户端：[10, 47, 48, 18, 44, 17, 46, 4, 49, 57, 55, 53, 39, 27, 22, 25, 26, 6, 15, 54, 13, 36, 14, 23, 58, 29, 56, 28, 21, 62, 31, 41, 45, 51, 1, 16, 11, 38, 2, 3, 32, 8, 59, 64, 5, 33, 20, 12, 35, 50, 52, 63, 42]
T3
客户端数：10	时间：7.960757732391357	客户端：[10, 47, 48, 18, 44, 17, 46, 4, 49, 57]
客户端数：20	时间：33.540143728256226	客户端：[10, 47, 48, 18, 44, 17, 46, 4, 49, 57, 55, 53, 39, 27, 22, 25, 26, 6, 15, 54]
客户端数：30	时间：76.49685573577881	客户端：[10, 47, 48, 18, 44, 17, 46, 4, 49, 57, 55, 53, 39, 27, 22, 25, 26, 6, 15, 54, 13, 36, 14, 23, 58, 29, 56, 28, 21, 62]
客户端数：40	时间：136.5174310207367	客户端：[10, 47, 48, 18, 44, 17, 46, 4, 49, 57, 55, 53, 39, 27, 22, 25, 26, 6, 15, 54, 13, 36, 14, 23, 58, 29, 56, 28, 21, 62, 31, 41, 45, 51, 1, 16, 11, 38, 2, 3]
客户端数：50	时间：214.23064160346985	客户端：[10, 47, 48, 18, 44, 17, 46, 4, 49, 57, 55, 53, 39, 27, 22, 25, 26, 6, 15, 54, 13, 36, 14, 23, 58, 29, 56, 28, 21, 62, 31, 41, 45, 51, 1, 16, 11, 38, 2, 3, 32, 8, 59, 64, 5, 33, 20, 12, 35, 50]
客户端数：53	时间：241.25660490989685	客户端：[10, 47, 48, 18, 44, 17, 46, 4, 49, 57, 55, 53, 39, 27, 22, 25, 26, 6, 15, 54, 13, 36, 14, 23, 58, 29, 56, 28, 21, 62, 31, 41, 45, 51, 1, 16, 11, 38, 2, 3, 32, 8, 59, 64, 5, 33, 20, 12, 35, 50, 52, 63, 42]
BYTE
客户端数：0	字节数：0	客户端：[]
MAE：192468366.16410255
RMSE：193224752.03809172
finished iteration：2023-01-01 00:02:04.170311

Number of rounds 7
T1
客户端数：0	时间：0	客户端：[]
T2
客户端数：10	时间：0.0	客户端：[64, 10, 42, 48, 4, 18, 49, 44, 3, 5]
客户端数：20	时间：0.0	客户端：[64, 10, 42, 48, 4, 18, 49, 44, 3, 5, 32, 39, 50, 23, 25, 46, 52, 28, 6, 14]
客户端数：30	时间：0.0	客户端：[64, 10, 42, 48, 4, 18, 49, 44, 3, 5, 32, 39, 50, 23, 25, 46, 52, 28, 6, 14, 26, 15, 13, 59, 36, 33, 29, 54, 2, 8]
客户端数：40	时间：0.0009970664978027344	客户端：[64, 10, 42, 48, 4, 18, 49, 44, 3, 5, 32, 39, 50, 23, 25, 46, 52, 28, 6, 14, 26, 15, 13, 59, 36, 33, 29, 54, 2, 8, 56, 51, 55, 53, 17, 20, 57, 22, 62, 31]
客户端数：50	时间：0.0029916763305664062	客户端：[64, 10, 42, 48, 4, 18, 49, 44, 3, 5, 32, 39, 50, 23, 25, 46, 52, 28, 6, 14, 26, 15, 13, 59, 36, 33, 29, 54, 2, 8, 56, 51, 55, 53, 17, 20, 57, 22, 62, 31, 21, 58, 45, 11, 1, 47, 41, 35, 27, 63]
客户端数：52	时间：0.0029916763305664062	客户端：[64, 10, 42, 48, 4, 18, 49, 44, 3, 5, 32, 39, 50, 23, 25, 46, 52, 28, 6, 14, 26, 15, 13, 59, 36, 33, 29, 54, 2, 8, 56, 51, 55, 53, 17, 20, 57, 22, 62, 31, 21, 58, 45, 11, 1, 47, 41, 35, 27, 63, 12, 16]
T3
客户端数：10	时间：8.126553773880005	客户端：[64, 10, 42, 48, 4, 18, 49, 44, 3, 5]
客户端数：20	时间：34.135732889175415	客户端：[64, 10, 42, 48, 4, 18, 49, 44, 3, 5, 32, 39, 50, 23, 25, 46, 52, 28, 6, 14]
客户端数：30	时间：78.36579513549805	客户端：[64, 10, 42, 48, 4, 18, 49, 44, 3, 5, 32, 39, 50, 23, 25, 46, 52, 28, 6, 14, 26, 15, 13, 59, 36, 33, 29, 54, 2, 8]
客户端数：40	时间：140.37623500823975	客户端：[64, 10, 42, 48, 4, 18, 49, 44, 3, 5, 32, 39, 50, 23, 25, 46, 52, 28, 6, 14, 26, 15, 13, 59, 36, 33, 29, 54, 2, 8, 56, 51, 55, 53, 17, 20, 57, 22, 62, 31]
客户端数：50	时间：220.24868965148926	客户端：[64, 10, 42, 48, 4, 18, 49, 44, 3, 5, 32, 39, 50, 23, 25, 46, 52, 28, 6, 14, 26, 15, 13, 59, 36, 33, 29, 54, 2, 8, 56, 51, 55, 53, 17, 20, 57, 22, 62, 31, 21, 58, 45, 11, 1, 47, 41, 35, 27, 63]
客户端数：52	时间：238.30566501617432	客户端：[64, 10, 42, 48, 4, 18, 49, 44, 3, 5, 32, 39, 50, 23, 25, 46, 52, 28, 6, 14, 26, 15, 13, 59, 36, 33, 29, 54, 2, 8, 56, 51, 55, 53, 17, 20, 57, 22, 62, 31, 21, 58, 45, 11, 1, 47, 41, 35, 27, 63, 12, 16]
BYTE
客户端数：0	字节数：0	客户端：[]
MAE：189010699.7025641
RMSE：190528226.936767
finished iteration：2023-01-01 00:02:26.245807

Number of rounds 8
T1
客户端数：0	时间：0	客户端：[]
T2
客户端数：10	时间：0.0	客户端：[64, 10, 3, 17, 48, 44, 18, 46, 5, 32]
客户端数：20	时间：0.000997304916381836	客户端：[64, 10, 3, 17, 48, 44, 18, 46, 5, 32, 57, 63, 55, 39, 15, 58, 35, 26, 53, 52]
客户端数：30	时间：0.000997304916381836	客户端：[64, 10, 3, 17, 48, 44, 18, 46, 5, 32, 57, 63, 55, 39, 15, 58, 35, 26, 53, 52, 6, 28, 54, 23, 56, 12, 29, 13, 36, 2]
客户端数：40	时间：0.000997304916381836	客户端：[64, 10, 3, 17, 48, 44, 18, 46, 5, 32, 57, 63, 55, 39, 15, 58, 35, 26, 53, 52, 6, 28, 54, 23, 56, 12, 29, 13, 36, 2, 25, 51, 27, 62, 49, 14, 1, 41, 21, 50]
客户端数：50	时间：0.0019943714141845703	客户端：[64, 10, 3, 17, 48, 44, 18, 46, 5, 32, 57, 63, 55, 39, 15, 58, 35, 26, 53, 52, 6, 28, 54, 23, 56, 12, 29, 13, 36, 2, 25, 51, 27, 62, 49, 14, 1, 41, 21, 50, 4, 31, 11, 22, 45, 59, 16, 20, 42, 33]
T3
客户端数：10	时间：8.041730880737305	客户端：[64, 10, 3, 17, 48, 44, 18, 46, 5, 32]
客户端数：20	时间：33.90117692947388	客户端：[64, 10, 3, 17, 48, 44, 18, 46, 5, 32, 57, 63, 55, 39, 15, 58, 35, 26, 53, 52]
客户端数：30	时间：77.74300003051758	客户端：[64, 10, 3, 17, 48, 44, 18, 46, 5, 32, 57, 63, 55, 39, 15, 58, 35, 26, 53, 52, 6, 28, 54, 23, 56, 12, 29, 13, 36, 2]
客户端数：40	时间：139.81719970703125	客户端：[64, 10, 3, 17, 48, 44, 18, 46, 5, 32, 57, 63, 55, 39, 15, 58, 35, 26, 53, 52, 6, 28, 54, 23, 56, 12, 29, 13, 36, 2, 25, 51, 27, 62, 49, 14, 1, 41, 21, 50]
客户端数：50	时间：219.3365182876587	客户端：[64, 10, 3, 17, 48, 44, 18, 46, 5, 32, 57, 63, 55, 39, 15, 58, 35, 26, 53, 52, 6, 28, 54, 23, 56, 12, 29, 13, 36, 2, 25, 51, 27, 62, 49, 14, 1, 41, 21, 50, 4, 31, 11, 22, 45, 59, 16, 20, 42, 33]
BYTE
客户端数：0	字节数：0	客户端：[]
MAE：185056230.45128205
RMSE：185183143.67392707
finished iteration：2023-01-01 00:02:48.402982

Number of rounds 9
T1
客户端数：0	时间：0	客户端：[]
T2
客户端数：10	时间：0.000997304916381836	客户端：[10, 42, 3, 15, 64, 17, 46, 57, 39, 53]
客户端数：20	时间：0.0019948482513427734	客户端：[10, 42, 3, 15, 64, 17, 46, 57, 39, 53, 49, 23, 55, 58, 4, 22, 26, 48, 28, 52]
客户端数：30	时间：0.0019948482513427734	客户端：[10, 42, 3, 15, 64, 17, 46, 57, 39, 53, 49, 23, 55, 58, 4, 22, 26, 48, 28, 52, 12, 54, 31, 51, 6, 16, 2, 29, 20, 62]
客户端数：40	时间：0.0029926300048828125	客户端：[10, 42, 3, 15, 64, 17, 46, 57, 39, 53, 49, 23, 55, 58, 4, 22, 26, 48, 28, 52, 12, 54, 31, 51, 6, 16, 2, 29, 20, 62, 45, 13, 36, 33, 56, 25, 44, 32, 27, 14]
客户端数：48	时间：0.0029926300048828125	客户端：[10, 42, 3, 15, 64, 17, 46, 57, 39, 53, 49, 23, 55, 58, 4, 22, 26, 48, 28, 52, 12, 54, 31, 51, 6, 16, 2, 29, 20, 62, 45, 13, 36, 33, 56, 25, 44, 32, 27, 14, 41, 11, 5, 63, 21, 18, 59, 35]
T3
客户端数：10	时间：8.311517238616943	客户端：[10, 42, 3, 15, 64, 17, 46, 57, 39, 53]
客户端数：20	时间：34.28532576560974	客户端：[10, 42, 3, 15, 64, 17, 46, 57, 39, 53, 49, 23, 55, 58, 4, 22, 26, 48, 28, 52]
客户端数：30	时间：77.28649592399597	客户端：[10, 42, 3, 15, 64, 17, 46, 57, 39, 53, 49, 23, 55, 58, 4, 22, 26, 48, 28, 52, 12, 54, 31, 51, 6, 16, 2, 29, 20, 62]
客户端数：40	时间：137.31339621543884	客户端：[10, 42, 3, 15, 64, 17, 46, 57, 39, 53, 49, 23, 55, 58, 4, 22, 26, 48, 28, 52, 12, 54, 31, 51, 6, 16, 2, 29, 20, 62, 45, 13, 36, 33, 56, 25, 44, 32, 27, 14]
客户端数：48	时间：198.3075795173645	客户端：[10, 42, 3, 15, 64, 17, 46, 57, 39, 53, 49, 23, 55, 58, 4, 22, 26, 48, 28, 52, 12, 54, 31, 51, 6, 16, 2, 29, 20, 62, 45, 13, 36, 33, 56, 25, 44, 32, 27, 14, 41, 11, 5, 63, 21, 18, 59, 35]
BYTE
客户端数：0	字节数：0	客户端：[]
MAE：190576012.19487178
RMSE：190616583.2883397
finished iteration：2023-01-01 00:03:12.461325

Number of rounds 10
T1
客户端数：0	时间：0	客户端：[]
T2
客户端数：10	时间：0.0	客户端：[1, 64, 10, 4, 18, 3, 15, 46, 32, 44]
客户端数：20	时间：0.0019943714141845703	客户端：[1, 64, 10, 4, 18, 3, 15, 46, 32, 44, 42, 63, 57, 49, 53, 5, 58, 27, 54, 13]
客户端数：30	时间：0.0019943714141845703	客户端：[1, 64, 10, 4, 18, 3, 15, 46, 32, 44, 42, 63, 57, 49, 53, 5, 58, 27, 54, 13, 28, 36, 23, 59, 11, 26, 62, 41, 21, 14]
客户端数：40	时间：0.0019943714141845703	客户端：[1, 64, 10, 4, 18, 3, 15, 46, 32, 44, 42, 63, 57, 49, 53, 5, 58, 27, 54, 13, 28, 36, 23, 59, 11, 26, 62, 41, 21, 14, 55, 2, 16, 31, 45, 25, 17, 39, 56, 22]
客户端数：48	时间：0.0019943714141845703	客户端：[1, 64, 10, 4, 18, 3, 15, 46, 32, 44, 42, 63, 57, 49, 53, 5, 58, 27, 54, 13, 28, 36, 23, 59, 11, 26, 62, 41, 21, 14, 55, 2, 16, 31, 45, 25, 17, 39, 56, 22, 6, 29, 51, 20, 33, 12, 35, 52]
T3
客户端数：10	时间：8.710262060165405	客户端：[1, 64, 10, 4, 18, 3, 15, 46, 32, 44]
客户端数：20	时间：8.967241287231445	客户端：[1, 64, 10, 4, 18, 3, 15, 46, 32, 44, 42, 63, 57, 49, 53, 5, 58, 27, 54, 13]
客户端数：30	时间：9.249153137207031	客户端：[1, 64, 10, 4, 18, 3, 15, 46, 32, 44, 42, 63, 57, 49, 53, 5, 58, 27, 54, 13, 28, 36, 23, 59, 11, 26, 62, 41, 21, 14]
客户端数：40	时间：9.556996822357178	客户端：[1, 64, 10, 4, 18, 3, 15, 46, 32, 44, 42, 63, 57, 49, 53, 5, 58, 27, 54, 13, 28, 36, 23, 59, 11, 26, 62, 41, 21, 14, 55, 2, 16, 31, 45, 25, 17, 39, 56, 22]
客户端数：48	时间：9.820825099945068	客户端：[1, 64, 10, 4, 18, 3, 15, 46, 32, 44, 42, 63, 57, 49, 53, 5, 58, 27, 54, 13, 28, 36, 23, 59, 11, 26, 62, 41, 21, 14, 55, 2, 16, 31, 45, 25, 17, 39, 56, 22, 6, 29, 51, 20, 33, 12, 35, 52]
BYTE
客户端数：0	字节数：0	客户端：[]
MAE：180859237.13846153
RMSE：181012271.89113352
finished iteration：2023-01-01 00:03:34.823084

