Number of rounds 1
T1
客户端数：10	时间：0.003998279571533203	客户端：[1, 5, 42, 7, 34, 12, 53, 39, 45, 61]
客户端数：20	时间：0.007977724075317383	客户端：[1, 5, 42, 7, 34, 12, 53, 39, 45, 61, 19, 38, 27, 55, 23, 11, 62, 52, 63, 29]
客户端数：30	时间：0.009972095489501953	客户端：[1, 5, 42, 7, 34, 12, 53, 39, 45, 61, 19, 38, 27, 55, 23, 11, 62, 52, 63, 29, 17, 41, 50, 54, 48, 25, 26, 30, 13, 8]
客户端数：40	时间：0.012965202331542969	客户端：[1, 5, 42, 7, 34, 12, 53, 39, 45, 61, 19, 38, 27, 55, 23, 11, 62, 52, 63, 29, 17, 41, 50, 54, 48, 25, 26, 30, 13, 8, 58, 21, 16, 60, 47, 37, 18, 3, 6, 14]
客户端数：50	时间：0.014959335327148438	客户端：[1, 5, 42, 7, 34, 12, 53, 39, 45, 61, 19, 38, 27, 55, 23, 11, 62, 52, 63, 29, 17, 41, 50, 54, 48, 25, 26, 30, 13, 8, 58, 21, 16, 60, 47, 37, 18, 3, 6, 14, 35, 22, 57, 10, 24, 40, 15, 64, 49, 2]
客户端数：57	时间：0.016954660415649414	客户端：[1, 5, 42, 7, 34, 12, 53, 39, 45, 61, 19, 38, 27, 55, 23, 11, 62, 52, 63, 29, 17, 41, 50, 54, 48, 25, 26, 30, 13, 8, 58, 21, 16, 60, 47, 37, 18, 3, 6, 14, 35, 22, 57, 10, 24, 40, 15, 64, 49, 2, 31, 33, 46, 59, 28, 36, 44]
T2
客户端数：10	时间：0.003003358840942383	客户端：[53, 59, 40, 62, 22, 42, 26, 27, 33, 8]
客户端数：20	时间：0.006011009216308594	客户端：[53, 59, 40, 62, 22, 42, 26, 27, 33, 8, 49, 1, 13, 16, 21, 14, 41, 48, 57, 47]
客户端数：30	时间：0.009004831314086914	客户端：[53, 59, 40, 62, 22, 42, 26, 27, 33, 8, 49, 1, 13, 16, 21, 14, 41, 48, 57, 47, 63, 29, 23, 19, 6, 25, 17, 11, 45, 24]
客户端数：40	时间：0.014991521835327148	客户端：[53, 59, 40, 62, 22, 42, 26, 27, 33, 8, 49, 1, 13, 16, 21, 14, 41, 48, 57, 47, 63, 29, 23, 19, 6, 25, 17, 11, 45, 24, 52, 15, 54, 37, 61, 18, 3, 10, 44, 35]
客户端数：50	时间：0.016501426696777344	客户端：[53, 59, 40, 62, 22, 42, 26, 27, 33, 8, 49, 1, 13, 16, 21, 14, 41, 48, 57, 47, 63, 29, 23, 19, 6, 25, 17, 11, 45, 24, 52, 15, 54, 37, 61, 18, 3, 10, 44, 35, 55, 38, 39, 31, 46, 28, 58, 60, 50, 5]
客户端数：56	时间：0.020491600036621094	客户端：[53, 59, 40, 62, 22, 42, 26, 27, 33, 8, 49, 1, 13, 16, 21, 14, 41, 48, 57, 47, 63, 29, 23, 19, 6, 25, 17, 11, 45, 24, 52, 15, 54, 37, 61, 18, 3, 10, 44, 35, 55, 38, 39, 31, 46, 28, 58, 60, 50, 5, 12, 30, 7, 2, 34, 64]
T3
客户端数：10	时间：14.23714566230774	客户端：[53, 59, 40, 62, 22, 42, 26, 27, 33, 8]
客户端数：20	时间：54.362587451934814	客户端：[53, 59, 40, 62, 22, 42, 26, 27, 33, 8, 49, 1, 13, 16, 21, 14, 41, 48, 57, 47]
客户端数：30	时间：120.8513536453247	客户端：[53, 59, 40, 62, 22, 42, 26, 27, 33, 8, 49, 1, 13, 16, 21, 14, 41, 48, 57, 47, 63, 29, 23, 19, 6, 25, 17, 11, 45, 24]
客户端数：40	时间：213.9450442790985	客户端：[53, 59, 40, 62, 22, 42, 26, 27, 33, 8, 49, 1, 13, 16, 21, 14, 41, 48, 57, 47, 63, 29, 23, 19, 6, 25, 17, 11, 45, 24, 52, 15, 54, 37, 61, 18, 3, 10, 44, 35]
客户端数：50	时间：334.1910173892975	客户端：[53, 59, 40, 62, 22, 42, 26, 27, 33, 8, 49, 1, 13, 16, 21, 14, 41, 48, 57, 47, 63, 29, 23, 19, 6, 25, 17, 11, 45, 24, 52, 15, 54, 37, 61, 18, 3, 10, 44, 35, 55, 38, 39, 31, 46, 28, 58, 60, 50, 5]
客户端数：56	时间：418.8957870006561	客户端：[53, 59, 40, 62, 22, 42, 26, 27, 33, 8, 49, 1, 13, 16, 21, 14, 41, 48, 57, 47, 63, 29, 23, 19, 6, 25, 17, 11, 45, 24, 52, 15, 54, 37, 61, 18, 3, 10, 44, 35, 55, 38, 39, 31, 46, 28, 58, 60, 50, 5, 12, 30, 7, 2, 34, 64]
BYTE
客户端数：10	字节数：3200000	客户端：[1, 5, 42, 7, 34, 12, 53, 39, 45, 61]
客户端数：20	字节数：6400000	客户端：[1, 5, 42, 7, 34, 12, 53, 39, 45, 61, 19, 38, 27, 55, 23, 11, 62, 52, 63, 29]
客户端数：30	字节数：9600000	客户端：[1, 5, 42, 7, 34, 12, 53, 39, 45, 61, 19, 38, 27, 55, 23, 11, 62, 52, 63, 29, 17, 41, 50, 54, 48, 25, 26, 30, 13, 8]
客户端数：40	字节数：12800000	客户端：[1, 5, 42, 7, 34, 12, 53, 39, 45, 61, 19, 38, 27, 55, 23, 11, 62, 52, 63, 29, 17, 41, 50, 54, 48, 25, 26, 30, 13, 8, 58, 21, 16, 60, 47, 37, 18, 3, 6, 14]
客户端数：50	字节数：16000000	客户端：[1, 5, 42, 7, 34, 12, 53, 39, 45, 61, 19, 38, 27, 55, 23, 11, 62, 52, 63, 29, 17, 41, 50, 54, 48, 25, 26, 30, 13, 8, 58, 21, 16, 60, 47, 37, 18, 3, 6, 14, 35, 22, 57, 10, 24, 40, 15, 64, 49, 2]
客户端数：57	字节数：18240000	客户端：[1, 5, 42, 7, 34, 12, 53, 39, 45, 61, 19, 38, 27, 55, 23, 11, 62, 52, 63, 29, 17, 41, 50, 54, 48, 25, 26, 30, 13, 8, 58, 21, 16, 60, 47, 37, 18, 3, 6, 14, 35, 22, 57, 10, 24, 40, 15, 64, 49, 2, 31, 33, 46, 59, 28, 36, 44]
PRO_LEN：320000
score：0.5768253968253968
loss rate：0.4231746031746032
finished iteration：2023-01-01 00:00:11.937133

Number of rounds 2
T1
客户端数：10	时间：0.0019953250885009766	客户端：[53, 42, 27, 1, 59, 62, 26, 14, 19, 41]
客户端数：20	时间：0.00399017333984375	客户端：[53, 42, 27, 1, 59, 62, 26, 14, 19, 41, 33, 8, 22, 63, 25, 61, 54, 11, 37, 23]
客户端数：30	时间：0.00598454475402832	客户端：[53, 42, 27, 1, 59, 62, 26, 14, 19, 41, 33, 8, 22, 63, 25, 61, 54, 11, 37, 23, 47, 38, 6, 3, 13, 55, 44, 15, 18, 46]
客户端数：40	时间：0.009973287582397461	客户端：[53, 42, 27, 1, 59, 62, 26, 14, 19, 41, 33, 8, 22, 63, 25, 61, 54, 11, 37, 23, 47, 38, 6, 3, 13, 55, 44, 15, 18, 46, 24, 31, 10, 39, 50, 58, 12, 52, 48, 49]
客户端数：50	时间：0.011967658996582031	客户端：[53, 42, 27, 1, 59, 62, 26, 14, 19, 41, 33, 8, 22, 63, 25, 61, 54, 11, 37, 23, 47, 38, 6, 3, 13, 55, 44, 15, 18, 46, 24, 31, 10, 39, 50, 58, 12, 52, 48, 49, 5, 30, 45, 7, 40, 16, 57, 35, 2, 17]
客户端数：54	时间：0.012964725494384766	客户端：[53, 42, 27, 1, 59, 62, 26, 14, 19, 41, 33, 8, 22, 63, 25, 61, 54, 11, 37, 23, 47, 38, 6, 3, 13, 55, 44, 15, 18, 46, 24, 31, 10, 39, 50, 58, 12, 52, 48, 49, 5, 30, 45, 7, 40, 16, 57, 35, 2, 17, 60, 21, 34, 64]
T2
客户端数：10	时间：0.002474069595336914	客户端：[53, 59, 40, 64, 62, 42, 27, 33, 54, 50]
客户端数：20	时间：0.0025637149810791016	客户端：[53, 59, 40, 64, 62, 42, 27, 33, 54, 50, 14, 46, 13, 35, 38, 26, 8, 21, 47, 31]
客户端数：30	时间：0.0035576820373535156	客户端：[53, 59, 40, 64, 62, 42, 27, 33, 54, 50, 14, 46, 13, 35, 38, 26, 8, 21, 47, 31, 7, 48, 23, 61, 16, 6, 11, 55, 18, 17]
客户端数：40	时间：0.0045549869537353516	客户端：[53, 59, 40, 64, 62, 42, 27, 33, 54, 50, 14, 46, 13, 35, 38, 26, 8, 21, 47, 31, 7, 48, 23, 61, 16, 6, 11, 55, 18, 17, 57, 10, 15, 3, 1, 63, 37, 49, 39, 44]
客户端数：50	时间：0.0065495967864990234	客户端：[53, 59, 40, 64, 62, 42, 27, 33, 54, 50, 14, 46, 13, 35, 38, 26, 8, 21, 47, 31, 7, 48, 23, 61, 16, 6, 11, 55, 18, 17, 57, 10, 15, 3, 1, 63, 37, 49, 39, 44, 25, 45, 12, 34, 19, 41, 5, 52, 22, 2]
客户端数：55	时间：0.0065495967864990234	客户端：[53, 59, 40, 64, 62, 42, 27, 33, 54, 50, 14, 46, 13, 35, 38, 26, 8, 21, 47, 31, 7, 48, 23, 61, 16, 6, 11, 55, 18, 17, 57, 10, 15, 3, 1, 63, 37, 49, 39, 44, 25, 45, 12, 34, 19, 41, 5, 52, 22, 2, 60, 30, 58, 24, 36]
T3
客户端数：10	时间：1.3035717010498047	客户端：[53, 59, 40, 64, 62, 42, 27, 33, 54, 50]
客户端数：20	时间：2.6246280670166016	客户端：[53, 59, 40, 64, 62, 42, 27, 33, 54, 50, 14, 46, 13, 35, 38, 26, 8, 21, 47, 31]
客户端数：30	时间：3.965052843093872	客户端：[53, 59, 40, 64, 62, 42, 27, 33, 54, 50, 14, 46, 13, 35, 38, 26, 8, 21, 47, 31, 7, 48, 23, 61, 16, 6, 11, 55, 18, 17]
客户端数：40	时间：5.327849388122559	客户端：[53, 59, 40, 64, 62, 42, 27, 33, 54, 50, 14, 46, 13, 35, 38, 26, 8, 21, 47, 31, 7, 48, 23, 61, 16, 6, 11, 55, 18, 17, 57, 10, 15, 3, 1, 63, 37, 49, 39, 44]
客户端数：50	时间：6.7102649211883545	客户端：[53, 59, 40, 64, 62, 42, 27, 33, 54, 50, 14, 46, 13, 35, 38, 26, 8, 21, 47, 31, 7, 48, 23, 61, 16, 6, 11, 55, 18, 17, 57, 10, 15, 3, 1, 63, 37, 49, 39, 44, 25, 45, 12, 34, 19, 41, 5, 52, 22, 2]
客户端数：55	时间：30.97798728942871	客户端：[53, 59, 40, 64, 62, 42, 27, 33, 54, 50, 14, 46, 13, 35, 38, 26, 8, 21, 47, 31, 7, 48, 23, 61, 16, 6, 11, 55, 18, 17, 57, 10, 15, 3, 1, 63, 37, 49, 39, 44, 25, 45, 12, 34, 19, 41, 5, 52, 22, 2, 60, 30, 58, 24, 36]
BYTE
客户端数：10	字节数：3200000	客户端：[53, 42, 27, 1, 59, 62, 26, 14, 19, 41]
客户端数：20	字节数：6400000	客户端：[53, 42, 27, 1, 59, 62, 26, 14, 19, 41, 33, 8, 22, 63, 25, 61, 54, 11, 37, 23]
客户端数：30	字节数：9600000	客户端：[53, 42, 27, 1, 59, 62, 26, 14, 19, 41, 33, 8, 22, 63, 25, 61, 54, 11, 37, 23, 47, 38, 6, 3, 13, 55, 44, 15, 18, 46]
客户端数：40	字节数：12800000	客户端：[53, 42, 27, 1, 59, 62, 26, 14, 19, 41, 33, 8, 22, 63, 25, 61, 54, 11, 37, 23, 47, 38, 6, 3, 13, 55, 44, 15, 18, 46, 24, 31, 10, 39, 50, 58, 12, 52, 48, 49]
客户端数：50	字节数：16000000	客户端：[53, 42, 27, 1, 59, 62, 26, 14, 19, 41, 33, 8, 22, 63, 25, 61, 54, 11, 37, 23, 47, 38, 6, 3, 13, 55, 44, 15, 18, 46, 24, 31, 10, 39, 50, 58, 12, 52, 48, 49, 5, 30, 45, 7, 40, 16, 57, 35, 2, 17]
客户端数：54	字节数：17280000	客户端：[53, 42, 27, 1, 59, 62, 26, 14, 19, 41, 33, 8, 22, 63, 25, 61, 54, 11, 37, 23, 47, 38, 6, 3, 13, 55, 44, 15, 18, 46, 24, 31, 10, 39, 50, 58, 12, 52, 48, 49, 5, 30, 45, 7, 40, 16, 57, 35, 2, 17, 60, 21, 34, 64]
PRO_LEN：320000
score：0.9481269841269842
loss rate：0.05187301587301585
finished iteration：2023-01-01 00:00:32.248145

