Number of rounds 1
T1
客户端数：0	时间：0	客户端：[]
T2
客户端数：10	时间：0.0	客户端：[31, 56, 27, 55, 4, 46, 5, 22, 7, 6]
客户端数：20	时间：0.0009975433349609375	客户端：[31, 56, 27, 55, 4, 46, 5, 22, 7, 6, 43, 48, 21, 18, 52, 23, 16, 33, 29, 2]
客户端数：30	时间：0.0009975433349609375	客户端：[31, 56, 27, 55, 4, 46, 5, 22, 7, 6, 43, 48, 21, 18, 52, 23, 16, 33, 29, 2, 1, 20, 10, 9, 62, 42, 13, 37, 30, 12]
客户端数：40	时间：0.0019953250885009766	客户端：[31, 56, 27, 55, 4, 46, 5, 22, 7, 6, 43, 48, 21, 18, 52, 23, 16, 33, 29, 2, 1, 20, 10, 9, 62, 42, 13, 37, 30, 12, 39, 59, 38, 34, 41, 58, 35, 44, 15, 64]
客户端数：50	时间：0.0019953250885009766	客户端：[31, 56, 27, 55, 4, 46, 5, 22, 7, 6, 43, 48, 21, 18, 52, 23, 16, 33, 29, 2, 1, 20, 10, 9, 62, 42, 13, 37, 30, 12, 39, 59, 38, 34, 41, 58, 35, 44, 15, 64, 28, 49, 3, 25, 40, 54, 17, 47, 36, 24]
客户端数：60	时间：0.003011941909790039	客户端：[31, 56, 27, 55, 4, 46, 5, 22, 7, 6, 43, 48, 21, 18, 52, 23, 16, 33, 29, 2, 1, 20, 10, 9, 62, 42, 13, 37, 30, 12, 39, 59, 38, 34, 41, 58, 35, 44, 15, 64, 28, 49, 3, 25, 40, 54, 17, 47, 36, 24, 57, 61, 63, 45, 60, 26, 8, 53, 51, 19]
客户端数：61	时间：0.003011941909790039	客户端：[31, 56, 27, 55, 4, 46, 5, 22, 7, 6, 43, 48, 21, 18, 52, 23, 16, 33, 29, 2, 1, 20, 10, 9, 62, 42, 13, 37, 30, 12, 39, 59, 38, 34, 41, 58, 35, 44, 15, 64, 28, 49, 3, 25, 40, 54, 17, 47, 36, 24, 57, 61, 63, 45, 60, 26, 8, 53, 51, 19, 14]
T3
客户端数：10	时间：7.153419733047485	客户端：[31, 56, 27, 55, 4, 46, 5, 22, 7, 6]
客户端数：20	时间：30.265233039855957	客户端：[31, 56, 27, 55, 4, 46, 5, 22, 7, 6, 43, 48, 21, 18, 52, 23, 16, 33, 29, 2]
客户端数：30	时间：69.8883638381958	客户端：[31, 56, 27, 55, 4, 46, 5, 22, 7, 6, 43, 48, 21, 18, 52, 23, 16, 33, 29, 2, 1, 20, 10, 9, 62, 42, 13, 37, 30, 12]
客户端数：40	时间：125.69255685806274	客户端：[31, 56, 27, 55, 4, 46, 5, 22, 7, 6, 43, 48, 21, 18, 52, 23, 16, 33, 29, 2, 1, 20, 10, 9, 62, 42, 13, 37, 30, 12, 39, 59, 38, 34, 41, 58, 35, 44, 15, 64]
客户端数：50	时间：196.62268209457397	客户端：[31, 56, 27, 55, 4, 46, 5, 22, 7, 6, 43, 48, 21, 18, 52, 23, 16, 33, 29, 2, 1, 20, 10, 9, 62, 42, 13, 37, 30, 12, 39, 59, 38, 34, 41, 58, 35, 44, 15, 64, 28, 49, 3, 25, 40, 54, 17, 47, 36, 24]
客户端数：60	时间：283.516325712204	客户端：[31, 56, 27, 55, 4, 46, 5, 22, 7, 6, 43, 48, 21, 18, 52, 23, 16, 33, 29, 2, 1, 20, 10, 9, 62, 42, 13, 37, 30, 12, 39, 59, 38, 34, 41, 58, 35, 44, 15, 64, 28, 49, 3, 25, 40, 54, 17, 47, 36, 24, 57, 61, 63, 45, 60, 26, 8, 53, 51, 19]
客户端数：61	时间：293.08888030052185	客户端：[31, 56, 27, 55, 4, 46, 5, 22, 7, 6, 43, 48, 21, 18, 52, 23, 16, 33, 29, 2, 1, 20, 10, 9, 62, 42, 13, 37, 30, 12, 39, 59, 38, 34, 41, 58, 35, 44, 15, 64, 28, 49, 3, 25, 40, 54, 17, 47, 36, 24, 57, 61, 63, 45, 60, 26, 8, 53, 51, 19, 14]
BYTE
客户端数：0	字节数：0	客户端：[]
MAE：8997424.333333334
RMSE：8997424.338317415
finished iteration：2023-01-01 00:00:13.338270

Number of rounds 2
T1
客户端数：0	时间：0	客户端：[]
T2
客户端数：10	时间：0.0	客户端：[31, 33, 27, 56, 46, 22, 8, 48, 4, 21]
客户端数：20	时间：0.000997304916381836	客户端：[31, 33, 27, 56, 46, 22, 8, 48, 4, 21, 5, 52, 12, 18, 44, 14, 53, 24, 1, 26]
客户端数：30	时间：0.000997304916381836	客户端：[31, 33, 27, 56, 46, 22, 8, 48, 4, 21, 5, 52, 12, 18, 44, 14, 53, 24, 1, 26, 30, 20, 7, 55, 9, 39, 35, 42, 25, 59]
客户端数：40	时间：0.000997304916381836	客户端：[31, 33, 27, 56, 46, 22, 8, 48, 4, 21, 5, 52, 12, 18, 44, 14, 53, 24, 1, 26, 30, 20, 7, 55, 9, 39, 35, 42, 25, 59, 54, 2, 13, 38, 23, 15, 41, 3, 36, 45]
客户端数：50	时间：0.000997304916381836	客户端：[31, 33, 27, 56, 46, 22, 8, 48, 4, 21, 5, 52, 12, 18, 44, 14, 53, 24, 1, 26, 30, 20, 7, 55, 9, 39, 35, 42, 25, 59, 54, 2, 13, 38, 23, 15, 41, 3, 36, 45, 58, 29, 62, 6, 64, 57, 49, 51, 28, 16]
客户端数：60	时间：0.000997304916381836	客户端：[31, 33, 27, 56, 46, 22, 8, 48, 4, 21, 5, 52, 12, 18, 44, 14, 53, 24, 1, 26, 30, 20, 7, 55, 9, 39, 35, 42, 25, 59, 54, 2, 13, 38, 23, 15, 41, 3, 36, 45, 58, 29, 62, 6, 64, 57, 49, 51, 28, 16, 37, 19, 63, 47, 43, 61, 60, 10, 34, 17]
客户端数：61	时间：0.000997304916381836	客户端：[31, 33, 27, 56, 46, 22, 8, 48, 4, 21, 5, 52, 12, 18, 44, 14, 53, 24, 1, 26, 30, 20, 7, 55, 9, 39, 35, 42, 25, 59, 54, 2, 13, 38, 23, 15, 41, 3, 36, 45, 58, 29, 62, 6, 64, 57, 49, 51, 28, 16, 37, 19, 63, 47, 43, 61, 60, 10, 34, 17, 40]
T3
客户端数：10	时间：7.623291969299316	客户端：[31, 33, 27, 56, 46, 22, 8, 48, 4, 21]
客户端数：20	时间：31.80933380126953	客户端：[31, 33, 27, 56, 46, 22, 8, 48, 4, 21, 5, 52, 12, 18, 44, 14, 53, 24, 1, 26]
客户端数：30	时间：72.62321710586548	客户端：[31, 33, 27, 56, 46, 22, 8, 48, 4, 21, 5, 52, 12, 18, 44, 14, 53, 24, 1, 26, 30, 20, 7, 55, 9, 39, 35, 42, 25, 59]
客户端数：40	时间：130.67082500457764	客户端：[31, 33, 27, 56, 46, 22, 8, 48, 4, 21, 5, 52, 12, 18, 44, 14, 53, 24, 1, 26, 30, 20, 7, 55, 9, 39, 35, 42, 25, 59, 54, 2, 13, 38, 23, 15, 41, 3, 36, 45]
客户端数：50	时间：205.30563497543335	客户端：[31, 33, 27, 56, 46, 22, 8, 48, 4, 21, 5, 52, 12, 18, 44, 14, 53, 24, 1, 26, 30, 20, 7, 55, 9, 39, 35, 42, 25, 59, 54, 2, 13, 38, 23, 15, 41, 3, 36, 45, 58, 29, 62, 6, 64, 57, 49, 51, 28, 16]
客户端数：60	时间：296.48777294158936	客户端：[31, 33, 27, 56, 46, 22, 8, 48, 4, 21, 5, 52, 12, 18, 44, 14, 53, 24, 1, 26, 30, 20, 7, 55, 9, 39, 35, 42, 25, 59, 54, 2, 13, 38, 23, 15, 41, 3, 36, 45, 58, 29, 62, 6, 64, 57, 49, 51, 28, 16, 37, 19, 63, 47, 43, 61, 60, 10, 34, 17]
客户端数：61	时间：306.5265555381775	客户端：[31, 33, 27, 56, 46, 22, 8, 48, 4, 21, 5, 52, 12, 18, 44, 14, 53, 24, 1, 26, 30, 20, 7, 55, 9, 39, 35, 42, 25, 59, 54, 2, 13, 38, 23, 15, 41, 3, 36, 45, 58, 29, 62, 6, 64, 57, 49, 51, 28, 16, 37, 19, 63, 47, 43, 61, 60, 10, 34, 17, 40]
BYTE
客户端数：0	字节数：0	客户端：[]
MAE：66449892.666666664
RMSE：66449894.98951754
finished iteration：2023-01-01 00:00:34.510040

Number of rounds 3
T1
客户端数：0	时间：0	客户端：[]
T2
客户端数：10	时间：0.0009975433349609375	客户端：[31, 51, 27, 6, 5, 43, 22, 52, 21, 18]
客户端数：20	时间：0.001994609832763672	客户端：[31, 51, 27, 6, 5, 43, 22, 52, 21, 18, 60, 16, 34, 39, 33, 26, 2, 10, 20, 54]
客户端数：30	时间：0.001994609832763672	客户端：[31, 51, 27, 6, 5, 43, 22, 52, 21, 18, 60, 16, 34, 39, 33, 26, 2, 10, 20, 54, 9, 53, 15, 59, 45, 63, 17, 58, 49, 19]
客户端数：40	时间：0.001994609832763672	客户端：[31, 51, 27, 6, 5, 43, 22, 52, 21, 18, 60, 16, 34, 39, 33, 26, 2, 10, 20, 54, 9, 53, 15, 59, 45, 63, 17, 58, 49, 19, 30, 41, 61, 28, 56, 3, 14, 47, 1, 13]
客户端数：50	时间：0.001994609832763672	客户端：[31, 51, 27, 6, 5, 43, 22, 52, 21, 18, 60, 16, 34, 39, 33, 26, 2, 10, 20, 54, 9, 53, 15, 59, 45, 63, 17, 58, 49, 19, 30, 41, 61, 28, 56, 3, 14, 47, 1, 13, 29, 35, 64, 24, 12, 38, 36, 46, 42, 55]
客户端数：59	时间：0.001994609832763672	客户端：[31, 51, 27, 6, 5, 43, 22, 52, 21, 18, 60, 16, 34, 39, 33, 26, 2, 10, 20, 54, 9, 53, 15, 59, 45, 63, 17, 58, 49, 19, 30, 41, 61, 28, 56, 3, 14, 47, 1, 13, 29, 35, 64, 24, 12, 38, 36, 46, 42, 55, 48, 23, 37, 7, 4, 25, 57, 8, 62]
T3
客户端数：10	时间：7.47223162651062	客户端：[31, 51, 27, 6, 5, 43, 22, 52, 21, 18]
客户端数：20	时间：31.175936937332153	客户端：[31, 51, 27, 6, 5, 43, 22, 52, 21, 18, 60, 16, 34, 39, 33, 26, 2, 10, 20, 54]
客户端数：30	时间：71.45874261856079	客户端：[31, 51, 27, 6, 5, 43, 22, 52, 21, 18, 60, 16, 34, 39, 33, 26, 2, 10, 20, 54, 9, 53, 15, 59, 45, 63, 17, 58, 49, 19]
客户端数：40	时间：127.86616683006287	客户端：[31, 51, 27, 6, 5, 43, 22, 52, 21, 18, 60, 16, 34, 39, 33, 26, 2, 10, 20, 54, 9, 53, 15, 59, 45, 63, 17, 58, 49, 19, 30, 41, 61, 28, 56, 3, 14, 47, 1, 13]
客户端数：50	时间：201.0626540184021	客户端：[31, 51, 27, 6, 5, 43, 22, 52, 21, 18, 60, 16, 34, 39, 33, 26, 2, 10, 20, 54, 9, 53, 15, 59, 45, 63, 17, 58, 49, 19, 30, 41, 61, 28, 56, 3, 14, 47, 1, 13, 29, 35, 64, 24, 12, 38, 36, 46, 42, 55]
客户端数：59	时间：280.47981452941895	客户端：[31, 51, 27, 6, 5, 43, 22, 52, 21, 18, 60, 16, 34, 39, 33, 26, 2, 10, 20, 54, 9, 53, 15, 59, 45, 63, 17, 58, 49, 19, 30, 41, 61, 28, 56, 3, 14, 47, 1, 13, 29, 35, 64, 24, 12, 38, 36, 46, 42, 55, 48, 23, 37, 7, 4, 25, 57, 8, 62]
BYTE
客户端数：0	字节数：0	客户端：[]
MAE：59801613.73846154
RMSE：60567478.49427756
finished iteration：2023-01-01 00:00:55.871049

Number of rounds 4
T1
客户端数：0	时间：0	客户端：[]
T2
客户端数：10	时间：0.0	客户端：[6, 55, 4, 47, 43, 22, 8, 53, 48, 46]
客户端数：20	时间：0.0	客户端：[6, 55, 4, 47, 43, 22, 8, 53, 48, 46, 56, 52, 14, 23, 24, 39, 9, 5, 1, 2]
客户端数：30	时间：0.0	客户端：[6, 55, 4, 47, 43, 22, 8, 53, 48, 46, 56, 52, 14, 23, 24, 39, 9, 5, 1, 2, 26, 30, 62, 16, 45, 13, 31, 20, 35, 15]
客户端数：40	时间：0.0	客户端：[6, 55, 4, 47, 43, 22, 8, 53, 48, 46, 56, 52, 14, 23, 24, 39, 9, 5, 1, 2, 26, 30, 62, 16, 45, 13, 31, 20, 35, 15, 12, 41, 10, 28, 19, 25, 27, 33, 63, 37]
客户端数：50	时间：0.0	客户端：[6, 55, 4, 47, 43, 22, 8, 53, 48, 46, 56, 52, 14, 23, 24, 39, 9, 5, 1, 2, 26, 30, 62, 16, 45, 13, 31, 20, 35, 15, 12, 41, 10, 28, 19, 25, 27, 33, 63, 37, 36, 57, 61, 34, 59, 21, 3, 60, 18, 38]
客户端数：58	时间：0.000997304916381836	客户端：[6, 55, 4, 47, 43, 22, 8, 53, 48, 46, 56, 52, 14, 23, 24, 39, 9, 5, 1, 2, 26, 30, 62, 16, 45, 13, 31, 20, 35, 15, 12, 41, 10, 28, 19, 25, 27, 33, 63, 37, 36, 57, 61, 34, 59, 21, 3, 60, 18, 38, 54, 49, 64, 58, 7, 29, 42, 17]
T3
客户端数：10	时间：7.413686513900757	客户端：[6, 55, 4, 47, 43, 22, 8, 53, 48, 46]
客户端数：20	时间：30.609752416610718	客户端：[6, 55, 4, 47, 43, 22, 8, 53, 48, 46, 56, 52, 14, 23, 24, 39, 9, 5, 1, 2]
客户端数：30	时间：68.8838758468628	客户端：[6, 55, 4, 47, 43, 22, 8, 53, 48, 46, 56, 52, 14, 23, 24, 39, 9, 5, 1, 2, 26, 30, 62, 16, 45, 13, 31, 20, 35, 15]
客户端数：40	时间：123.37392568588257	客户端：[6, 55, 4, 47, 43, 22, 8, 53, 48, 46, 56, 52, 14, 23, 24, 39, 9, 5, 1, 2, 26, 30, 62, 16, 45, 13, 31, 20, 35, 15, 12, 41, 10, 28, 19, 25, 27, 33, 63, 37]
客户端数：50	时间：193.70445489883423	客户端：[6, 55, 4, 47, 43, 22, 8, 53, 48, 46, 56, 52, 14, 23, 24, 39, 9, 5, 1, 2, 26, 30, 62, 16, 45, 13, 31, 20, 35, 15, 12, 41, 10, 28, 19, 25, 27, 33, 63, 37, 36, 57, 61, 34, 59, 21, 3, 60, 18, 38]
客户端数：58	时间：262.11934423446655	客户端：[6, 55, 4, 47, 43, 22, 8, 53, 48, 46, 56, 52, 14, 23, 24, 39, 9, 5, 1, 2, 26, 30, 62, 16, 45, 13, 31, 20, 35, 15, 12, 41, 10, 28, 19, 25, 27, 33, 63, 37, 36, 57, 61, 34, 59, 21, 3, 60, 18, 38, 54, 49, 64, 58, 7, 29, 42, 17]
BYTE
客户端数：0	字节数：0	客户端：[]
MAE：52205173.0974359
RMSE：52626650.584855765
finished iteration：2023-01-01 00:01:17.226274

Number of rounds 5
T1
客户端数：0	时间：0	客户端：[]
T2
客户端数：10	时间：0.0	客户端：[56, 31, 33, 22, 55, 43, 47, 4, 7, 53]
客户端数：20	时间：0.0019941329956054688	客户端：[56, 31, 33, 22, 55, 43, 47, 4, 7, 53, 48, 42, 23, 16, 21, 34, 24, 60, 6, 2]
客户端数：30	时间：0.0019941329956054688	客户端：[56, 31, 33, 22, 55, 43, 47, 4, 7, 53, 48, 42, 23, 16, 21, 34, 24, 60, 6, 2, 52, 1, 26, 27, 62, 10, 35, 64, 5, 25]
客户端数：40	时间：0.0019941329956054688	客户端：[56, 31, 33, 22, 55, 43, 47, 4, 7, 53, 48, 42, 23, 16, 21, 34, 24, 60, 6, 2, 52, 1, 26, 27, 62, 10, 35, 64, 5, 25, 61, 63, 30, 57, 49, 19, 41, 29, 18, 38]
客户端数：50	时间：0.0019941329956054688	客户端：[56, 31, 33, 22, 55, 43, 47, 4, 7, 53, 48, 42, 23, 16, 21, 34, 24, 60, 6, 2, 52, 1, 26, 27, 62, 10, 35, 64, 5, 25, 61, 63, 30, 57, 49, 19, 41, 29, 18, 38, 36, 15, 59, 45, 13, 9, 20, 39, 17, 14]
客户端数：58	时间：0.0019941329956054688	客户端：[56, 31, 33, 22, 55, 43, 47, 4, 7, 53, 48, 42, 23, 16, 21, 34, 24, 60, 6, 2, 52, 1, 26, 27, 62, 10, 35, 64, 5, 25, 61, 63, 30, 57, 49, 19, 41, 29, 18, 38, 36, 15, 59, 45, 13, 9, 20, 39, 17, 14, 58, 8, 3, 12, 54, 28, 46, 37]
T3
客户端数：10	时间：7.497562646865845	客户端：[56, 31, 33, 22, 55, 43, 47, 4, 7, 53]
客户端数：20	时间：31.0410053730011	客户端：[56, 31, 33, 22, 55, 43, 47, 4, 7, 53, 48, 42, 23, 16, 21, 34, 24, 60, 6, 2]
客户端数：30	时间：71.39775443077087	客户端：[56, 31, 33, 22, 55, 43, 47, 4, 7, 53, 48, 42, 23, 16, 21, 34, 24, 60, 6, 2, 52, 1, 26, 27, 62, 10, 35, 64, 5, 25]
客户端数：40	时间：127.33115816116333	客户端：[56, 31, 33, 22, 55, 43, 47, 4, 7, 53, 48, 42, 23, 16, 21, 34, 24, 60, 6, 2, 52, 1, 26, 27, 62, 10, 35, 64, 5, 25, 61, 63, 30, 57, 49, 19, 41, 29, 18, 38]
客户端数：50	时间：199.0094997882843	客户端：[56, 31, 33, 22, 55, 43, 47, 4, 7, 53, 48, 42, 23, 16, 21, 34, 24, 60, 6, 2, 52, 1, 26, 27, 62, 10, 35, 64, 5, 25, 61, 63, 30, 57, 49, 19, 41, 29, 18, 38, 36, 15, 59, 45, 13, 9, 20, 39, 17, 14]
客户端数：58	时间：268.37169122695923	客户端：[56, 31, 33, 22, 55, 43, 47, 4, 7, 53, 48, 42, 23, 16, 21, 34, 24, 60, 6, 2, 52, 1, 26, 27, 62, 10, 35, 64, 5, 25, 61, 63, 30, 57, 49, 19, 41, 29, 18, 38, 36, 15, 59, 45, 13, 9, 20, 39, 17, 14, 58, 8, 3, 12, 54, 28, 46, 37]
BYTE
客户端数：0	字节数：0	客户端：[]
MAE：51519266.615384616
RMSE：51608305.05219127
finished iteration：2023-01-01 00:01:38.588606

Number of rounds 6
T1
客户端数：0	时间：0	客户端：[]
T2
客户端数：10	时间：0.0	客户端：[56, 27, 5, 4, 47, 22, 7, 8, 43, 21]
客户端数：20	时间：0.0	客户端：[56, 27, 5, 4, 47, 22, 7, 8, 43, 21, 14, 24, 16, 23, 62, 30, 45, 29, 12, 10]
客户端数：30	时间：0.0009965896606445312	客户端：[56, 27, 5, 4, 47, 22, 7, 8, 43, 21, 14, 24, 16, 23, 62, 30, 45, 29, 12, 10, 9, 59, 15, 64, 25, 63, 61, 57, 36, 52]
客户端数：40	时间：0.0009965896606445312	客户端：[56, 27, 5, 4, 47, 22, 7, 8, 43, 21, 14, 24, 16, 23, 62, 30, 45, 29, 12, 10, 9, 59, 15, 64, 25, 63, 61, 57, 36, 52, 53, 28, 55, 31, 39, 49, 6, 41, 37, 54]
客户端数：50	时间：0.0009965896606445312	客户端：[56, 27, 5, 4, 47, 22, 7, 8, 43, 21, 14, 24, 16, 23, 62, 30, 45, 29, 12, 10, 9, 59, 15, 64, 25, 63, 61, 57, 36, 52, 53, 28, 55, 31, 39, 49, 6, 41, 37, 54, 46, 42, 48, 38, 33, 2, 60, 20, 26, 17]
客户端数：57	时间：0.0009965896606445312	客户端：[56, 27, 5, 4, 47, 22, 7, 8, 43, 21, 14, 24, 16, 23, 62, 30, 45, 29, 12, 10, 9, 59, 15, 64, 25, 63, 61, 57, 36, 52, 53, 28, 55, 31, 39, 49, 6, 41, 37, 54, 46, 42, 48, 38, 33, 2, 60, 20, 26, 17, 1, 58, 3, 19, 13, 35, 18]
T3
客户端数：10	时间：7.73938775062561	客户端：[56, 27, 5, 4, 47, 22, 7, 8, 43, 21]
客户端数：20	时间：32.22951579093933	客户端：[56, 27, 5, 4, 47, 22, 7, 8, 43, 21, 14, 24, 16, 23, 62, 30, 45, 29, 12, 10]
客户端数：30	时间：72.82614159584045	客户端：[56, 27, 5, 4, 47, 22, 7, 8, 43, 21, 14, 24, 16, 23, 62, 30, 45, 29, 12, 10, 9, 59, 15, 64, 25, 63, 61, 57, 36, 52]
客户端数：40	时间：128.84120798110962	客户端：[56, 27, 5, 4, 47, 22, 7, 8, 43, 21, 14, 24, 16, 23, 62, 30, 45, 29, 12, 10, 9, 59, 15, 64, 25, 63, 61, 57, 36, 52, 53, 28, 55, 31, 39, 49, 6, 41, 37, 54]
客户端数：50	时间：201.06689023971558	客户端：[56, 27, 5, 4, 47, 22, 7, 8, 43, 21, 14, 24, 16, 23, 62, 30, 45, 29, 12, 10, 9, 59, 15, 64, 25, 63, 61, 57, 36, 52, 53, 28, 55, 31, 39, 49, 6, 41, 37, 54, 46, 42, 48, 38, 33, 2, 60, 20, 26, 17]
客户端数：57	时间：261.4309377670288	客户端：[56, 27, 5, 4, 47, 22, 7, 8, 43, 21, 14, 24, 16, 23, 62, 30, 45, 29, 12, 10, 9, 59, 15, 64, 25, 63, 61, 57, 36, 52, 53, 28, 55, 31, 39, 49, 6, 41, 37, 54, 46, 42, 48, 38, 33, 2, 60, 20, 26, 17, 1, 58, 3, 19, 13, 35, 18]
BYTE
客户端数：0	字节数：0	客户端：[]
MAE：44471083.85641026
RMSE：44615893.73243085
finished iteration：2023-01-01 00:01:59.965190

Number of rounds 7
T1
客户端数：0	时间：0	客户端：[]
T2
客户端数：10	时间：0.0	客户端：[31, 27, 4, 55, 5, 7, 43, 48, 21, 60]
客户端数：20	时间：0.0	客户端：[31, 27, 4, 55, 5, 7, 43, 48, 21, 60, 52, 22, 23, 24, 9, 37, 45, 35, 30, 2]
客户端数：30	时间：0.0009725093841552734	客户端：[31, 27, 4, 55, 5, 7, 43, 48, 21, 60, 52, 22, 23, 24, 9, 37, 45, 35, 30, 2, 1, 47, 18, 16, 13, 15, 10, 25, 58, 36]
客户端数：40	时间：0.0009725093841552734	客户端：[31, 27, 4, 55, 5, 7, 43, 48, 21, 60, 52, 22, 23, 24, 9, 37, 45, 35, 30, 2, 1, 47, 18, 16, 13, 15, 10, 25, 58, 36, 53, 39, 19, 57, 41, 28, 26, 8, 17, 63]
客户端数：50	时间：0.001970052719116211	客户端：[31, 27, 4, 55, 5, 7, 43, 48, 21, 60, 52, 22, 23, 24, 9, 37, 45, 35, 30, 2, 1, 47, 18, 16, 13, 15, 10, 25, 58, 36, 53, 39, 19, 57, 41, 28, 26, 8, 17, 63, 49, 3, 62, 14, 20, 33, 56, 42, 61, 54]
客户端数：56	时间：0.001970052719116211	客户端：[31, 27, 4, 55, 5, 7, 43, 48, 21, 60, 52, 22, 23, 24, 9, 37, 45, 35, 30, 2, 1, 47, 18, 16, 13, 15, 10, 25, 58, 36, 53, 39, 19, 57, 41, 28, 26, 8, 17, 63, 49, 3, 62, 14, 20, 33, 56, 42, 61, 54, 59, 46, 6, 12, 29, 38]
T3
客户端数：10	时间：7.61576771736145	客户端：[31, 27, 4, 55, 5, 7, 43, 48, 21, 60]
客户端数：20	时间：30.97784662246704	客户端：[31, 27, 4, 55, 5, 7, 43, 48, 21, 60, 52, 22, 23, 24, 9, 37, 45, 35, 30, 2]
客户端数：30	时间：70.44213914871216	客户端：[31, 27, 4, 55, 5, 7, 43, 48, 21, 60, 52, 22, 23, 24, 9, 37, 45, 35, 30, 2, 1, 47, 18, 16, 13, 15, 10, 25, 58, 36]
客户端数：40	时间：126.00776219367981	客户端：[31, 27, 4, 55, 5, 7, 43, 48, 21, 60, 52, 22, 23, 24, 9, 37, 45, 35, 30, 2, 1, 47, 18, 16, 13, 15, 10, 25, 58, 36, 53, 39, 19, 57, 41, 28, 26, 8, 17, 63]
客户端数：50	时间：197.59739661216736	客户端：[31, 27, 4, 55, 5, 7, 43, 48, 21, 60, 52, 22, 23, 24, 9, 37, 45, 35, 30, 2, 1, 47, 18, 16, 13, 15, 10, 25, 58, 36, 53, 39, 19, 57, 41, 28, 26, 8, 17, 63, 49, 3, 62, 14, 20, 33, 56, 42, 61, 54]
客户端数：56	时间：248.35087156295776	客户端：[31, 27, 4, 55, 5, 7, 43, 48, 21, 60, 52, 22, 23, 24, 9, 37, 45, 35, 30, 2, 1, 47, 18, 16, 13, 15, 10, 25, 58, 36, 53, 39, 19, 57, 41, 28, 26, 8, 17, 63, 49, 3, 62, 14, 20, 33, 56, 42, 61, 54, 59, 46, 6, 12, 29, 38]
BYTE
客户端数：0	字节数：0	客户端：[]
MAE：48155392.85128205
RMSE：48460973.12069241
finished iteration：2023-01-01 00:02:21.420998

Number of rounds 8
T1
客户端数：0	时间：0	客户端：[]
T2
客户端数：10	时间：0.0	客户端：[31, 56, 27, 55, 5, 46, 6, 43, 33, 8]
客户端数：20	时间：0.0	客户端：[31, 56, 27, 55, 5, 46, 6, 43, 33, 8, 4, 60, 18, 7, 12, 9, 1, 39, 45, 30]
客户端数：30	时间：0.0	客户端：[31, 56, 27, 55, 5, 46, 6, 43, 33, 8, 4, 60, 18, 7, 12, 9, 1, 39, 45, 30, 54, 38, 35, 10, 47, 14, 36, 59, 19, 15]
客户端数：40	时间：0.0009970664978027344	客户端：[31, 56, 27, 55, 5, 46, 6, 43, 33, 8, 4, 60, 18, 7, 12, 9, 1, 39, 45, 30, 54, 38, 35, 10, 47, 14, 36, 59, 19, 15, 52, 57, 49, 37, 28, 29, 26, 24, 13, 63]
客户端数：50	时间：0.0009970664978027344	客户端：[31, 56, 27, 55, 5, 46, 6, 43, 33, 8, 4, 60, 18, 7, 12, 9, 1, 39, 45, 30, 54, 38, 35, 10, 47, 14, 36, 59, 19, 15, 52, 57, 49, 37, 28, 29, 26, 24, 13, 63, 61, 23, 2, 53, 20, 42, 22, 41, 25, 21]
客户端数：56	时间：0.0009970664978027344	客户端：[31, 56, 27, 55, 5, 46, 6, 43, 33, 8, 4, 60, 18, 7, 12, 9, 1, 39, 45, 30, 54, 38, 35, 10, 47, 14, 36, 59, 19, 15, 52, 57, 49, 37, 28, 29, 26, 24, 13, 63, 61, 23, 2, 53, 20, 42, 22, 41, 25, 21, 16, 62, 48, 58, 3, 64]
T3
客户端数：10	时间：7.481550455093384	客户端：[31, 56, 27, 55, 5, 46, 6, 43, 33, 8]
客户端数：20	时间：31.267024517059326	客户端：[31, 56, 27, 55, 5, 46, 6, 43, 33, 8, 4, 60, 18, 7, 12, 9, 1, 39, 45, 30]
客户端数：30	时间：71.2934205532074	客户端：[31, 56, 27, 55, 5, 46, 6, 43, 33, 8, 4, 60, 18, 7, 12, 9, 1, 39, 45, 30, 54, 38, 35, 10, 47, 14, 36, 59, 19, 15]
客户端数：40	时间：127.33572101593018	客户端：[31, 56, 27, 55, 5, 46, 6, 43, 33, 8, 4, 60, 18, 7, 12, 9, 1, 39, 45, 30, 54, 38, 35, 10, 47, 14, 36, 59, 19, 15, 52, 57, 49, 37, 28, 29, 26, 24, 13, 63]
客户端数：50	时间：199.32963705062866	客户端：[31, 56, 27, 55, 5, 46, 6, 43, 33, 8, 4, 60, 18, 7, 12, 9, 1, 39, 45, 30, 54, 38, 35, 10, 47, 14, 36, 59, 19, 15, 52, 57, 49, 37, 28, 29, 26, 24, 13, 63, 61, 23, 2, 53, 20, 42, 22, 41, 25, 21]
客户端数：56	时间：267.9801604747772	客户端：[31, 56, 27, 55, 5, 46, 6, 43, 33, 8, 4, 60, 18, 7, 12, 9, 1, 39, 45, 30, 54, 38, 35, 10, 47, 14, 36, 59, 19, 15, 52, 57, 49, 37, 28, 29, 26, 24, 13, 63, 61, 23, 2, 53, 20, 42, 22, 41, 25, 21, 16, 62, 48, 58, 3, 64]
BYTE
客户端数：0	字节数：0	客户端：[]
MAE：48346826.635496795
RMSE：48857773.41918857
finished iteration：2023-01-01 00:02:42.869554

Number of rounds 9
T1
客户端数：0	时间：0	客户端：[]
T2
客户端数：10	时间：0.0	客户端：[33, 56, 55, 31, 6, 46, 47, 7, 22, 53]
客户端数：20	时间：0.0	客户端：[33, 56, 55, 31, 6, 46, 47, 7, 22, 53, 18, 42, 12, 60, 23, 52, 1, 39, 29, 37]
客户端数：30	时间：0.0	客户端：[33, 56, 55, 31, 6, 46, 47, 7, 22, 53, 18, 42, 12, 60, 23, 52, 1, 39, 29, 37, 26, 24, 2, 4, 10, 38, 20, 13, 62, 35]
客户端数：40	时间：0.0	客户端：[33, 56, 55, 31, 6, 46, 47, 7, 22, 53, 18, 42, 12, 60, 23, 52, 1, 39, 29, 37, 26, 24, 2, 4, 10, 38, 20, 13, 62, 35, 15, 25, 16, 61, 41, 57, 58, 28, 9, 3]
客户端数：50	时间：0.0	客户端：[33, 56, 55, 31, 6, 46, 47, 7, 22, 53, 18, 42, 12, 60, 23, 52, 1, 39, 29, 37, 26, 24, 2, 4, 10, 38, 20, 13, 62, 35, 15, 25, 16, 61, 41, 57, 58, 28, 9, 3, 48, 5, 59, 63, 49, 45, 21, 19, 30, 43]
客户端数：54	时间：0.0	客户端：[33, 56, 55, 31, 6, 46, 47, 7, 22, 53, 18, 42, 12, 60, 23, 52, 1, 39, 29, 37, 26, 24, 2, 4, 10, 38, 20, 13, 62, 35, 15, 25, 16, 61, 41, 57, 58, 28, 9, 3, 48, 5, 59, 63, 49, 45, 21, 19, 30, 43, 36, 27, 8, 54]
T3
客户端数：10	时间：7.575702667236328	客户端：[33, 56, 55, 31, 6, 46, 47, 7, 22, 53]
客户端数：20	时间：30.821141481399536	客户端：[33, 56, 55, 31, 6, 46, 47, 7, 22, 53, 18, 42, 12, 60, 23, 52, 1, 39, 29, 37]
客户端数：30	时间：70.05159544944763	客户端：[33, 56, 55, 31, 6, 46, 47, 7, 22, 53, 18, 42, 12, 60, 23, 52, 1, 39, 29, 37, 26, 24, 2, 4, 10, 38, 20, 13, 62, 35]
客户端数：40	时间：125.80701923370361	客户端：[33, 56, 55, 31, 6, 46, 47, 7, 22, 53, 18, 42, 12, 60, 23, 52, 1, 39, 29, 37, 26, 24, 2, 4, 10, 38, 20, 13, 62, 35, 15, 25, 16, 61, 41, 57, 58, 28, 9, 3]
客户端数：50	时间：198.38923048973083	客户端：[33, 56, 55, 31, 6, 46, 47, 7, 22, 53, 18, 42, 12, 60, 23, 52, 1, 39, 29, 37, 26, 24, 2, 4, 10, 38, 20, 13, 62, 35, 15, 25, 16, 61, 41, 57, 58, 28, 9, 3, 48, 5, 59, 63, 49, 45, 21, 19, 30, 43]
客户端数：54	时间：232.08790516853333	客户端：[33, 56, 55, 31, 6, 46, 47, 7, 22, 53, 18, 42, 12, 60, 23, 52, 1, 39, 29, 37, 26, 24, 2, 4, 10, 38, 20, 13, 62, 35, 15, 25, 16, 61, 41, 57, 58, 28, 9, 3, 48, 5, 59, 63, 49, 45, 21, 19, 30, 43, 36, 27, 8, 54]
BYTE
客户端数：0	字节数：0	客户端：[]
MAE：43647172.266666666
RMSE：44016730.06213835
finished iteration：2023-01-01 00:03:04.583303

Number of rounds 10
T1
客户端数：0	时间：0	客户端：[]
T2
客户端数：10	时间：0.0	客户端：[17, 31, 6, 27, 56, 43, 8, 48, 53, 12]
客户端数：20	时间：0.0	客户端：[17, 31, 6, 27, 56, 43, 8, 48, 53, 12, 52, 42, 16, 47, 46, 24, 37, 30, 22, 38]
客户端数：30	时间：0.0	客户端：[17, 31, 6, 27, 56, 43, 8, 48, 53, 12, 52, 42, 16, 47, 46, 24, 37, 30, 22, 38, 2, 9, 45, 15, 54, 13, 20, 63, 39, 19]
客户端数：40	时间：0.0	客户端：[17, 31, 6, 27, 56, 43, 8, 48, 53, 12, 52, 42, 16, 47, 46, 24, 37, 30, 22, 38, 2, 9, 45, 15, 54, 13, 20, 63, 39, 19, 36, 61, 3, 23, 28, 57, 1, 29, 25, 62]
客户端数：50	时间：0.0	客户端：[17, 31, 6, 27, 56, 43, 8, 48, 53, 12, 52, 42, 16, 47, 46, 24, 37, 30, 22, 38, 2, 9, 45, 15, 54, 13, 20, 63, 39, 19, 36, 61, 3, 23, 28, 57, 1, 29, 25, 62, 21, 35, 59, 33, 4, 49, 7, 26, 41, 55]
客户端数：55	时间：0.0	客户端：[17, 31, 6, 27, 56, 43, 8, 48, 53, 12, 52, 42, 16, 47, 46, 24, 37, 30, 22, 38, 2, 9, 45, 15, 54, 13, 20, 63, 39, 19, 36, 61, 3, 23, 28, 57, 1, 29, 25, 62, 21, 35, 59, 33, 4, 49, 7, 26, 41, 55, 58, 18, 10, 5, 60]
T3
客户端数：10	时间：30.85945463180542	客户端：[17, 31, 6, 27, 56, 43, 8, 48, 53, 12]
客户端数：20	时间：31.044726848602295	客户端：[17, 31, 6, 27, 56, 43, 8, 48, 53, 12, 52, 42, 16, 47, 46, 24, 37, 30, 22, 38]
客户端数：30	时间：31.245956420898438	客户端：[17, 31, 6, 27, 56, 43, 8, 48, 53, 12, 52, 42, 16, 47, 46, 24, 37, 30, 22, 38, 2, 9, 45, 15, 54, 13, 20, 63, 39, 19]
客户端数：40	时间：31.711480617523193	客户端：[17, 31, 6, 27, 56, 43, 8, 48, 53, 12, 52, 42, 16, 47, 46, 24, 37, 30, 22, 38, 2, 9, 45, 15, 54, 13, 20, 63, 39, 19, 36, 61, 3, 23, 28, 57, 1, 29, 25, 62]
客户端数：50	时间：32.771413803100586	客户端：[17, 31, 6, 27, 56, 43, 8, 48, 53, 12, 52, 42, 16, 47, 46, 24, 37, 30, 22, 38, 2, 9, 45, 15, 54, 13, 20, 63, 39, 19, 36, 61, 3, 23, 28, 57, 1, 29, 25, 62, 21, 35, 59, 33, 4, 49, 7, 26, 41, 55]
客户端数：55	时间：33.309858083724976	客户端：[17, 31, 6, 27, 56, 43, 8, 48, 53, 12, 52, 42, 16, 47, 46, 24, 37, 30, 22, 38, 2, 9, 45, 15, 54, 13, 20, 63, 39, 19, 36, 61, 3, 23, 28, 57, 1, 29, 25, 62, 21, 35, 59, 33, 4, 49, 7, 26, 41, 55, 58, 18, 10, 5, 60]
BYTE
客户端数：0	字节数：0	客户端：[]
MAE：49262459.005128205
RMSE：49813721.57247131
finished iteration：2023-01-01 00:03:26.144811

