Number of rounds 1
T1
客户端数：10	时间：0.043900489807128906	客户端：[22, 26, 18, 9, 61, 10, 20, 11, 14, 1]
客户端数：20	时间：0.04689216613769531	客户端：[22, 26, 18, 9, 61, 10, 20, 11, 14, 1, 12, 54, 13, 30, 52, 28, 43, 36, 57, 5]
客户端数：30	时间：0.05088210105895996	客户端：[22, 26, 18, 9, 61, 10, 20, 11, 14, 1, 12, 54, 13, 30, 52, 28, 43, 36, 57, 5, 50, 34, 41, 3, 19, 62, 59, 15, 7, 40]
客户端数：40	时间：0.05387520790100098	客户端：[22, 26, 18, 9, 61, 10, 20, 11, 14, 1, 12, 54, 13, 30, 52, 28, 43, 36, 57, 5, 50, 34, 41, 3, 19, 62, 59, 15, 7, 40, 46, 38, 60, 44, 33, 23, 24, 17, 49, 47]
客户端数：50	时间：0.05686593055725098	客户端：[22, 26, 18, 9, 61, 10, 20, 11, 14, 1, 12, 54, 13, 30, 52, 28, 43, 36, 57, 5, 50, 34, 41, 3, 19, 62, 59, 15, 7, 40, 46, 38, 60, 44, 33, 23, 24, 17, 49, 47, 29, 27, 25, 8, 53, 42, 48, 56, 37, 64]
客户端数：60	时间：0.058860063552856445	客户端：[22, 26, 18, 9, 61, 10, 20, 11, 14, 1, 12, 54, 13, 30, 52, 28, 43, 36, 57, 5, 50, 34, 41, 3, 19, 62, 59, 15, 7, 40, 46, 38, 60, 44, 33, 23, 24, 17, 49, 47, 29, 27, 25, 8, 53, 42, 48, 56, 37, 64, 6, 35, 4, 45, 39, 32, 16, 55, 2, 58]
客户端数：63	时间：0.05985760688781738	客户端：[22, 26, 18, 9, 61, 10, 20, 11, 14, 1, 12, 54, 13, 30, 52, 28, 43, 36, 57, 5, 50, 34, 41, 3, 19, 62, 59, 15, 7, 40, 46, 38, 60, 44, 33, 23, 24, 17, 49, 47, 29, 27, 25, 8, 53, 42, 48, 56, 37, 64, 6, 35, 4, 45, 39, 32, 16, 55, 2, 58, 31, 63, 51]
T2
客户端数：10	时间：0.0034966468811035156	客户端：[43, 53, 50, 16, 1, 19, 39, 47, 55, 64]
客户端数：20	时间：0.00549006462097168	客户端：[43, 53, 50, 16, 1, 19, 39, 47, 55, 64, 60, 15, 49, 22, 57, 3, 24, 28, 37, 20]
客户端数：30	时间：0.00748443603515625	客户端：[43, 53, 50, 16, 1, 19, 39, 47, 55, 64, 60, 15, 49, 22, 57, 3, 24, 28, 37, 20, 58, 18, 52, 6, 34, 36, 32, 42, 12, 2]
客户端数：40	时间：0.012490272521972656	客户端：[43, 53, 50, 16, 1, 19, 39, 47, 55, 64, 60, 15, 49, 22, 57, 3, 24, 28, 37, 20, 58, 18, 52, 6, 34, 36, 32, 42, 12, 2, 5, 10, 4, 9, 63, 62, 17, 41, 31, 44]
客户端数：50	时间：0.01547551155090332	客户端：[43, 53, 50, 16, 1, 19, 39, 47, 55, 64, 60, 15, 49, 22, 57, 3, 24, 28, 37, 20, 58, 18, 52, 6, 34, 36, 32, 42, 12, 2, 5, 10, 4, 9, 63, 62, 17, 41, 31, 44, 27, 54, 23, 51, 29, 48, 46, 30, 38, 13]
客户端数：60	时间：0.01748943328857422	客户端：[43, 53, 50, 16, 1, 19, 39, 47, 55, 64, 60, 15, 49, 22, 57, 3, 24, 28, 37, 20, 58, 18, 52, 6, 34, 36, 32, 42, 12, 2, 5, 10, 4, 9, 63, 62, 17, 41, 31, 44, 27, 54, 23, 51, 29, 48, 46, 30, 38, 13, 25, 45, 35, 11, 7, 14, 59, 56, 26, 8]
客户端数：62	时间：0.018486976623535156	客户端：[43, 53, 50, 16, 1, 19, 39, 47, 55, 64, 60, 15, 49, 22, 57, 3, 24, 28, 37, 20, 58, 18, 52, 6, 34, 36, 32, 42, 12, 2, 5, 10, 4, 9, 63, 62, 17, 41, 31, 44, 27, 54, 23, 51, 29, 48, 46, 30, 38, 13, 25, 45, 35, 11, 7, 14, 59, 56, 26, 8, 40, 33]
T3
客户端数：10	时间：13.322443962097168	客户端：[43, 53, 50, 16, 1, 19, 39, 47, 55, 64]
客户端数：20	时间：54.67900562286377	客户端：[43, 53, 50, 16, 1, 19, 39, 47, 55, 64, 60, 15, 49, 22, 57, 3, 24, 28, 37, 20]
客户端数：30	时间：124.21937608718872	客户端：[43, 53, 50, 16, 1, 19, 39, 47, 55, 64, 60, 15, 49, 22, 57, 3, 24, 28, 37, 20, 58, 18, 52, 6, 34, 36, 32, 42, 12, 2]
客户端数：40	时间：221.9989538192749	客户端：[43, 53, 50, 16, 1, 19, 39, 47, 55, 64, 60, 15, 49, 22, 57, 3, 24, 28, 37, 20, 58, 18, 52, 6, 34, 36, 32, 42, 12, 2, 5, 10, 4, 9, 63, 62, 17, 41, 31, 44]
客户端数：50	时间：346.3823878765106	客户端：[43, 53, 50, 16, 1, 19, 39, 47, 55, 64, 60, 15, 49, 22, 57, 3, 24, 28, 37, 20, 58, 18, 52, 6, 34, 36, 32, 42, 12, 2, 5, 10, 4, 9, 63, 62, 17, 41, 31, 44, 27, 54, 23, 51, 29, 48, 46, 30, 38, 13]
客户端数：60	时间：498.0199463367462	客户端：[43, 53, 50, 16, 1, 19, 39, 47, 55, 64, 60, 15, 49, 22, 57, 3, 24, 28, 37, 20, 58, 18, 52, 6, 34, 36, 32, 42, 12, 2, 5, 10, 4, 9, 63, 62, 17, 41, 31, 44, 27, 54, 23, 51, 29, 48, 46, 30, 38, 13, 25, 45, 35, 11, 7, 14, 59, 56, 26, 8]
客户端数：62	时间：531.5383992195129	客户端：[43, 53, 50, 16, 1, 19, 39, 47, 55, 64, 60, 15, 49, 22, 57, 3, 24, 28, 37, 20, 58, 18, 52, 6, 34, 36, 32, 42, 12, 2, 5, 10, 4, 9, 63, 62, 17, 41, 31, 44, 27, 54, 23, 51, 29, 48, 46, 30, 38, 13, 25, 45, 35, 11, 7, 14, 59, 56, 26, 8, 40, 33]
BYTE
客户端数：10	字节数：3200000	客户端：[22, 26, 18, 9, 61, 10, 20, 11, 14, 1]
客户端数：20	字节数：6400000	客户端：[22, 26, 18, 9, 61, 10, 20, 11, 14, 1, 12, 54, 13, 30, 52, 28, 43, 36, 57, 5]
客户端数：30	字节数：9600000	客户端：[22, 26, 18, 9, 61, 10, 20, 11, 14, 1, 12, 54, 13, 30, 52, 28, 43, 36, 57, 5, 50, 34, 41, 3, 19, 62, 59, 15, 7, 40]
客户端数：40	字节数：12800000	客户端：[22, 26, 18, 9, 61, 10, 20, 11, 14, 1, 12, 54, 13, 30, 52, 28, 43, 36, 57, 5, 50, 34, 41, 3, 19, 62, 59, 15, 7, 40, 46, 38, 60, 44, 33, 23, 24, 17, 49, 47]
客户端数：50	字节数：16000000	客户端：[22, 26, 18, 9, 61, 10, 20, 11, 14, 1, 12, 54, 13, 30, 52, 28, 43, 36, 57, 5, 50, 34, 41, 3, 19, 62, 59, 15, 7, 40, 46, 38, 60, 44, 33, 23, 24, 17, 49, 47, 29, 27, 25, 8, 53, 42, 48, 56, 37, 64]
客户端数：60	字节数：19200000	客户端：[22, 26, 18, 9, 61, 10, 20, 11, 14, 1, 12, 54, 13, 30, 52, 28, 43, 36, 57, 5, 50, 34, 41, 3, 19, 62, 59, 15, 7, 40, 46, 38, 60, 44, 33, 23, 24, 17, 49, 47, 29, 27, 25, 8, 53, 42, 48, 56, 37, 64, 6, 35, 4, 45, 39, 32, 16, 55, 2, 58]
客户端数：63	字节数：20160000	客户端：[22, 26, 18, 9, 61, 10, 20, 11, 14, 1, 12, 54, 13, 30, 52, 28, 43, 36, 57, 5, 50, 34, 41, 3, 19, 62, 59, 15, 7, 40, 46, 38, 60, 44, 33, 23, 24, 17, 49, 47, 29, 27, 25, 8, 53, 42, 48, 56, 37, 64, 6, 35, 4, 45, 39, 32, 16, 55, 2, 58, 31, 63, 51]
PRO_LEN：320000
score：0.5806349206349206
loss rate：0.4193650793650794
finished iteration：2023-01-01 00:00:25.769612

Number of rounds 2
T1
客户端数：10	时间：0.001995086669921875	客户端：[22, 1, 60, 18, 20, 16, 3, 37, 19, 9]
客户端数：20	时间：0.003989219665527344	客户端：[22, 1, 60, 18, 20, 16, 3, 37, 19, 9, 10, 43, 39, 32, 57, 12, 55, 42, 36, 52]
客户端数：30	时间：0.005983591079711914	客户端：[22, 1, 60, 18, 20, 16, 3, 37, 19, 9, 10, 43, 39, 32, 57, 12, 55, 42, 36, 52, 2, 34, 53, 47, 4, 63, 29, 41, 51, 24]
客户端数：40	时间：0.007979154586791992	客户端：[22, 1, 60, 18, 20, 16, 3, 37, 19, 9, 10, 43, 39, 32, 57, 12, 55, 42, 36, 52, 2, 34, 53, 47, 4, 63, 29, 41, 51, 24, 11, 5, 30, 38, 62, 25, 58, 44, 14, 23]
客户端数：50	时间：0.009992599487304688	客户端：[22, 1, 60, 18, 20, 16, 3, 37, 19, 9, 10, 43, 39, 32, 57, 12, 55, 42, 36, 52, 2, 34, 53, 47, 4, 63, 29, 41, 51, 24, 11, 5, 30, 38, 62, 25, 58, 44, 14, 23, 46, 45, 64, 50, 26, 59, 7, 8, 54, 28]
客户端数：60	时间：0.013962268829345703	客户端：[22, 1, 60, 18, 20, 16, 3, 37, 19, 9, 10, 43, 39, 32, 57, 12, 55, 42, 36, 52, 2, 34, 53, 47, 4, 63, 29, 41, 51, 24, 11, 5, 30, 38, 62, 25, 58, 44, 14, 23, 46, 45, 64, 50, 26, 59, 7, 8, 54, 28, 31, 15, 27, 40, 48, 13, 49, 6, 35, 33]
客户端数：62	时间：0.013962268829345703	客户端：[22, 1, 60, 18, 20, 16, 3, 37, 19, 9, 10, 43, 39, 32, 57, 12, 55, 42, 36, 52, 2, 34, 53, 47, 4, 63, 29, 41, 51, 24, 11, 5, 30, 38, 62, 25, 58, 44, 14, 23, 46, 45, 64, 50, 26, 59, 7, 8, 54, 28, 31, 15, 27, 40, 48, 13, 49, 6, 35, 33, 17, 56]
T2
客户端数：10	时间：0.0019936561584472656	客户端：[44, 43, 53, 18, 50, 30, 16, 15, 55, 34]
客户端数：20	时间：0.003988504409790039	客户端：[44, 43, 53, 18, 50, 30, 16, 15, 55, 34, 28, 39, 1, 8, 57, 24, 3, 58, 22, 11]
客户端数：30	时间：0.00498652458190918	客户端：[44, 43, 53, 18, 50, 30, 16, 15, 55, 34, 28, 39, 1, 8, 57, 24, 3, 58, 22, 11, 7, 59, 6, 60, 19, 4, 32, 63, 42, 13]
客户端数：40	时间：0.0069811344146728516	客户端：[44, 43, 53, 18, 50, 30, 16, 15, 55, 34, 28, 39, 1, 8, 57, 24, 3, 58, 22, 11, 7, 59, 6, 60, 19, 4, 32, 63, 42, 13, 12, 20, 29, 33, 9, 45, 31, 40, 64, 17]
客户端数：50	时间：0.00897526741027832	客户端：[44, 43, 53, 18, 50, 30, 16, 15, 55, 34, 28, 39, 1, 8, 57, 24, 3, 58, 22, 11, 7, 59, 6, 60, 19, 4, 32, 63, 42, 13, 12, 20, 29, 33, 9, 45, 31, 40, 64, 17, 35, 38, 54, 25, 48, 14, 10, 23, 62, 41]
客户端数：60	时间：0.010988950729370117	客户端：[44, 43, 53, 18, 50, 30, 16, 15, 55, 34, 28, 39, 1, 8, 57, 24, 3, 58, 22, 11, 7, 59, 6, 60, 19, 4, 32, 63, 42, 13, 12, 20, 29, 33, 9, 45, 31, 40, 64, 17, 35, 38, 54, 25, 48, 14, 10, 23, 62, 41, 49, 27, 56, 26, 37, 2, 51, 5, 46, 52]
客户端数：63	时间：0.011966943740844727	客户端：[44, 43, 53, 18, 50, 30, 16, 15, 55, 34, 28, 39, 1, 8, 57, 24, 3, 58, 22, 11, 7, 59, 6, 60, 19, 4, 32, 63, 42, 13, 12, 20, 29, 33, 9, 45, 31, 40, 64, 17, 35, 38, 54, 25, 48, 14, 10, 23, 62, 41, 49, 27, 56, 26, 37, 2, 51, 5, 46, 52, 47, 36, 61]
T3
客户端数：10	时间：1.182833194732666	客户端：[44, 43, 53, 18, 50, 30, 16, 15, 55, 34]
客户端数：20	时间：2.3846166133880615	客户端：[44, 43, 53, 18, 50, 30, 16, 15, 55, 34, 28, 39, 1, 8, 57, 24, 3, 58, 22, 11]
客户端数：30	时间：3.6043543815612793	客户端：[44, 43, 53, 18, 50, 30, 16, 15, 55, 34, 28, 39, 1, 8, 57, 24, 3, 58, 22, 11, 7, 59, 6, 60, 19, 4, 32, 63, 42, 13]
客户端数：40	时间：4.843040943145752	客户端：[44, 43, 53, 18, 50, 30, 16, 15, 55, 34, 28, 39, 1, 8, 57, 24, 3, 58, 22, 11, 7, 59, 6, 60, 19, 4, 32, 63, 42, 13, 12, 20, 29, 33, 9, 45, 31, 40, 64, 17]
客户端数：50	时间：6.10082221031189	客户端：[44, 43, 53, 18, 50, 30, 16, 15, 55, 34, 28, 39, 1, 8, 57, 24, 3, 58, 22, 11, 7, 59, 6, 60, 19, 4, 32, 63, 42, 13, 12, 20, 29, 33, 9, 45, 31, 40, 64, 17, 35, 38, 54, 25, 48, 14, 10, 23, 62, 41]
客户端数：60	时间：7.376450300216675	客户端：[44, 43, 53, 18, 50, 30, 16, 15, 55, 34, 28, 39, 1, 8, 57, 24, 3, 58, 22, 11, 7, 59, 6, 60, 19, 4, 32, 63, 42, 13, 12, 20, 29, 33, 9, 45, 31, 40, 64, 17, 35, 38, 54, 25, 48, 14, 10, 23, 62, 41, 49, 27, 56, 26, 37, 2, 51, 5, 46, 52]
客户端数：63	时间：40.705883502960205	客户端：[44, 43, 53, 18, 50, 30, 16, 15, 55, 34, 28, 39, 1, 8, 57, 24, 3, 58, 22, 11, 7, 59, 6, 60, 19, 4, 32, 63, 42, 13, 12, 20, 29, 33, 9, 45, 31, 40, 64, 17, 35, 38, 54, 25, 48, 14, 10, 23, 62, 41, 49, 27, 56, 26, 37, 2, 51, 5, 46, 52, 47, 36, 61]
BYTE
客户端数：10	字节数：3200000	客户端：[22, 1, 60, 18, 20, 16, 3, 37, 19, 9]
客户端数：20	字节数：6400000	客户端：[22, 1, 60, 18, 20, 16, 3, 37, 19, 9, 10, 43, 39, 32, 57, 12, 55, 42, 36, 52]
客户端数：30	字节数：9600000	客户端：[22, 1, 60, 18, 20, 16, 3, 37, 19, 9, 10, 43, 39, 32, 57, 12, 55, 42, 36, 52, 2, 34, 53, 47, 4, 63, 29, 41, 51, 24]
客户端数：40	字节数：12800000	客户端：[22, 1, 60, 18, 20, 16, 3, 37, 19, 9, 10, 43, 39, 32, 57, 12, 55, 42, 36, 52, 2, 34, 53, 47, 4, 63, 29, 41, 51, 24, 11, 5, 30, 38, 62, 25, 58, 44, 14, 23]
客户端数：50	字节数：16000000	客户端：[22, 1, 60, 18, 20, 16, 3, 37, 19, 9, 10, 43, 39, 32, 57, 12, 55, 42, 36, 52, 2, 34, 53, 47, 4, 63, 29, 41, 51, 24, 11, 5, 30, 38, 62, 25, 58, 44, 14, 23, 46, 45, 64, 50, 26, 59, 7, 8, 54, 28]
客户端数：60	字节数：19200000	客户端：[22, 1, 60, 18, 20, 16, 3, 37, 19, 9, 10, 43, 39, 32, 57, 12, 55, 42, 36, 52, 2, 34, 53, 47, 4, 63, 29, 41, 51, 24, 11, 5, 30, 38, 62, 25, 58, 44, 14, 23, 46, 45, 64, 50, 26, 59, 7, 8, 54, 28, 31, 15, 27, 40, 48, 13, 49, 6, 35, 33]
客户端数：62	字节数：19840000	客户端：[22, 1, 60, 18, 20, 16, 3, 37, 19, 9, 10, 43, 39, 32, 57, 12, 55, 42, 36, 52, 2, 34, 53, 47, 4, 63, 29, 41, 51, 24, 11, 5, 30, 38, 62, 25, 58, 44, 14, 23, 46, 45, 64, 50, 26, 59, 7, 8, 54, 28, 31, 15, 27, 40, 48, 13, 49, 6, 35, 33, 17, 56]
PRO_LEN：320000
score：0.9509841269841269
loss rate：0.04901587301587307
finished iteration：2023-01-01 00:00:45.948894

