Number of rounds 1
T1
客户端数：0	时间：0	客户端：[]
T2
客户端数：10	时间：0.0	客户端：[64, 4, 49, 23, 24, 28, 29, 42, 11, 37]
客户端数：20	时间：0.0	客户端：[64, 4, 49, 23, 24, 28, 29, 42, 11, 37, 45, 54, 32, 36, 27, 50, 1, 46, 31, 53]
客户端数：30	时间：0.0009970664978027344	客户端：[64, 4, 49, 23, 24, 28, 29, 42, 11, 37, 45, 54, 32, 36, 27, 50, 1, 46, 31, 53, 43, 30, 34, 21, 25, 51, 57, 6, 5, 19]
客户端数：40	时间：0.0019960403442382812	客户端：[64, 4, 49, 23, 24, 28, 29, 42, 11, 37, 45, 54, 32, 36, 27, 50, 1, 46, 31, 53, 43, 30, 34, 21, 25, 51, 57, 6, 5, 19, 44, 63, 22, 56, 59, 35, 16, 48, 2, 39]
客户端数：50	时间：0.0019960403442382812	客户端：[64, 4, 49, 23, 24, 28, 29, 42, 11, 37, 45, 54, 32, 36, 27, 50, 1, 46, 31, 53, 43, 30, 34, 21, 25, 51, 57, 6, 5, 19, 44, 63, 22, 56, 59, 35, 16, 48, 2, 39, 10, 26, 52, 62, 40, 8, 7, 20, 41, 3]
客户端数：56	时间：0.0019960403442382812	客户端：[64, 4, 49, 23, 24, 28, 29, 42, 11, 37, 45, 54, 32, 36, 27, 50, 1, 46, 31, 53, 43, 30, 34, 21, 25, 51, 57, 6, 5, 19, 44, 63, 22, 56, 59, 35, 16, 48, 2, 39, 10, 26, 52, 62, 40, 8, 7, 20, 41, 3, 60, 18, 61, 15, 13, 47]
T3
客户端数：10	时间：17.221532821655273	客户端：[64, 4, 49, 23, 24, 28, 29, 42, 11, 37]
客户端数：20	时间：51.41383910179138	客户端：[64, 4, 49, 23, 24, 28, 29, 42, 11, 37, 45, 54, 32, 36, 27, 50, 1, 46, 31, 53]
客户端数：30	时间：102.71941900253296	客户端：[64, 4, 49, 23, 24, 28, 29, 42, 11, 37, 45, 54, 32, 36, 27, 50, 1, 46, 31, 53, 43, 30, 34, 21, 25, 51, 57, 6, 5, 19]
客户端数：40	时间：171.9671585559845	客户端：[64, 4, 49, 23, 24, 28, 29, 42, 11, 37, 45, 54, 32, 36, 27, 50, 1, 46, 31, 53, 43, 30, 34, 21, 25, 51, 57, 6, 5, 19, 44, 63, 22, 56, 59, 35, 16, 48, 2, 39]
客户端数：50	时间：258.8594615459442	客户端：[64, 4, 49, 23, 24, 28, 29, 42, 11, 37, 45, 54, 32, 36, 27, 50, 1, 46, 31, 53, 43, 30, 34, 21, 25, 51, 57, 6, 5, 19, 44, 63, 22, 56, 59, 35, 16, 48, 2, 39, 10, 26, 52, 62, 40, 8, 7, 20, 41, 3]
客户端数：56	时间：319.06663155555725	客户端：[64, 4, 49, 23, 24, 28, 29, 42, 11, 37, 45, 54, 32, 36, 27, 50, 1, 46, 31, 53, 43, 30, 34, 21, 25, 51, 57, 6, 5, 19, 44, 63, 22, 56, 59, 35, 16, 48, 2, 39, 10, 26, 52, 62, 40, 8, 7, 20, 41, 3, 60, 18, 61, 15, 13, 47]
BYTE
客户端数：0	字节数：0	客户端：[]
MAE：16010880.333333334
RMSE：16010880.333616339
finished iteration：2023-01-01 00:00:29.135252

Number of rounds 2
T1
客户端数：0	时间：0	客户端：[]
T2
客户端数：10	时间：0.0	客户端：[48, 62, 64, 18, 49, 41, 54, 39, 28, 11]
客户端数：20	时间：0.0005090236663818359	客户端：[48, 62, 64, 18, 49, 41, 54, 39, 28, 11, 29, 23, 8, 37, 43, 36, 34, 32, 50, 27]
客户端数：30	时间：0.0015065670013427734	客户端：[48, 62, 64, 18, 49, 41, 54, 39, 28, 11, 29, 23, 8, 37, 43, 36, 34, 32, 50, 27, 24, 46, 1, 53, 20, 42, 47, 7, 31, 6]
客户端数：40	时间：0.0015430450439453125	客户端：[48, 62, 64, 18, 49, 41, 54, 39, 28, 11, 29, 23, 8, 37, 43, 36, 34, 32, 50, 27, 24, 46, 1, 53, 20, 42, 47, 7, 31, 6, 45, 59, 2, 15, 13, 56, 16, 21, 61, 52]
客户端数：50	时间：0.0015430450439453125	客户端：[48, 62, 64, 18, 49, 41, 54, 39, 28, 11, 29, 23, 8, 37, 43, 36, 34, 32, 50, 27, 24, 46, 1, 53, 20, 42, 47, 7, 31, 6, 45, 59, 2, 15, 13, 56, 16, 21, 61, 52, 40, 25, 51, 63, 19, 30, 10, 35, 26, 44]
客户端数：56	时间：0.002542257308959961	客户端：[48, 62, 64, 18, 49, 41, 54, 39, 28, 11, 29, 23, 8, 37, 43, 36, 34, 32, 50, 27, 24, 46, 1, 53, 20, 42, 47, 7, 31, 6, 45, 59, 2, 15, 13, 56, 16, 21, 61, 52, 40, 25, 51, 63, 19, 30, 10, 35, 26, 44, 60, 5, 22, 4, 57, 3]
T3
客户端数：10	时间：8.588217496871948	客户端：[48, 62, 64, 18, 49, 41, 54, 39, 28, 11]
客户端数：20	时间：34.78224492073059	客户端：[48, 62, 64, 18, 49, 41, 54, 39, 28, 11, 29, 23, 8, 37, 43, 36, 34, 32, 50, 27]
客户端数：30	时间：77.75763893127441	客户端：[48, 62, 64, 18, 49, 41, 54, 39, 28, 11, 29, 23, 8, 37, 43, 36, 34, 32, 50, 27, 24, 46, 1, 53, 20, 42, 47, 7, 31, 6]
客户端数：40	时间：137.2293393611908	客户端：[48, 62, 64, 18, 49, 41, 54, 39, 28, 11, 29, 23, 8, 37, 43, 36, 34, 32, 50, 27, 24, 46, 1, 53, 20, 42, 47, 7, 31, 6, 45, 59, 2, 15, 13, 56, 16, 21, 61, 52]
客户端数：50	时间：213.4044144153595	客户端：[48, 62, 64, 18, 49, 41, 54, 39, 28, 11, 29, 23, 8, 37, 43, 36, 34, 32, 50, 27, 24, 46, 1, 53, 20, 42, 47, 7, 31, 6, 45, 59, 2, 15, 13, 56, 16, 21, 61, 52, 40, 25, 51, 63, 19, 30, 10, 35, 26, 44]
客户端数：56	时间：267.06404280662537	客户端：[48, 62, 64, 18, 49, 41, 54, 39, 28, 11, 29, 23, 8, 37, 43, 36, 34, 32, 50, 27, 24, 46, 1, 53, 20, 42, 47, 7, 31, 6, 45, 59, 2, 15, 13, 56, 16, 21, 61, 52, 40, 25, 51, 63, 19, 30, 10, 35, 26, 44, 60, 5, 22, 4, 57, 3]
BYTE
客户端数：0	字节数：0	客户端：[]
MAE：149519838.0
RMSE：149519838.01822814
finished iteration：2023-01-01 00:00:51.500627

Number of rounds 3
T1
客户端数：0	时间：0	客户端：[]
T2
客户端数：10	时间：0.0	客户端：[34, 43, 64, 40, 49, 41, 45, 39, 8, 24]
客户端数：20	时间：0.0	客户端：[34, 43, 64, 40, 49, 41, 45, 39, 8, 24, 28, 42, 36, 32, 37, 7, 50, 1, 27, 20]
客户端数：30	时间：0.0009975433349609375	客户端：[34, 43, 64, 40, 49, 41, 45, 39, 8, 24, 28, 42, 36, 32, 37, 7, 50, 1, 27, 20, 59, 16, 15, 61, 4, 6, 46, 60, 63, 19]
客户端数：40	时间：0.00200653076171875	客户端：[34, 43, 64, 40, 49, 41, 45, 39, 8, 24, 28, 42, 36, 32, 37, 7, 50, 1, 27, 20, 59, 16, 15, 61, 4, 6, 46, 60, 63, 19, 10, 44, 56, 3, 23, 62, 54, 2, 30, 57]
客户端数：50	时间：0.0030035972595214844	客户端：[34, 43, 64, 40, 49, 41, 45, 39, 8, 24, 28, 42, 36, 32, 37, 7, 50, 1, 27, 20, 59, 16, 15, 61, 4, 6, 46, 60, 63, 19, 10, 44, 56, 3, 23, 62, 54, 2, 30, 57, 13, 31, 35, 52, 48, 51, 25, 18, 11, 29]
客户端数：53	时间：0.0030035972595214844	客户端：[34, 43, 64, 40, 49, 41, 45, 39, 8, 24, 28, 42, 36, 32, 37, 7, 50, 1, 27, 20, 59, 16, 15, 61, 4, 6, 46, 60, 63, 19, 10, 44, 56, 3, 23, 62, 54, 2, 30, 57, 13, 31, 35, 52, 48, 51, 25, 18, 11, 29, 47, 53, 22]
T3
客户端数：10	时间：7.870851516723633	客户端：[34, 43, 64, 40, 49, 41, 45, 39, 8, 24]
客户端数：20	时间：32.29350519180298	客户端：[34, 43, 64, 40, 49, 41, 45, 39, 8, 24, 28, 42, 36, 32, 37, 7, 50, 1, 27, 20]
客户端数：30	时间：73.88731360435486	客户端：[34, 43, 64, 40, 49, 41, 45, 39, 8, 24, 28, 42, 36, 32, 37, 7, 50, 1, 27, 20, 59, 16, 15, 61, 4, 6, 46, 60, 63, 19]
客户端数：40	时间：133.91749811172485	客户端：[34, 43, 64, 40, 49, 41, 45, 39, 8, 24, 28, 42, 36, 32, 37, 7, 50, 1, 27, 20, 59, 16, 15, 61, 4, 6, 46, 60, 63, 19, 10, 44, 56, 3, 23, 62, 54, 2, 30, 57]
客户端数：50	时间：211.04528713226318	客户端：[34, 43, 64, 40, 49, 41, 45, 39, 8, 24, 28, 42, 36, 32, 37, 7, 50, 1, 27, 20, 59, 16, 15, 61, 4, 6, 46, 60, 63, 19, 10, 44, 56, 3, 23, 62, 54, 2, 30, 57, 13, 31, 35, 52, 48, 51, 25, 18, 11, 29]
客户端数：53	时间：237.41333389282227	客户端：[34, 43, 64, 40, 49, 41, 45, 39, 8, 24, 28, 42, 36, 32, 37, 7, 50, 1, 27, 20, 59, 16, 15, 61, 4, 6, 46, 60, 63, 19, 10, 44, 56, 3, 23, 62, 54, 2, 30, 57, 13, 31, 35, 52, 48, 51, 25, 18, 11, 29, 47, 53, 22]
BYTE
客户端数：0	字节数：0	客户端：[]
MAE：36003785.42564102
RMSE：36004014.30900048
finished iteration：2023-01-01 00:01:13.695165

Number of rounds 4
T1
客户端数：0	时间：0	客户端：[]
T2
客户端数：10	时间：0.0	客户端：[26, 5, 48, 34, 62, 43, 47, 18, 4, 54]
客户端数：20	时间：0.0	客户端：[26, 5, 48, 34, 62, 43, 47, 18, 4, 54, 39, 23, 28, 49, 36, 40, 50, 7, 8, 6]
客户端数：30	时间：0.0	客户端：[26, 5, 48, 34, 62, 43, 47, 18, 4, 54, 39, 23, 28, 49, 36, 40, 50, 7, 8, 6, 10, 24, 60, 52, 29, 3, 16, 19, 30, 25]
客户端数：40	时间：0.0	客户端：[26, 5, 48, 34, 62, 43, 47, 18, 4, 54, 39, 23, 28, 49, 36, 40, 50, 7, 8, 6, 10, 24, 60, 52, 29, 3, 16, 19, 30, 25, 15, 61, 41, 35, 1, 56, 59, 37, 32, 53]
客户端数：50	时间：0.0	客户端：[26, 5, 48, 34, 62, 43, 47, 18, 4, 54, 39, 23, 28, 49, 36, 40, 50, 7, 8, 6, 10, 24, 60, 52, 29, 3, 16, 19, 30, 25, 15, 61, 41, 35, 1, 56, 59, 37, 32, 53, 11, 2, 13, 45, 46, 51, 57, 44, 22, 27]
客户端数：55	时间：0.0	客户端：[26, 5, 48, 34, 62, 43, 47, 18, 4, 54, 39, 23, 28, 49, 36, 40, 50, 7, 8, 6, 10, 24, 60, 52, 29, 3, 16, 19, 30, 25, 15, 61, 41, 35, 1, 56, 59, 37, 32, 53, 11, 2, 13, 45, 46, 51, 57, 44, 22, 27, 42, 31, 64, 20, 63]
T3
客户端数：10	时间：25.953574895858765	客户端：[26, 5, 48, 34, 62, 43, 47, 18, 4, 54]
客户端数：20	时间：47.933653831481934	客户端：[26, 5, 48, 34, 62, 43, 47, 18, 4, 54, 39, 23, 28, 49, 36, 40, 50, 7, 8, 6]
客户端数：30	时间：86.5547661781311	客户端：[26, 5, 48, 34, 62, 43, 47, 18, 4, 54, 39, 23, 28, 49, 36, 40, 50, 7, 8, 6, 10, 24, 60, 52, 29, 3, 16, 19, 30, 25]
客户端数：40	时间：142.21602582931519	客户端：[26, 5, 48, 34, 62, 43, 47, 18, 4, 54, 39, 23, 28, 49, 36, 40, 50, 7, 8, 6, 10, 24, 60, 52, 29, 3, 16, 19, 30, 25, 15, 61, 41, 35, 1, 56, 59, 37, 32, 53]
客户端数：50	时间：214.75675225257874	客户端：[26, 5, 48, 34, 62, 43, 47, 18, 4, 54, 39, 23, 28, 49, 36, 40, 50, 7, 8, 6, 10, 24, 60, 52, 29, 3, 16, 19, 30, 25, 15, 61, 41, 35, 1, 56, 59, 37, 32, 53, 11, 2, 13, 45, 46, 51, 57, 44, 22, 27]
客户端数：55	时间：257.37489342689514	客户端：[26, 5, 48, 34, 62, 43, 47, 18, 4, 54, 39, 23, 28, 49, 36, 40, 50, 7, 8, 6, 10, 24, 60, 52, 29, 3, 16, 19, 30, 25, 15, 61, 41, 35, 1, 56, 59, 37, 32, 53, 11, 2, 13, 45, 46, 51, 57, 44, 22, 27, 42, 31, 64, 20, 63]
BYTE
客户端数：0	字节数：0	客户端：[]
MAE：100379043.78461538
RMSE：101002877.84826931
finished iteration：2023-01-01 00:01:35.479820

Number of rounds 5
T1
客户端数：0	时间：0	客户端：[]
T2
客户端数：10	时间：0.0009980201721191406	客户端：[48, 34, 62, 43, 18, 64, 8, 39, 11, 41]
客户端数：20	时间：0.002992391586303711	客户端：[48, 34, 62, 43, 18, 64, 8, 39, 11, 41, 23, 45, 28, 37, 29, 49, 36, 32, 50, 60]
客户端数：30	时间：0.004987955093383789	客户端：[48, 34, 62, 43, 18, 64, 8, 39, 11, 41, 23, 45, 28, 37, 29, 49, 36, 32, 50, 60, 7, 46, 27, 53, 20, 10, 16, 52, 57, 35]
客户端数：40	时间：0.004987955093383789	客户端：[48, 34, 62, 43, 18, 64, 8, 39, 11, 41, 23, 45, 28, 37, 29, 49, 36, 32, 50, 60, 7, 46, 27, 53, 20, 10, 16, 52, 57, 35, 2, 51, 6, 63, 3, 56, 25, 15, 44, 4]
客户端数：50	时间：0.0060389041900634766	客户端：[48, 34, 62, 43, 18, 64, 8, 39, 11, 41, 23, 45, 28, 37, 29, 49, 36, 32, 50, 60, 7, 46, 27, 53, 20, 10, 16, 52, 57, 35, 2, 51, 6, 63, 3, 56, 25, 15, 44, 4, 30, 13, 42, 19, 40, 59, 31, 54, 1, 47]
客户端数：53	时间：0.0060389041900634766	客户端：[48, 34, 62, 43, 18, 64, 8, 39, 11, 41, 23, 45, 28, 37, 29, 49, 36, 32, 50, 60, 7, 46, 27, 53, 20, 10, 16, 52, 57, 35, 2, 51, 6, 63, 3, 56, 25, 15, 44, 4, 30, 13, 42, 19, 40, 59, 31, 54, 1, 47, 61, 22, 24]
T3
客户端数：10	时间：8.294071674346924	客户端：[48, 34, 62, 43, 18, 64, 8, 39, 11, 41]
客户端数：20	时间：34.0332453250885	客户端：[48, 34, 62, 43, 18, 64, 8, 39, 11, 41, 23, 45, 28, 37, 29, 49, 36, 32, 50, 60]
客户端数：30	时间：75.86295080184937	客户端：[48, 34, 62, 43, 18, 64, 8, 39, 11, 41, 23, 45, 28, 37, 29, 49, 36, 32, 50, 60, 7, 46, 27, 53, 20, 10, 16, 52, 57, 35]
客户端数：40	时间：134.299245595932	客户端：[48, 34, 62, 43, 18, 64, 8, 39, 11, 41, 23, 45, 28, 37, 29, 49, 36, 32, 50, 60, 7, 46, 27, 53, 20, 10, 16, 52, 57, 35, 2, 51, 6, 63, 3, 56, 25, 15, 44, 4]
客户端数：50	时间：209.7290232181549	客户端：[48, 34, 62, 43, 18, 64, 8, 39, 11, 41, 23, 45, 28, 37, 29, 49, 36, 32, 50, 60, 7, 46, 27, 53, 20, 10, 16, 52, 57, 35, 2, 51, 6, 63, 3, 56, 25, 15, 44, 4, 30, 13, 42, 19, 40, 59, 31, 54, 1, 47]
客户端数：53	时间：235.66417932510376	客户端：[48, 34, 62, 43, 18, 64, 8, 39, 11, 41, 23, 45, 28, 37, 29, 49, 36, 32, 50, 60, 7, 46, 27, 53, 20, 10, 16, 52, 57, 35, 2, 51, 6, 63, 3, 56, 25, 15, 44, 4, 30, 13, 42, 19, 40, 59, 31, 54, 1, 47, 61, 22, 24]
BYTE
客户端数：0	字节数：0	客户端：[]
MAE：97603420.35897435
RMSE：97641135.58997399
finished iteration：2023-01-01 00:01:57.638952

Number of rounds 6
T1
客户端数：0	时间：0	客户端：[]
T2
客户端数：10	时间：0.0009975433349609375	客户端：[48, 47, 64, 18, 4, 43, 54, 49, 39, 11]
客户端数：20	时间：0.0009975433349609375	客户端：[48, 47, 64, 18, 4, 43, 54, 49, 39, 11, 23, 29, 37, 28, 42, 41, 32, 53, 30, 7]
客户端数：30	时间：0.0009975433349609375	客户端：[48, 47, 64, 18, 4, 43, 54, 49, 39, 11, 23, 29, 37, 28, 42, 41, 32, 53, 30, 7, 40, 20, 6, 60, 10, 8, 52, 51, 15, 16]
客户端数：40	时间：0.0010340213775634766	客户端：[48, 47, 64, 18, 4, 43, 54, 49, 39, 11, 23, 29, 37, 28, 42, 41, 32, 53, 30, 7, 40, 20, 6, 60, 10, 8, 52, 51, 15, 16, 31, 57, 63, 19, 35, 36, 27, 3, 13, 61]
客户端数：50	时间：0.00104522705078125	客户端：[48, 47, 64, 18, 4, 43, 54, 49, 39, 11, 23, 29, 37, 28, 42, 41, 32, 53, 30, 7, 40, 20, 6, 60, 10, 8, 52, 51, 15, 16, 31, 57, 63, 19, 35, 36, 27, 3, 13, 61, 44, 59, 1, 62, 46, 50, 2, 24, 22, 56]
客户端数：53	时间：0.00104522705078125	客户端：[48, 47, 64, 18, 4, 43, 54, 49, 39, 11, 23, 29, 37, 28, 42, 41, 32, 53, 30, 7, 40, 20, 6, 60, 10, 8, 52, 51, 15, 16, 31, 57, 63, 19, 35, 36, 27, 3, 13, 61, 44, 59, 1, 62, 46, 50, 2, 24, 22, 56, 45, 34, 25]
T3
客户端数：10	时间：7.961599111557007	客户端：[48, 47, 64, 18, 4, 43, 54, 49, 39, 11]
客户端数：20	时间：33.0468373298645	客户端：[48, 47, 64, 18, 4, 43, 54, 49, 39, 11, 23, 29, 37, 28, 42, 41, 32, 53, 30, 7]
客户端数：30	时间：75.55211639404297	客户端：[48, 47, 64, 18, 4, 43, 54, 49, 39, 11, 23, 29, 37, 28, 42, 41, 32, 53, 30, 7, 40, 20, 6, 60, 10, 8, 52, 51, 15, 16]
客户端数：40	时间：134.88172459602356	客户端：[48, 47, 64, 18, 4, 43, 54, 49, 39, 11, 23, 29, 37, 28, 42, 41, 32, 53, 30, 7, 40, 20, 6, 60, 10, 8, 52, 51, 15, 16, 31, 57, 63, 19, 35, 36, 27, 3, 13, 61]
客户端数：50	时间：210.80700159072876	客户端：[48, 47, 64, 18, 4, 43, 54, 49, 39, 11, 23, 29, 37, 28, 42, 41, 32, 53, 30, 7, 40, 20, 6, 60, 10, 8, 52, 51, 15, 16, 31, 57, 63, 19, 35, 36, 27, 3, 13, 61, 44, 59, 1, 62, 46, 50, 2, 24, 22, 56]
客户端数：53	时间：236.75483465194702	客户端：[48, 47, 64, 18, 4, 43, 54, 49, 39, 11, 23, 29, 37, 28, 42, 41, 32, 53, 30, 7, 40, 20, 6, 60, 10, 8, 52, 51, 15, 16, 31, 57, 63, 19, 35, 36, 27, 3, 13, 61, 44, 59, 1, 62, 46, 50, 2, 24, 22, 56, 45, 34, 25]
BYTE
客户端数：0	字节数：0	客户端：[]
MAE：91160122.14358975
RMSE：91304381.63459533
finished iteration：2023-01-01 00:02:19.467779

Number of rounds 7
T1
客户端数：0	时间：0	客户端：[]
T2
客户端数：10	时间：0.0	客户端：[34, 48, 47, 49, 62, 41, 8, 11, 45, 28]
客户端数：20	时间：0.0	客户端：[34, 48, 47, 49, 62, 41, 8, 11, 45, 28, 42, 54, 39, 40, 50, 32, 30, 27, 31, 1]
客户端数：30	时间：0.000997304916381836	客户端：[34, 48, 47, 49, 62, 41, 8, 11, 45, 28, 42, 54, 39, 40, 50, 32, 30, 27, 31, 1, 20, 60, 53, 57, 52, 43, 2, 37, 61, 35]
客户端数：40	时间：0.000997304916381836	客户端：[34, 48, 47, 49, 62, 41, 8, 11, 45, 28, 42, 54, 39, 40, 50, 32, 30, 27, 31, 1, 20, 60, 53, 57, 52, 43, 2, 37, 61, 35, 6, 56, 7, 44, 19, 3, 36, 22, 23, 15]
客户端数：50	时间：0.000997304916381836	客户端：[34, 48, 47, 49, 62, 41, 8, 11, 45, 28, 42, 54, 39, 40, 50, 32, 30, 27, 31, 1, 20, 60, 53, 57, 52, 43, 2, 37, 61, 35, 6, 56, 7, 44, 19, 3, 36, 22, 23, 15, 59, 63, 13, 10, 64, 46, 51, 4, 18, 16]
客户端数：51	时间：0.000997304916381836	客户端：[34, 48, 47, 49, 62, 41, 8, 11, 45, 28, 42, 54, 39, 40, 50, 32, 30, 27, 31, 1, 20, 60, 53, 57, 52, 43, 2, 37, 61, 35, 6, 56, 7, 44, 19, 3, 36, 22, 23, 15, 59, 63, 13, 10, 64, 46, 51, 4, 18, 16, 29]
T3
客户端数：10	时间：8.25717282295227	客户端：[34, 48, 47, 49, 62, 41, 8, 11, 45, 28]
客户端数：20	时间：33.38994121551514	客户端：[34, 48, 47, 49, 62, 41, 8, 11, 45, 28, 42, 54, 39, 40, 50, 32, 30, 27, 31, 1]
客户端数：30	时间：74.85707235336304	客户端：[34, 48, 47, 49, 62, 41, 8, 11, 45, 28, 42, 54, 39, 40, 50, 32, 30, 27, 31, 1, 20, 60, 53, 57, 52, 43, 2, 37, 61, 35]
客户端数：40	时间：133.51435446739197	客户端：[34, 48, 47, 49, 62, 41, 8, 11, 45, 28, 42, 54, 39, 40, 50, 32, 30, 27, 31, 1, 20, 60, 53, 57, 52, 43, 2, 37, 61, 35, 6, 56, 7, 44, 19, 3, 36, 22, 23, 15]
客户端数：50	时间：209.82107734680176	客户端：[34, 48, 47, 49, 62, 41, 8, 11, 45, 28, 42, 54, 39, 40, 50, 32, 30, 27, 31, 1, 20, 60, 53, 57, 52, 43, 2, 37, 61, 35, 6, 56, 7, 44, 19, 3, 36, 22, 23, 15, 59, 63, 13, 10, 64, 46, 51, 4, 18, 16]
客户端数：51	时间：218.4666211605072	客户端：[34, 48, 47, 49, 62, 41, 8, 11, 45, 28, 42, 54, 39, 40, 50, 32, 30, 27, 31, 1, 20, 60, 53, 57, 52, 43, 2, 37, 61, 35, 6, 56, 7, 44, 19, 3, 36, 22, 23, 15, 59, 63, 13, 10, 64, 46, 51, 4, 18, 16, 29]
BYTE
客户端数：0	字节数：0	客户端：[]
MAE：90911184.17435898
RMSE：91172885.3716286
finished iteration：2023-01-01 00:02:41.891225

Number of rounds 8
T1
客户端数：0	时间：0	客户端：[]
T2
客户端数：10	时间：0.0	客户端：[48, 34, 64, 4, 47, 62, 18, 8, 41, 28]
客户端数：20	时间：0.0	客户端：[48, 34, 64, 4, 47, 62, 18, 8, 41, 28, 29, 39, 37, 54, 42, 43, 60, 23, 49, 7]
客户端数：30	时间：0.0	客户端：[48, 34, 64, 4, 47, 62, 18, 8, 41, 28, 29, 39, 37, 54, 42, 43, 60, 23, 49, 7, 27, 11, 50, 1, 6, 16, 57, 51, 59, 3]
客户端数：40	时间：0.0	客户端：[48, 34, 64, 4, 47, 62, 18, 8, 41, 28, 29, 39, 37, 54, 42, 43, 60, 23, 49, 7, 27, 11, 50, 1, 6, 16, 57, 51, 59, 3, 13, 15, 44, 22, 30, 61, 52, 31, 40, 45]
客户端数：50	时间：0.0	客户端：[48, 34, 64, 4, 47, 62, 18, 8, 41, 28, 29, 39, 37, 54, 42, 43, 60, 23, 49, 7, 27, 11, 50, 1, 6, 16, 57, 51, 59, 3, 13, 15, 44, 22, 30, 61, 52, 31, 40, 45, 63, 56, 46, 53, 19, 20, 32, 10, 35, 36]
客户端数：51	时间：0.0	客户端：[48, 34, 64, 4, 47, 62, 18, 8, 41, 28, 29, 39, 37, 54, 42, 43, 60, 23, 49, 7, 27, 11, 50, 1, 6, 16, 57, 51, 59, 3, 13, 15, 44, 22, 30, 61, 52, 31, 40, 45, 63, 56, 46, 53, 19, 20, 32, 10, 35, 36, 2]
T3
客户端数：10	时间：7.886006593704224	客户端：[48, 34, 64, 4, 47, 62, 18, 8, 41, 28]
客户端数：20	时间：33.03661870956421	客户端：[48, 34, 64, 4, 47, 62, 18, 8, 41, 28, 29, 39, 37, 54, 42, 43, 60, 23, 49, 7]
客户端数：30	时间：75.5009377002716	客户端：[48, 34, 64, 4, 47, 62, 18, 8, 41, 28, 29, 39, 37, 54, 42, 43, 60, 23, 49, 7, 27, 11, 50, 1, 6, 16, 57, 51, 59, 3]
客户端数：40	时间：135.98769092559814	客户端：[48, 34, 64, 4, 47, 62, 18, 8, 41, 28, 29, 39, 37, 54, 42, 43, 60, 23, 49, 7, 27, 11, 50, 1, 6, 16, 57, 51, 59, 3, 13, 15, 44, 22, 30, 61, 52, 31, 40, 45]
客户端数：50	时间：213.57967805862427	客户端：[48, 34, 64, 4, 47, 62, 18, 8, 41, 28, 29, 39, 37, 54, 42, 43, 60, 23, 49, 7, 27, 11, 50, 1, 6, 16, 57, 51, 59, 3, 13, 15, 44, 22, 30, 61, 52, 31, 40, 45, 63, 56, 46, 53, 19, 20, 32, 10, 35, 36]
客户端数：51	时间：222.2496099472046	客户端：[48, 34, 64, 4, 47, 62, 18, 8, 41, 28, 29, 39, 37, 54, 42, 43, 60, 23, 49, 7, 27, 11, 50, 1, 6, 16, 57, 51, 59, 3, 13, 15, 44, 22, 30, 61, 52, 31, 40, 45, 63, 56, 46, 53, 19, 20, 32, 10, 35, 36, 2]
BYTE
客户端数：0	字节数：0	客户端：[]
MAE：101340209.48717949
RMSE：101479799.29036498
finished iteration：2023-01-01 00:03:04.050913

Number of rounds 9
T1
客户端数：0	时间：0	客户端：[]
T2
客户端数：10	时间：0.0	客户端：[48, 4, 18, 40, 64, 43, 23, 54, 39, 29]
客户端数：20	时间：0.000997781753540039	客户端：[48, 4, 18, 40, 64, 43, 23, 54, 39, 29, 45, 37, 36, 32, 50, 7, 60, 11, 27, 10]
客户端数：30	时间：0.001995086669921875	客户端：[48, 4, 18, 40, 64, 43, 23, 54, 39, 29, 45, 37, 36, 32, 50, 7, 60, 11, 27, 10, 16, 35, 59, 42, 3, 15, 22, 19, 44, 63]
客户端数：40	时间：0.001995086669921875	客户端：[48, 4, 18, 40, 64, 43, 23, 54, 39, 29, 45, 37, 36, 32, 50, 7, 60, 11, 27, 10, 16, 35, 59, 42, 3, 15, 22, 19, 44, 63, 61, 51, 56, 31, 1, 52, 46, 13, 28, 34]
客户端数：50	时间：0.001995086669921875	客户端：[48, 4, 18, 40, 64, 43, 23, 54, 39, 29, 45, 37, 36, 32, 50, 7, 60, 11, 27, 10, 16, 35, 59, 42, 3, 15, 22, 19, 44, 63, 61, 51, 56, 31, 1, 52, 46, 13, 28, 34, 62, 41, 2, 20, 49, 47, 6, 53, 57, 30]
T3
客户端数：10	时间：8.062031507492065	客户端：[48, 4, 18, 40, 64, 43, 23, 54, 39, 29]
客户端数：20	时间：33.358482122421265	客户端：[48, 4, 18, 40, 64, 43, 23, 54, 39, 29, 45, 37, 36, 32, 50, 7, 60, 11, 27, 10]
客户端数：30	时间：76.39305830001831	客户端：[48, 4, 18, 40, 64, 43, 23, 54, 39, 29, 45, 37, 36, 32, 50, 7, 60, 11, 27, 10, 16, 35, 59, 42, 3, 15, 22, 19, 44, 63]
客户端数：40	时间：136.57627654075623	客户端：[48, 4, 18, 40, 64, 43, 23, 54, 39, 29, 45, 37, 36, 32, 50, 7, 60, 11, 27, 10, 16, 35, 59, 42, 3, 15, 22, 19, 44, 63, 61, 51, 56, 31, 1, 52, 46, 13, 28, 34]
客户端数：50	时间：214.21000480651855	客户端：[48, 4, 18, 40, 64, 43, 23, 54, 39, 29, 45, 37, 36, 32, 50, 7, 60, 11, 27, 10, 16, 35, 59, 42, 3, 15, 22, 19, 44, 63, 61, 51, 56, 31, 1, 52, 46, 13, 28, 34, 62, 41, 2, 20, 49, 47, 6, 53, 57, 30]
BYTE
客户端数：0	字节数：0	客户端：[]
MAE：103770370.18461539
RMSE：103823785.48674722
finished iteration：2023-01-01 00:03:26.304249

Number of rounds 10
T1
客户端数：0	时间：0	客户端：[]
T2
客户端数：10	时间：0.0009984970092773438	客户端：[48, 34, 62, 18, 47, 43, 40, 49, 45, 23]
客户端数：20	时间：0.0009984970092773438	客户端：[48, 34, 62, 18, 47, 43, 40, 49, 45, 23, 28, 54, 29, 37, 4, 50, 60, 7, 11, 46]
客户端数：30	时间：0.0009984970092773438	客户端：[48, 34, 62, 18, 47, 43, 40, 49, 45, 23, 28, 54, 29, 37, 4, 50, 60, 7, 11, 46, 31, 30, 57, 61, 15, 52, 1, 51, 41, 56]
客户端数：40	时间：0.0009984970092773438	客户端：[48, 34, 62, 18, 47, 43, 40, 49, 45, 23, 28, 54, 29, 37, 4, 50, 60, 7, 11, 46, 31, 30, 57, 61, 15, 52, 1, 51, 41, 56, 2, 3, 19, 44, 42, 63, 6, 13, 64, 16]
客户端数：49	时间：0.0009984970092773438	客户端：[48, 34, 62, 18, 47, 43, 40, 49, 45, 23, 28, 54, 29, 37, 4, 50, 60, 7, 11, 46, 31, 30, 57, 61, 15, 52, 1, 51, 41, 56, 2, 3, 19, 44, 42, 63, 6, 13, 64, 16, 36, 59, 27, 39, 53, 20, 10, 35, 32]
T3
客户端数：10	时间：8.422863483428955	客户端：[48, 34, 62, 18, 47, 43, 40, 49, 45, 23]
客户端数：20	时间：34.54873704910278	客户端：[48, 34, 62, 18, 47, 43, 40, 49, 45, 23, 28, 54, 29, 37, 4, 50, 60, 7, 11, 46]
客户端数：30	时间：77.28848791122437	客户端：[48, 34, 62, 18, 47, 43, 40, 49, 45, 23, 28, 54, 29, 37, 4, 50, 60, 7, 11, 46, 31, 30, 57, 61, 15, 52, 1, 51, 41, 56]
客户端数：40	时间：137.3509442806244	客户端：[48, 34, 62, 18, 47, 43, 40, 49, 45, 23, 28, 54, 29, 37, 4, 50, 60, 7, 11, 46, 31, 30, 57, 61, 15, 52, 1, 51, 41, 56, 2, 3, 19, 44, 42, 63, 6, 13, 64, 16]
客户端数：49	时间：205.79994463920593	客户端：[48, 34, 62, 18, 47, 43, 40, 49, 45, 23, 28, 54, 29, 37, 4, 50, 60, 7, 11, 46, 31, 30, 57, 61, 15, 52, 1, 51, 41, 56, 2, 3, 19, 44, 42, 63, 6, 13, 64, 16, 36, 59, 27, 39, 53, 20, 10, 35, 32]
BYTE
客户端数：0	字节数：0	客户端：[]
MAE：97193662.36923076
RMSE：97273150.7969175
finished iteration：2023-01-01 00:03:48.415199

Number of rounds 11
T1
客户端数：0	时间：0	客户端：[]
T2
客户端数：10	时间：0.0	客户端：[62, 43, 18, 40, 64, 4, 47, 39, 45, 11]
客户端数：20	时间：0.000997304916381836	客户端：[62, 43, 18, 40, 64, 4, 47, 39, 45, 11, 54, 42, 41, 29, 36, 28, 37, 50, 60, 1]
客户端数：30	时间：0.000997304916381836	客户端：[62, 43, 18, 40, 64, 4, 47, 39, 45, 11, 54, 42, 41, 29, 36, 28, 37, 50, 60, 1, 27, 7, 32, 6, 35, 51, 61, 13, 49, 31]
客户端数：40	时间：0.000997304916381836	客户端：[62, 43, 18, 40, 64, 4, 47, 39, 45, 11, 54, 42, 41, 29, 36, 28, 37, 50, 60, 1, 27, 7, 32, 6, 35, 51, 61, 13, 49, 31, 19, 52, 2, 56, 59, 3, 20, 16, 57, 46]
客户端数：49	时间：0.0029914379119873047	客户端：[62, 43, 18, 40, 64, 4, 47, 39, 45, 11, 54, 42, 41, 29, 36, 28, 37, 50, 60, 1, 27, 7, 32, 6, 35, 51, 61, 13, 49, 31, 19, 52, 2, 56, 59, 3, 20, 16, 57, 46, 10, 44, 34, 15, 53, 30, 23, 63, 48]
T3
客户端数：10	时间：8.190800666809082	客户端：[62, 43, 18, 40, 64, 4, 47, 39, 45, 11]
客户端数：20	时间：33.59658408164978	客户端：[62, 43, 18, 40, 64, 4, 47, 39, 45, 11, 54, 42, 41, 29, 36, 28, 37, 50, 60, 1]
客户端数：30	时间：75.6801016330719	客户端：[62, 43, 18, 40, 64, 4, 47, 39, 45, 11, 54, 42, 41, 29, 36, 28, 37, 50, 60, 1, 27, 7, 32, 6, 35, 51, 61, 13, 49, 31]
客户端数：40	时间：133.97265243530273	客户端：[62, 43, 18, 40, 64, 4, 47, 39, 45, 11, 54, 42, 41, 29, 36, 28, 37, 50, 60, 1, 27, 7, 32, 6, 35, 51, 61, 13, 49, 31, 19, 52, 2, 56, 59, 3, 20, 16, 57, 46]
客户端数：49	时间：200.1033227443695	客户端：[62, 43, 18, 40, 64, 4, 47, 39, 45, 11, 54, 42, 41, 29, 36, 28, 37, 50, 60, 1, 27, 7, 32, 6, 35, 51, 61, 13, 49, 31, 19, 52, 2, 56, 59, 3, 20, 16, 57, 46, 10, 44, 34, 15, 53, 30, 23, 63, 48]
BYTE
客户端数：0	字节数：0	客户端：[]
MAE：89961993.93846154
RMSE：90006626.80720176
finished iteration：2023-01-01 00:04:10.608360

Number of rounds 12
T1
客户端数：0	时间：0	客户端：[]
T2
客户端数：10	时间：0.0	客户端：[48, 62, 34, 4, 47, 49, 23, 45, 42, 29]
客户端数：20	时间：0.0	客户端：[48, 62, 34, 4, 47, 49, 23, 45, 42, 29, 43, 28, 39, 18, 37, 60, 36, 53, 46, 31]
客户端数：30	时间：0.001994609832763672	客户端：[48, 62, 34, 4, 47, 49, 23, 45, 42, 29, 43, 28, 39, 18, 37, 60, 36, 53, 46, 31, 11, 35, 20, 10, 3, 19, 61, 16, 44, 15]
客户端数：40	时间：0.002991914749145508	客户端：[48, 62, 34, 4, 47, 49, 23, 45, 42, 29, 43, 28, 39, 18, 37, 60, 36, 53, 46, 31, 11, 35, 20, 10, 3, 19, 61, 16, 44, 15, 54, 2, 32, 30, 64, 51, 41, 40, 1, 6]
客户端数：46	时间：0.002991914749145508	客户端：[48, 62, 34, 4, 47, 49, 23, 45, 42, 29, 43, 28, 39, 18, 37, 60, 36, 53, 46, 31, 11, 35, 20, 10, 3, 19, 61, 16, 44, 15, 54, 2, 32, 30, 64, 51, 41, 40, 1, 6, 13, 56, 52, 27, 57, 7]
T3
客户端数：10	时间：7.806971073150635	客户端：[48, 62, 34, 4, 47, 49, 23, 45, 42, 29]
客户端数：20	时间：32.33742094039917	客户端：[48, 62, 34, 4, 47, 49, 23, 45, 42, 29, 43, 28, 39, 18, 37, 60, 36, 53, 46, 31]
客户端数：30	时间：73.56369495391846	客户端：[48, 62, 34, 4, 47, 49, 23, 45, 42, 29, 43, 28, 39, 18, 37, 60, 36, 53, 46, 31, 11, 35, 20, 10, 3, 19, 61, 16, 44, 15]
客户端数：40	时间：132.19074273109436	客户端：[48, 62, 34, 4, 47, 49, 23, 45, 42, 29, 43, 28, 39, 18, 37, 60, 36, 53, 46, 31, 11, 35, 20, 10, 3, 19, 61, 16, 44, 15, 54, 2, 32, 30, 64, 51, 41, 40, 1, 6]
客户端数：46	时间：175.4298861026764	客户端：[48, 62, 34, 4, 47, 49, 23, 45, 42, 29, 43, 28, 39, 18, 37, 60, 36, 53, 46, 31, 11, 35, 20, 10, 3, 19, 61, 16, 44, 15, 54, 2, 32, 30, 64, 51, 41, 40, 1, 6, 13, 56, 52, 27, 57, 7]
BYTE
客户端数：0	字节数：0	客户端：[]
MAE：92756377.44615385
RMSE：92763717.11189356
finished iteration：2023-01-01 00:04:32.947896

Number of rounds 13
T1
客户端数：0	时间：0	客户端：[]
T2
客户端数：10	时间：0.000997304916381836	客户端：[63, 48, 62, 34, 39, 49, 28, 37, 36, 29]
客户端数：20	时间：0.00399017333984375	客户端：[63, 48, 62, 34, 39, 49, 28, 37, 36, 29, 32, 41, 7, 46, 31, 27, 10, 45, 40, 60]
客户端数：30	时间：0.0059850215911865234	客户端：[63, 48, 62, 34, 39, 49, 28, 37, 36, 29, 32, 41, 7, 46, 31, 27, 10, 45, 40, 60, 2, 20, 13, 56, 19, 35, 44, 15, 23, 3]
客户端数：40	时间：0.0059850215911865234	客户端：[63, 48, 62, 34, 39, 49, 28, 37, 36, 29, 32, 41, 7, 46, 31, 27, 10, 45, 40, 60, 2, 20, 13, 56, 19, 35, 44, 15, 23, 3, 52, 6, 18, 57, 16, 4, 11, 42, 47, 64]
客户端数：45	时间：0.0059850215911865234	客户端：[63, 48, 62, 34, 39, 49, 28, 37, 36, 29, 32, 41, 7, 46, 31, 27, 10, 45, 40, 60, 2, 20, 13, 56, 19, 35, 44, 15, 23, 3, 52, 6, 18, 57, 16, 4, 11, 42, 47, 64, 61, 54, 43, 53, 30]
T3
客户端数：10	时间：18.689607620239258	客户端：[63, 48, 62, 34, 39, 49, 28, 37, 36, 29]
客户端数：20	时间：41.47572636604309	客户端：[63, 48, 62, 34, 39, 49, 28, 37, 36, 29, 32, 41, 7, 46, 31, 27, 10, 45, 40, 60]
客户端数：30	时间：80.9406247138977	客户端：[63, 48, 62, 34, 39, 49, 28, 37, 36, 29, 32, 41, 7, 46, 31, 27, 10, 45, 40, 60, 2, 20, 13, 56, 19, 35, 44, 15, 23, 3]
客户端数：40	时间：137.03160619735718	客户端：[63, 48, 62, 34, 39, 49, 28, 37, 36, 29, 32, 41, 7, 46, 31, 27, 10, 45, 40, 60, 2, 20, 13, 56, 19, 35, 44, 15, 23, 3, 52, 6, 18, 57, 16, 4, 11, 42, 47, 64]
客户端数：45	时间：171.26194524765015	客户端：[63, 48, 62, 34, 39, 49, 28, 37, 36, 29, 32, 41, 7, 46, 31, 27, 10, 45, 40, 60, 2, 20, 13, 56, 19, 35, 44, 15, 23, 3, 52, 6, 18, 57, 16, 4, 11, 42, 47, 64, 61, 54, 43, 53, 30]
BYTE
客户端数：0	字节数：0	客户端：[]
MAE：85267918.22564103
RMSE：85790420.31399375
finished iteration：2023-01-01 00:04:55.133557

Number of rounds 14
T1
客户端数：0	时间：0	客户端：[]
T2
客户端数：10	时间：0.0009970664978027344	客户端：[34, 48, 62, 43, 4, 54, 45, 11, 39, 41]
客户端数：20	时间：0.0009970664978027344	客户端：[34, 48, 62, 43, 4, 54, 45, 11, 39, 41, 40, 7, 60, 29, 32, 46, 30, 20, 6, 57]
客户端数：30	时间：0.0009970664978027344	客户端：[34, 48, 62, 43, 4, 54, 45, 11, 39, 41, 40, 7, 60, 29, 32, 46, 30, 20, 6, 57, 28, 35, 61, 49, 56, 53, 19, 18, 3, 64]
客户端数：40	时间：0.0009970664978027344	客户端：[34, 48, 62, 43, 4, 54, 45, 11, 39, 41, 40, 7, 60, 29, 32, 46, 30, 20, 6, 57, 28, 35, 61, 49, 56, 53, 19, 18, 3, 64, 2, 15, 16, 27, 10, 31, 44, 37, 42, 23]
客户端数：43	时间：0.0009970664978027344	客户端：[34, 48, 62, 43, 4, 54, 45, 11, 39, 41, 40, 7, 60, 29, 32, 46, 30, 20, 6, 57, 28, 35, 61, 49, 56, 53, 19, 18, 3, 64, 2, 15, 16, 27, 10, 31, 44, 37, 42, 23, 47, 52, 51]
T3
客户端数：10	时间：7.927129745483398	客户端：[34, 48, 62, 43, 4, 54, 45, 11, 39, 41]
客户端数：20	时间：33.09534239768982	客户端：[34, 48, 62, 43, 4, 54, 45, 11, 39, 41, 40, 7, 60, 29, 32, 46, 30, 20, 6, 57]
客户端数：30	时间：75.72003674507141	客户端：[34, 48, 62, 43, 4, 54, 45, 11, 39, 41, 40, 7, 60, 29, 32, 46, 30, 20, 6, 57, 28, 35, 61, 49, 56, 53, 19, 18, 3, 64]
客户端数：40	时间：135.3075234889984	客户端：[34, 48, 62, 43, 4, 54, 45, 11, 39, 41, 40, 7, 60, 29, 32, 46, 30, 20, 6, 57, 28, 35, 61, 49, 56, 53, 19, 18, 3, 64, 2, 15, 16, 27, 10, 31, 44, 37, 42, 23]
客户端数：43	时间：175.52049589157104	客户端：[34, 48, 62, 43, 4, 54, 45, 11, 39, 41, 40, 7, 60, 29, 32, 46, 30, 20, 6, 57, 28, 35, 61, 49, 56, 53, 19, 18, 3, 64, 2, 15, 16, 27, 10, 31, 44, 37, 42, 23, 47, 52, 51]
BYTE
客户端数：0	字节数：0	客户端：[]
MAE：93415033.3727564
RMSE：94592849.8151786
finished iteration：2023-01-01 00:05:17.501049

Number of rounds 15
T1
客户端数：0	时间：0	客户端：[]
T2
客户端数：10	时间：0.0	客户端：[62, 34, 18, 40, 49, 41, 39, 45, 47, 23]
客户端数：20	时间：0.0	客户端：[62, 34, 18, 40, 49, 41, 39, 45, 47, 23, 37, 48, 54, 29, 32, 60, 28, 53, 46, 30]
客户端数：30	时间：0.0	客户端：[62, 34, 18, 40, 49, 41, 39, 45, 47, 23, 37, 48, 54, 29, 32, 60, 28, 53, 46, 30, 11, 6, 57, 27, 31, 15, 61, 64, 56, 3]
客户端数：40	时间：0.0	客户端：[62, 34, 18, 40, 49, 41, 39, 45, 47, 23, 37, 48, 54, 29, 32, 60, 28, 53, 46, 30, 11, 6, 57, 27, 31, 15, 61, 64, 56, 3, 43, 7, 35, 19, 4, 42, 52, 10, 20, 2]
客户端数：41	时间：0.0	客户端：[62, 34, 18, 40, 49, 41, 39, 45, 47, 23, 37, 48, 54, 29, 32, 60, 28, 53, 46, 30, 11, 6, 57, 27, 31, 15, 61, 64, 56, 3, 43, 7, 35, 19, 4, 42, 52, 10, 20, 2, 44]
T3
客户端数：10	时间：7.430158853530884	客户端：[62, 34, 18, 40, 49, 41, 39, 45, 47, 23]
客户端数：20	时间：31.40976047515869	客户端：[62, 34, 18, 40, 49, 41, 39, 45, 47, 23, 37, 48, 54, 29, 32, 60, 28, 53, 46, 30]
客户端数：30	时间：72.14500689506531	客户端：[62, 34, 18, 40, 49, 41, 39, 45, 47, 23, 37, 48, 54, 29, 32, 60, 28, 53, 46, 30, 11, 6, 57, 27, 31, 15, 61, 64, 56, 3]
客户端数：40	时间：130.72946763038635	客户端：[62, 34, 18, 40, 49, 41, 39, 45, 47, 23, 37, 48, 54, 29, 32, 60, 28, 53, 46, 30, 11, 6, 57, 27, 31, 15, 61, 64, 56, 3, 43, 7, 35, 19, 4, 42, 52, 10, 20, 2]
客户端数：41	时间：137.5132110118866	客户端：[62, 34, 18, 40, 49, 41, 39, 45, 47, 23, 37, 48, 54, 29, 32, 60, 28, 53, 46, 30, 11, 6, 57, 27, 31, 15, 61, 64, 56, 3, 43, 7, 35, 19, 4, 42, 52, 10, 20, 2, 44]
BYTE
客户端数：0	字节数：0	客户端：[]
MAE：94773691.16923077
RMSE：95302778.16800717
finished iteration：2023-01-01 00:05:39.735841

Number of rounds 16
T1
客户端数：0	时间：0	客户端：[]
T2
客户端数：10	时间：0.0	客户端：[48, 62, 4, 40, 49, 18, 54, 45, 23, 29]
客户端数：20	时间：0.0	客户端：[48, 62, 4, 40, 49, 18, 54, 45, 23, 29, 43, 41, 28, 32, 7, 30, 27, 11, 46, 47]
客户端数：30	时间：0.0	客户端：[48, 62, 4, 40, 49, 18, 54, 45, 23, 29, 43, 41, 28, 32, 7, 30, 27, 11, 46, 47, 10, 20, 31, 35, 6, 60, 56, 52, 44, 15]
客户端数：40	时间：0.0	客户端：[48, 62, 4, 40, 49, 18, 54, 45, 23, 29, 43, 41, 28, 32, 7, 30, 27, 11, 46, 47, 10, 20, 31, 35, 6, 60, 56, 52, 44, 15, 61, 53, 39, 64, 34, 3, 57, 19, 2, 42]
客户端数：41	时间：0.0	客户端：[48, 62, 4, 40, 49, 18, 54, 45, 23, 29, 43, 41, 28, 32, 7, 30, 27, 11, 46, 47, 10, 20, 31, 35, 6, 60, 56, 52, 44, 15, 61, 53, 39, 64, 34, 3, 57, 19, 2, 42, 37]
T3
客户端数：10	时间：7.870933771133423	客户端：[48, 62, 4, 40, 49, 18, 54, 45, 23, 29]
客户端数：20	时间：32.32369804382324	客户端：[48, 62, 4, 40, 49, 18, 54, 45, 23, 29, 43, 41, 28, 32, 7, 30, 27, 11, 46, 47]
客户端数：30	时间：73.01974534988403	客户端：[48, 62, 4, 40, 49, 18, 54, 45, 23, 29, 43, 41, 28, 32, 7, 30, 27, 11, 46, 47, 10, 20, 31, 35, 6, 60, 56, 52, 44, 15]
客户端数：40	时间：130.33869981765747	客户端：[48, 62, 4, 40, 49, 18, 54, 45, 23, 29, 43, 41, 28, 32, 7, 30, 27, 11, 46, 47, 10, 20, 31, 35, 6, 60, 56, 52, 44, 15, 61, 53, 39, 64, 34, 3, 57, 19, 2, 42]
客户端数：41	时间：137.02626156806946	客户端：[48, 62, 4, 40, 49, 18, 54, 45, 23, 29, 43, 41, 28, 32, 7, 30, 27, 11, 46, 47, 10, 20, 31, 35, 6, 60, 56, 52, 44, 15, 61, 53, 39, 64, 34, 3, 57, 19, 2, 42, 37]
BYTE
客户端数：0	字节数：0	客户端：[]
MAE：87541227.53846154
RMSE：87555914.6554844
finished iteration：2023-01-01 00:06:02.106085

Number of rounds 17
T1
客户端数：0	时间：0	客户端：[]
T2
客户端数：10	时间：0.000997304916381836	客户端：[62, 18, 64, 41, 54, 45, 29, 11, 47, 37]
客户端数：20	时间：0.000997304916381836	客户端：[62, 18, 64, 41, 54, 45, 29, 11, 47, 37, 30, 34, 20, 28, 60, 32, 2, 6, 15, 31]
客户端数：30	时间：0.000997304916381836	客户端：[62, 18, 64, 41, 54, 45, 29, 11, 47, 37, 30, 34, 20, 28, 60, 32, 2, 6, 15, 31, 10, 19, 27, 48, 46, 56, 42, 53, 57, 43]
客户端数：40	时间：0.000997304916381836	客户端：[62, 18, 64, 41, 54, 45, 29, 11, 47, 37, 30, 34, 20, 28, 60, 32, 2, 6, 15, 31, 10, 19, 27, 48, 46, 56, 42, 53, 57, 43, 61, 39, 49, 23, 7, 35, 3, 40, 4, 44]
T3
客户端数：10	时间：7.992698669433594	客户端：[62, 18, 64, 41, 54, 45, 29, 11, 47, 37]
客户端数：20	时间：32.98214268684387	客户端：[62, 18, 64, 41, 54, 45, 29, 11, 47, 37, 30, 34, 20, 28, 60, 32, 2, 6, 15, 31]
客户端数：30	时间：74.64871072769165	客户端：[62, 18, 64, 41, 54, 45, 29, 11, 47, 37, 30, 34, 20, 28, 60, 32, 2, 6, 15, 31, 10, 19, 27, 48, 46, 56, 42, 53, 57, 43]
客户端数：40	时间：133.60396552085876	客户端：[62, 18, 64, 41, 54, 45, 29, 11, 47, 37, 30, 34, 20, 28, 60, 32, 2, 6, 15, 31, 10, 19, 27, 48, 46, 56, 42, 53, 57, 43, 61, 39, 49, 23, 7, 35, 3, 40, 4, 44]
BYTE
客户端数：0	字节数：0	客户端：[]
MAE：88633146.84102564
RMSE：88941522.20181635
finished iteration：2023-01-01 00:06:24.493944

Number of rounds 18
T1
客户端数：0	时间：0	客户端：[]
T2
客户端数：10	时间：0.0	客户端：[52, 48, 62, 43, 47, 49, 41, 54, 23, 34]
客户端数：20	时间：0.0	客户端：[52, 48, 62, 43, 47, 49, 41, 54, 23, 34, 40, 42, 32, 60, 39, 30, 27, 11, 6, 35]
客户端数：30	时间：0.0009968280792236328	客户端：[52, 48, 62, 43, 47, 49, 41, 54, 23, 34, 40, 42, 32, 60, 39, 30, 27, 11, 6, 35, 15, 7, 4, 45, 19, 31, 61, 56, 57, 46]
客户端数：40	时间：0.0009968280792236328	客户端：[52, 48, 62, 43, 47, 49, 41, 54, 23, 34, 40, 42, 32, 60, 39, 30, 27, 11, 6, 35, 15, 7, 4, 45, 19, 31, 61, 56, 57, 46, 10, 2, 37, 28, 53, 64, 18, 20, 3, 44]
客户端数：41	时间：0.0009968280792236328	客户端：[52, 48, 62, 43, 47, 49, 41, 54, 23, 34, 40, 42, 32, 60, 39, 30, 27, 11, 6, 35, 15, 7, 4, 45, 19, 31, 61, 56, 57, 46, 10, 2, 37, 28, 53, 64, 18, 20, 3, 44, 29]
T3
客户端数：10	时间：12.812902688980103	客户端：[52, 48, 62, 43, 47, 49, 41, 54, 23, 34]
客户端数：20	时间：35.820363998413086	客户端：[52, 48, 62, 43, 47, 49, 41, 54, 23, 34, 40, 42, 32, 60, 39, 30, 27, 11, 6, 35]
客户端数：30	时间：76.02091765403748	客户端：[52, 48, 62, 43, 47, 49, 41, 54, 23, 34, 40, 42, 32, 60, 39, 30, 27, 11, 6, 35, 15, 7, 4, 45, 19, 31, 61, 56, 57, 46]
客户端数：40	时间：133.5620927810669	客户端：[52, 48, 62, 43, 47, 49, 41, 54, 23, 34, 40, 42, 32, 60, 39, 30, 27, 11, 6, 35, 15, 7, 4, 45, 19, 31, 61, 56, 57, 46, 10, 2, 37, 28, 53, 64, 18, 20, 3, 44]
客户端数：41	时间：140.32142615318298	客户端：[52, 48, 62, 43, 47, 49, 41, 54, 23, 34, 40, 42, 32, 60, 39, 30, 27, 11, 6, 35, 15, 7, 4, 45, 19, 31, 61, 56, 57, 46, 10, 2, 37, 28, 53, 64, 18, 20, 3, 44, 29]
BYTE
客户端数：0	字节数：0	客户端：[]
MAE：86211769.6923077
RMSE：86486317.77792802
finished iteration：2023-01-01 00:06:46.671946

Number of rounds 19
T1
客户端数：0	时间：0	客户端：[]
T2
客户端数：10	时间：0.0	客户端：[34, 48, 62, 40, 47, 43, 39, 41, 23, 54]
客户端数：20	时间：0.0	客户端：[34, 48, 62, 40, 47, 43, 39, 41, 23, 54, 11, 37, 29, 28, 49, 60, 45, 53, 32, 42]
客户端数：30	时间：0.0009980201721191406	客户端：[34, 48, 62, 40, 47, 43, 39, 41, 23, 54, 11, 37, 29, 28, 49, 60, 45, 53, 32, 42, 10, 6, 27, 20, 61, 31, 2, 15, 18, 44]
客户端数：39	时间：0.0009980201721191406	客户端：[34, 48, 62, 40, 47, 43, 39, 41, 23, 54, 11, 37, 29, 28, 49, 60, 45, 53, 32, 42, 10, 6, 27, 20, 61, 31, 2, 15, 18, 44, 19, 57, 46, 3, 7, 56, 4, 64, 30]
T3
客户端数：10	时间：7.916509389877319	客户端：[34, 48, 62, 40, 47, 43, 39, 41, 23, 54]
客户端数：20	时间：32.74173378944397	客户端：[34, 48, 62, 40, 47, 43, 39, 41, 23, 54, 11, 37, 29, 28, 49, 60, 45, 53, 32, 42]
客户端数：30	时间：73.99753165245056	客户端：[34, 48, 62, 40, 47, 43, 39, 41, 23, 54, 11, 37, 29, 28, 49, 60, 45, 53, 32, 42, 10, 6, 27, 20, 61, 31, 2, 15, 18, 44]
客户端数：39	时间：125.25010299682617	客户端：[34, 48, 62, 40, 47, 43, 39, 41, 23, 54, 11, 37, 29, 28, 49, 60, 45, 53, 32, 42, 10, 6, 27, 20, 61, 31, 2, 15, 18, 44, 19, 57, 46, 3, 7, 56, 4, 64, 30]
BYTE
客户端数：0	字节数：0	客户端：[]
MAE：95281745.93846154
RMSE：95532292.81306624
finished iteration：2023-01-01 00:07:09.112041

Number of rounds 20
T1
客户端数：0	时间：0	客户端：[]
T2
客户端数：10	时间：0.0009975433349609375	客户端：[35, 48, 40, 18, 49, 41, 45, 54, 28, 47]
客户端数：20	时间：0.0009975433349609375	客户端：[35, 48, 40, 18, 49, 41, 45, 54, 28, 47, 37, 23, 60, 27, 53, 4, 30, 46, 11, 42]
客户端数：30	时间：0.0009975433349609375	客户端：[35, 48, 40, 18, 49, 41, 45, 54, 28, 47, 37, 23, 60, 27, 53, 4, 30, 46, 11, 42, 31, 20, 15, 10, 6, 61, 56, 44, 57, 19]
客户端数：40	时间：0.0009975433349609375	客户端：[35, 48, 40, 18, 49, 41, 45, 54, 28, 47, 37, 23, 60, 27, 53, 4, 30, 46, 11, 42, 31, 20, 15, 10, 6, 61, 56, 44, 57, 19, 34, 43, 7, 2, 62, 39, 64, 29, 32, 3]
T3
客户端数：10	时间：16.916146993637085	客户端：[35, 48, 40, 18, 49, 41, 45, 54, 28, 47]
客户端数：20	时间：39.727076053619385	客户端：[35, 48, 40, 18, 49, 41, 45, 54, 28, 47, 37, 23, 60, 27, 53, 4, 30, 46, 11, 42]
客户端数：30	时间：80.16688346862793	客户端：[35, 48, 40, 18, 49, 41, 45, 54, 28, 47, 37, 23, 60, 27, 53, 4, 30, 46, 11, 42, 31, 20, 15, 10, 6, 61, 56, 44, 57, 19]
客户端数：40	时间：140.1209192276001	客户端：[35, 48, 40, 18, 49, 41, 45, 54, 28, 47, 37, 23, 60, 27, 53, 4, 30, 46, 11, 42, 31, 20, 15, 10, 6, 61, 56, 44, 57, 19, 34, 43, 7, 2, 62, 39, 64, 29, 32, 3]
BYTE
客户端数：0	字节数：0	客户端：[]
MAE：88842539.82564102
RMSE：89217803.52980822
finished iteration：2023-01-01 00:07:31.997820

Number of rounds 21
T1
客户端数：0	时间：0	客户端：[]
T2
客户端数：10	时间：0.0009970664978027344	客户端：[48, 34, 62, 43, 64, 40, 49, 18, 23, 29]
客户端数：20	时间：0.0009970664978027344	客户端：[48, 34, 62, 43, 64, 40, 49, 18, 23, 29, 45, 41, 42, 37, 28, 27, 32, 31, 6, 54]
客户端数：30	时间：0.0009970664978027344	客户端：[48, 34, 62, 43, 64, 40, 49, 18, 23, 29, 45, 41, 42, 37, 28, 27, 32, 31, 6, 54, 53, 15, 2, 30, 56, 3, 44, 19, 57, 60]
客户端数：39	时间：0.0019943714141845703	客户端：[48, 34, 62, 43, 64, 40, 49, 18, 23, 29, 45, 41, 42, 37, 28, 27, 32, 31, 6, 54, 53, 15, 2, 30, 56, 3, 44, 19, 57, 60, 39, 10, 61, 4, 7, 46, 20, 47, 11]
T3
客户端数：10	时间：7.910591125488281	客户端：[48, 34, 62, 43, 64, 40, 49, 18, 23, 29]
客户端数：20	时间：33.199084520339966	客户端：[48, 34, 62, 43, 64, 40, 49, 18, 23, 29, 45, 41, 42, 37, 28, 27, 32, 31, 6, 54]
客户端数：30	时间：76.76280641555786	客户端：[48, 34, 62, 43, 64, 40, 49, 18, 23, 29, 45, 41, 42, 37, 28, 27, 32, 31, 6, 54, 53, 15, 2, 30, 56, 3, 44, 19, 57, 60]
客户端数：39	时间：132.37658977508545	客户端：[48, 34, 62, 43, 64, 40, 49, 18, 23, 29, 45, 41, 42, 37, 28, 27, 32, 31, 6, 54, 53, 15, 2, 30, 56, 3, 44, 19, 57, 60, 39, 10, 61, 4, 7, 46, 20, 47, 11]
BYTE
客户端数：0	字节数：0	客户端：[]
MAE：105565069.87692308
RMSE：105647258.37499677
finished iteration：2023-01-01 00:07:55.037124

Number of rounds 22
T1
客户端数：0	时间：0	客户端：[]
T2
客户端数：10	时间：0.0	客户端：[34, 48, 62, 4, 47, 49, 40, 39, 23, 43]
客户端数：20	时间：0.0	客户端：[34, 48, 62, 4, 47, 49, 40, 39, 23, 43, 42, 37, 64, 28, 60, 27, 7, 32, 6, 10]
客户端数：30	时间：0.0	客户端：[34, 48, 62, 4, 47, 49, 40, 39, 23, 43, 42, 37, 64, 28, 60, 27, 7, 32, 6, 10, 31, 18, 53, 57, 20, 19, 44, 30, 46, 15]
客户端数：38	时间：0.0	客户端：[34, 48, 62, 4, 47, 49, 40, 39, 23, 43, 42, 37, 64, 28, 60, 27, 7, 32, 6, 10, 31, 18, 53, 57, 20, 19, 44, 30, 46, 15, 29, 2, 61, 11, 56, 41, 54, 3]
T3
客户端数：10	时间：8.351736307144165	客户端：[34, 48, 62, 4, 47, 49, 40, 39, 23, 43]
客户端数：20	时间：33.41864728927612	客户端：[34, 48, 62, 4, 47, 49, 40, 39, 23, 43, 42, 37, 64, 28, 60, 27, 7, 32, 6, 10]
客户端数：30	时间：75.17366862297058	客户端：[34, 48, 62, 4, 47, 49, 40, 39, 23, 43, 42, 37, 64, 28, 60, 27, 7, 32, 6, 10, 31, 18, 53, 57, 20, 19, 44, 30, 46, 15]
客户端数：38	时间：120.58309769630432	客户端：[34, 48, 62, 4, 47, 49, 40, 39, 23, 43, 42, 37, 64, 28, 60, 27, 7, 32, 6, 10, 31, 18, 53, 57, 20, 19, 44, 30, 46, 15, 29, 2, 61, 11, 56, 41, 54, 3]
BYTE
客户端数：0	字节数：0	客户端：[]
MAE：100922890.18461539
RMSE：101312019.95436166
finished iteration：2023-01-01 00:08:17.480782

Number of rounds 23
T1
客户端数：0	时间：0	客户端：[]
T2
客户端数：10	时间：0.0	客户端：[48, 34, 64, 43, 40, 47, 49, 41, 54, 23]
客户端数：20	时间：0.0	客户端：[48, 34, 64, 43, 40, 47, 49, 41, 54, 23, 28, 42, 18, 11, 27, 10, 6, 29, 2, 15]
客户端数：30	时间：0.0	客户端：[48, 34, 64, 43, 40, 47, 49, 41, 54, 23, 28, 42, 18, 11, 27, 10, 6, 29, 2, 15, 44, 61, 31, 19, 37, 46, 57, 32, 62, 7]
客户端数：37	时间：0.0	客户端：[48, 34, 64, 43, 40, 47, 49, 41, 54, 23, 28, 42, 18, 11, 27, 10, 6, 29, 2, 15, 44, 61, 31, 19, 37, 46, 57, 32, 62, 7, 3, 39, 20, 30, 56, 53, 60]
T3
客户端数：10	时间：7.924991607666016	客户端：[48, 34, 64, 43, 40, 47, 49, 41, 54, 23]
客户端数：20	时间：32.496283292770386	客户端：[48, 34, 64, 43, 40, 47, 49, 41, 54, 23, 28, 42, 18, 11, 27, 10, 6, 29, 2, 15]
客户端数：30	时间：73.84160590171814	客户端：[48, 34, 64, 43, 40, 47, 49, 41, 54, 23, 28, 42, 18, 11, 27, 10, 6, 29, 2, 15, 44, 61, 31, 19, 37, 46, 57, 32, 62, 7]
客户端数：37	时间：112.57162833213806	客户端：[48, 34, 64, 43, 40, 47, 49, 41, 54, 23, 28, 42, 18, 11, 27, 10, 6, 29, 2, 15, 44, 61, 31, 19, 37, 46, 57, 32, 62, 7, 3, 39, 20, 30, 56, 53, 60]
BYTE
客户端数：0	字节数：0	客户端：[]
MAE：85222544.91282052
RMSE：85350756.4091605
finished iteration：2023-01-01 00:08:39.740438

Number of rounds 24
T1
客户端数：0	时间：0	客户端：[]
T2
客户端数：10	时间：0.0009982585906982422	客户端：[48, 34, 43, 47, 49, 23, 28, 29, 7, 30]
客户端数：20	时间：0.0019958019256591797	客户端：[48, 34, 43, 47, 49, 23, 28, 29, 7, 30, 41, 64, 53, 31, 10, 39, 6, 62, 2, 40]
客户端数：30	时间：0.0019958019256591797	客户端：[48, 34, 43, 47, 49, 23, 28, 29, 7, 30, 41, 64, 53, 31, 10, 39, 6, 62, 2, 40, 61, 44, 19, 56, 32, 54, 15, 27, 37, 57]
客户端数：36	时间：0.0019958019256591797	客户端：[48, 34, 43, 47, 49, 23, 28, 29, 7, 30, 41, 64, 53, 31, 10, 39, 6, 62, 2, 40, 61, 44, 19, 56, 32, 54, 15, 27, 37, 57, 3, 20, 60, 46, 11, 42]
T3
客户端数：10	时间：8.127843141555786	客户端：[48, 34, 43, 47, 49, 23, 28, 29, 7, 30]
客户端数：20	时间：33.55798888206482	客户端：[48, 34, 43, 47, 49, 23, 28, 29, 7, 30, 41, 64, 53, 31, 10, 39, 6, 62, 2, 40]
客户端数：30	时间：77.08012199401855	客户端：[48, 34, 43, 47, 49, 23, 28, 29, 7, 30, 41, 64, 53, 31, 10, 39, 6, 62, 2, 40, 61, 44, 19, 56, 32, 54, 15, 27, 37, 57]
客户端数：36	时间：111.79575824737549	客户端：[48, 34, 43, 47, 49, 23, 28, 29, 7, 30, 41, 64, 53, 31, 10, 39, 6, 62, 2, 40, 61, 44, 19, 56, 32, 54, 15, 27, 37, 57, 3, 20, 60, 46, 11, 42]
BYTE
客户端数：0	字节数：0	客户端：[]
MAE：83617347.90769231
RMSE：83963610.42006116
finished iteration：2023-01-01 00:09:02.492136

Number of rounds 25
T1
客户端数：0	时间：0	客户端：[]
T2
客户端数：10	时间：0.0	客户端：[34, 62, 47, 43, 64, 41, 40, 28, 39, 48]
客户端数：20	时间：0.0	客户端：[34, 62, 47, 43, 64, 41, 40, 28, 39, 48, 11, 27, 46, 53, 7, 10, 37, 6, 2, 15]
客户端数：30	时间：0.0	客户端：[34, 62, 47, 43, 64, 41, 40, 28, 39, 48, 11, 27, 46, 53, 7, 10, 37, 6, 2, 15, 56, 20, 3, 19, 60, 23, 42, 30, 61, 31]
客户端数：36	时间：0.0	客户端：[34, 62, 47, 43, 64, 41, 40, 28, 39, 48, 11, 27, 46, 53, 7, 10, 37, 6, 2, 15, 56, 20, 3, 19, 60, 23, 42, 30, 61, 31, 32, 54, 44, 29, 49, 57]
T3
客户端数：10	时间：8.233283519744873	客户端：[34, 62, 47, 43, 64, 41, 40, 28, 39, 48]
客户端数：20	时间：34.206161975860596	客户端：[34, 62, 47, 43, 64, 41, 40, 28, 39, 48, 11, 27, 46, 53, 7, 10, 37, 6, 2, 15]
客户端数：30	时间：77.83717656135559	客户端：[34, 62, 47, 43, 64, 41, 40, 28, 39, 48, 11, 27, 46, 53, 7, 10, 37, 6, 2, 15, 56, 20, 3, 19, 60, 23, 42, 30, 61, 31]
客户端数：36	时间：112.89306640625	客户端：[34, 62, 47, 43, 64, 41, 40, 28, 39, 48, 11, 27, 46, 53, 7, 10, 37, 6, 2, 15, 56, 20, 3, 19, 60, 23, 42, 30, 61, 31, 32, 54, 44, 29, 49, 57]
BYTE
客户端数：0	字节数：0	客户端：[]
MAE：87298878.8
RMSE：87744848.4741961
finished iteration：2023-01-01 00:09:25.593468

Number of rounds 26
T1
客户端数：0	时间：0	客户端：[]
T2
客户端数：10	时间：0.0	客户端：[48, 34, 62, 47, 64, 43, 11, 23, 28, 7]
客户端数：20	时间：0.0	客户端：[48, 34, 62, 47, 64, 43, 11, 23, 28, 7, 60, 20, 32, 6, 3, 39, 44, 37, 19, 29]
客户端数：30	时间：0.0009968280792236328	客户端：[48, 34, 62, 47, 64, 43, 11, 23, 28, 7, 60, 20, 32, 6, 3, 39, 44, 37, 19, 29, 56, 46, 61, 15, 30, 10, 42, 31, 57, 49]
客户端数：36	时间：0.0009968280792236328	客户端：[48, 34, 62, 47, 64, 43, 11, 23, 28, 7, 60, 20, 32, 6, 3, 39, 44, 37, 19, 29, 56, 46, 61, 15, 30, 10, 42, 31, 57, 49, 41, 53, 40, 54, 2, 27]
T3
客户端数：10	时间：8.393558502197266	客户端：[48, 34, 62, 47, 64, 43, 11, 23, 28, 7]
客户端数：20	时间：34.23961663246155	客户端：[48, 34, 62, 47, 64, 43, 11, 23, 28, 7, 60, 20, 32, 6, 3, 39, 44, 37, 19, 29]
客户端数：30	时间：77.21069383621216	客户端：[48, 34, 62, 47, 64, 43, 11, 23, 28, 7, 60, 20, 32, 6, 3, 39, 44, 37, 19, 29, 56, 46, 61, 15, 30, 10, 42, 31, 57, 49]
客户端数：36	时间：111.45837569236755	客户端：[48, 34, 62, 47, 64, 43, 11, 23, 28, 7, 60, 20, 32, 6, 3, 39, 44, 37, 19, 29, 56, 46, 61, 15, 30, 10, 42, 31, 57, 49, 41, 53, 40, 54, 2, 27]
BYTE
客户端数：0	字节数：0	客户端：[]
MAE：88926498.47179487
RMSE：89010838.4370156
finished iteration：2023-01-01 00:09:48.670922

Number of rounds 27
T1
客户端数：0	时间：0	客户端：[]
T2
客户端数：10	时间：0.0	客户端：[48, 43, 49, 54, 42, 23, 39, 28, 41, 47]
客户端数：20	时间：0.0	客户端：[48, 43, 49, 54, 42, 23, 39, 28, 41, 47, 32, 7, 37, 46, 64, 31, 27, 3, 10, 60]
客户端数：30	时间：0.0	客户端：[48, 43, 49, 54, 42, 23, 39, 28, 41, 47, 32, 7, 37, 46, 64, 31, 27, 3, 10, 60, 61, 2, 44, 19, 15, 29, 57, 53, 6, 34]
客户端数：36	时间：0.0	客户端：[48, 43, 49, 54, 42, 23, 39, 28, 41, 47, 32, 7, 37, 46, 64, 31, 27, 3, 10, 60, 61, 2, 44, 19, 15, 29, 57, 53, 6, 34, 62, 40, 30, 56, 20, 11]
T3
客户端数：10	时间：8.351366758346558	客户端：[48, 43, 49, 54, 42, 23, 39, 28, 41, 47]
客户端数：20	时间：35.22787666320801	客户端：[48, 43, 49, 54, 42, 23, 39, 28, 41, 47, 32, 7, 37, 46, 64, 31, 27, 3, 10, 60]
客户端数：30	时间：80.28498268127441	客户端：[48, 43, 49, 54, 42, 23, 39, 28, 41, 47, 32, 7, 37, 46, 64, 31, 27, 3, 10, 60, 61, 2, 44, 19, 15, 29, 57, 53, 6, 34]
客户端数：36	时间：116.00401473045349	客户端：[48, 43, 49, 54, 42, 23, 39, 28, 41, 47, 32, 7, 37, 46, 64, 31, 27, 3, 10, 60, 61, 2, 44, 19, 15, 29, 57, 53, 6, 34, 62, 40, 30, 56, 20, 11]
BYTE
客户端数：0	字节数：0	客户端：[]
MAE：85921811.21025641
RMSE：86227688.29362929
finished iteration：2023-01-01 00:10:13.480588

Number of rounds 28
T1
客户端数：0	时间：0	客户端：[]
T2
客户端数：10	时间：0.0	客户端：[48, 34, 40, 49, 41, 62, 54, 11, 39, 23]
客户端数：20	时间：0.0009975433349609375	客户端：[48, 34, 40, 49, 41, 62, 54, 11, 39, 23, 28, 42, 29, 37, 64, 27, 43, 20, 60, 47]
客户端数：30	时间：0.0029931068420410156	客户端：[48, 34, 40, 49, 41, 62, 54, 11, 39, 23, 28, 42, 29, 37, 64, 27, 43, 20, 60, 47, 61, 2, 56, 57, 44, 6, 15, 32, 46, 30]
客户端数：36	时间：0.0029931068420410156	客户端：[48, 34, 40, 49, 41, 62, 54, 11, 39, 23, 28, 42, 29, 37, 64, 27, 43, 20, 60, 47, 61, 2, 56, 57, 44, 6, 15, 32, 46, 30, 31, 53, 3, 19, 10, 7]
T3
客户端数：10	时间：8.300022840499878	客户端：[48, 34, 40, 49, 41, 62, 54, 11, 39, 23]
客户端数：20	时间：34.65641808509827	客户端：[48, 34, 40, 49, 41, 62, 54, 11, 39, 23, 28, 42, 29, 37, 64, 27, 43, 20, 60, 47]
客户端数：30	时间：78.7446870803833	客户端：[48, 34, 40, 49, 41, 62, 54, 11, 39, 23, 28, 42, 29, 37, 64, 27, 43, 20, 60, 47, 61, 2, 56, 57, 44, 6, 15, 32, 46, 30]
客户端数：36	时间：113.92349171638489	客户端：[48, 34, 40, 49, 41, 62, 54, 11, 39, 23, 28, 42, 29, 37, 64, 27, 43, 20, 60, 47, 61, 2, 56, 57, 44, 6, 15, 32, 46, 30, 31, 53, 3, 19, 10, 7]
BYTE
客户端数：0	字节数：0	客户端：[]
MAE：99150271.8051282
RMSE：99260716.283344
finished iteration：2023-01-01 00:10:36.711846

Number of rounds 29
T1
客户端数：0	时间：0	客户端：[]
T2
客户端数：10	时间：0.0	客户端：[34, 62, 40, 49, 54, 64, 23, 39, 42, 41]
客户端数：20	时间：0.0	客户端：[34, 62, 40, 49, 54, 64, 23, 39, 42, 41, 28, 32, 27, 46, 60, 43, 53, 20, 61, 29]
客户端数：30	时间：0.0	客户端：[34, 62, 40, 49, 54, 64, 23, 39, 42, 41, 28, 32, 27, 46, 60, 43, 53, 20, 61, 29, 56, 7, 6, 44, 2, 10, 11, 57, 15, 30]
客户端数：36	时间：0.0	客户端：[34, 62, 40, 49, 54, 64, 23, 39, 42, 41, 28, 32, 27, 46, 60, 43, 53, 20, 61, 29, 56, 7, 6, 44, 2, 10, 11, 57, 15, 30, 19, 37, 47, 48, 31, 3]
T3
客户端数：10	时间：8.21168303489685	客户端：[34, 62, 40, 49, 54, 64, 23, 39, 42, 41]
客户端数：20	时间：34.608004331588745	客户端：[34, 62, 40, 49, 54, 64, 23, 39, 42, 41, 28, 32, 27, 46, 60, 43, 53, 20, 61, 29]
客户端数：30	时间：78.4156985282898	客户端：[34, 62, 40, 49, 54, 64, 23, 39, 42, 41, 28, 32, 27, 46, 60, 43, 53, 20, 61, 29, 56, 7, 6, 44, 2, 10, 11, 57, 15, 30]
客户端数：36	时间：113.28554344177246	客户端：[34, 62, 40, 49, 54, 64, 23, 39, 42, 41, 28, 32, 27, 46, 60, 43, 53, 20, 61, 29, 56, 7, 6, 44, 2, 10, 11, 57, 15, 30, 19, 37, 47, 48, 31, 3]
BYTE
客户端数：0	字节数：0	客户端：[]
MAE：97568070.20512821
RMSE：98479486.26789014
finished iteration：2023-01-01 00:10:59.771473

Number of rounds 30
T1
客户端数：0	时间：0	客户端：[]
T2
客户端数：10	时间：0.000997781753540039	客户端：[48, 62, 64, 40, 47, 43, 54, 29, 11, 42]
客户端数：20	时间：0.0029921531677246094	客户端：[48, 62, 64, 40, 47, 43, 54, 29, 11, 42, 37, 28, 41, 32, 23, 7, 53, 46, 31, 61]
客户端数：30	时间：0.003043651580810547	客户端：[48, 62, 64, 40, 47, 43, 54, 29, 11, 42, 37, 28, 41, 32, 23, 7, 53, 46, 31, 61, 56, 15, 44, 6, 19, 39, 30, 3, 2, 27]
客户端数：36	时间：0.003043651580810547	客户端：[48, 62, 64, 40, 47, 43, 54, 29, 11, 42, 37, 28, 41, 32, 23, 7, 53, 46, 31, 61, 56, 15, 44, 6, 19, 39, 30, 3, 2, 27, 10, 20, 60, 49, 34, 57]
T3
客户端数：10	时间：9.461118221282959	客户端：[48, 62, 64, 40, 47, 43, 54, 29, 11, 42]
客户端数：20	时间：38.16364002227783	客户端：[48, 62, 64, 40, 47, 43, 54, 29, 11, 42, 37, 28, 41, 32, 23, 7, 53, 46, 31, 61]
客户端数：30	时间：83.0748040676117	客户端：[48, 62, 64, 40, 47, 43, 54, 29, 11, 42, 37, 28, 41, 32, 23, 7, 53, 46, 31, 61, 56, 15, 44, 6, 19, 39, 30, 3, 2, 27]
客户端数：36	时间：118.05733847618103	客户端：[48, 62, 64, 40, 47, 43, 54, 29, 11, 42, 37, 28, 41, 32, 23, 7, 53, 46, 31, 61, 56, 15, 44, 6, 19, 39, 30, 3, 2, 27, 10, 20, 60, 49, 34, 57]
BYTE
客户端数：0	字节数：0	客户端：[]
MAE：105953289.40512821
RMSE：106079219.0100472
finished iteration：2023-01-01 00:11:22.648077

Number of rounds 31
T1
客户端数：0	时间：0	客户端：[]
T2
客户端数：10	时间：0.0	客户端：[48, 34, 40, 62, 47, 64, 11, 43, 29, 42]
客户端数：20	时间：0.0009982585906982422	客户端：[48, 34, 40, 62, 47, 64, 11, 43, 29, 42, 54, 32, 39, 28, 46, 53, 41, 20, 6, 10]
客户端数：30	时间：0.0009982585906982422	客户端：[48, 34, 40, 62, 47, 64, 11, 43, 29, 42, 54, 32, 39, 28, 46, 53, 41, 20, 6, 10, 30, 7, 61, 2, 57, 3, 60, 19, 15, 49]
客户端数：36	时间：0.0009982585906982422	客户端：[48, 34, 40, 62, 47, 64, 11, 43, 29, 42, 54, 32, 39, 28, 46, 53, 41, 20, 6, 10, 30, 7, 61, 2, 57, 3, 60, 19, 15, 49, 31, 37, 27, 44, 56, 23]
T3
客户端数：10	时间：7.675356149673462	客户端：[48, 34, 40, 62, 47, 64, 11, 43, 29, 42]
客户端数：20	时间：32.3538875579834	客户端：[48, 34, 40, 62, 47, 64, 11, 43, 29, 42, 54, 32, 39, 28, 46, 53, 41, 20, 6, 10]
客户端数：30	时间：74.6760766506195	客户端：[48, 34, 40, 62, 47, 64, 11, 43, 29, 42, 54, 32, 39, 28, 46, 53, 41, 20, 6, 10, 30, 7, 61, 2, 57, 3, 60, 19, 15, 49]
客户端数：36	时间：108.21802854537964	客户端：[48, 34, 40, 62, 47, 64, 11, 43, 29, 42, 54, 32, 39, 28, 46, 53, 41, 20, 6, 10, 30, 7, 61, 2, 57, 3, 60, 19, 15, 49, 31, 37, 27, 44, 56, 23]
BYTE
客户端数：0	字节数：0	客户端：[]
MAE：14676136.184575321
RMSE：26964443.961006254
finished iteration：2023-01-01 00:11:45.376199

Number of rounds 32
T1
客户端数：0	时间：0	客户端：[]
T2
客户端数：10	时间：0.0	客户端：[34, 43, 64, 49, 39, 54, 23, 11, 42, 28]
客户端数：20	时间：0.0009975433349609375	客户端：[34, 43, 64, 49, 39, 54, 23, 11, 42, 28, 37, 29, 32, 30, 20, 53, 61, 56, 6, 2]
客户端数：30	时间：0.0009975433349609375	客户端：[34, 43, 64, 49, 39, 54, 23, 11, 42, 28, 37, 29, 32, 30, 20, 53, 61, 56, 6, 2, 19, 31, 57, 46, 15, 41, 60, 3, 47, 62]
客户端数：36	时间：0.0009975433349609375	客户端：[34, 43, 64, 49, 39, 54, 23, 11, 42, 28, 37, 29, 32, 30, 20, 53, 61, 56, 6, 2, 19, 31, 57, 46, 15, 41, 60, 3, 47, 62, 40, 44, 27, 7, 48, 10]
T3
客户端数：10	时间：7.522815465927124	客户端：[34, 43, 64, 49, 39, 54, 23, 11, 42, 28]
客户端数：20	时间：31.504805326461792	客户端：[34, 43, 64, 49, 39, 54, 23, 11, 42, 28, 37, 29, 32, 30, 20, 53, 61, 56, 6, 2]
客户端数：30	时间：72.02288341522217	客户端：[34, 43, 64, 49, 39, 54, 23, 11, 42, 28, 37, 29, 32, 30, 20, 53, 61, 56, 6, 2, 19, 31, 57, 46, 15, 41, 60, 3, 47, 62]
客户端数：36	时间：104.42504215240479	客户端：[34, 43, 64, 49, 39, 54, 23, 11, 42, 28, 37, 29, 32, 30, 20, 53, 61, 56, 6, 2, 19, 31, 57, 46, 15, 41, 60, 3, 47, 62, 40, 44, 27, 7, 48, 10]
BYTE
客户端数：0	字节数：0	客户端：[]
MAE：22039466.48974359
RMSE：31540506.152777575
finished iteration：2023-01-01 00:12:08.161136

Number of rounds 33
T1
客户端数：0	时间：0	客户端：[]
T2
客户端数：10	时间：0.0	客户端：[48, 34, 64, 47, 41, 39, 29, 11, 32, 27]
客户端数：20	时间：0.0	客户端：[48, 34, 64, 47, 41, 39, 29, 11, 32, 27, 53, 46, 57, 10, 60, 49, 6, 19, 15, 61]
客户端数：30	时间：0.002039194107055664	客户端：[48, 34, 64, 47, 41, 39, 29, 11, 32, 27, 53, 46, 57, 10, 60, 49, 6, 19, 15, 61, 30, 2, 42, 28, 31, 43, 56, 23, 7, 37]
客户端数：35	时间：0.002039194107055664	客户端：[48, 34, 64, 47, 41, 39, 29, 11, 32, 27, 53, 46, 57, 10, 60, 49, 6, 19, 15, 61, 30, 2, 42, 28, 31, 43, 56, 23, 7, 37, 62, 40, 3, 54, 20]
T3
客户端数：10	时间：9.217725276947021	客户端：[48, 34, 64, 47, 41, 39, 29, 11, 32, 27]
客户端数：20	时间：36.12206816673279	客户端：[48, 34, 64, 47, 41, 39, 29, 11, 32, 27, 53, 46, 57, 10, 60, 49, 6, 19, 15, 61]
客户端数：30	时间：80.76818299293518	客户端：[48, 34, 64, 47, 41, 39, 29, 11, 32, 27, 53, 46, 57, 10, 60, 49, 6, 19, 15, 61, 30, 2, 42, 28, 31, 43, 56, 23, 7, 37]
客户端数：35	时间：109.67140769958496	客户端：[48, 34, 64, 47, 41, 39, 29, 11, 32, 27, 53, 46, 57, 10, 60, 49, 6, 19, 15, 61, 30, 2, 42, 28, 31, 43, 56, 23, 7, 37, 62, 40, 3, 54, 20]
BYTE
客户端数：0	字节数：0	客户端：[]
MAE：23957218.487179488
RMSE：34654608.58142093
finished iteration：2023-01-01 00:12:30.692841

Number of rounds 34
T1
客户端数：0	时间：0	客户端：[]
T2
客户端数：10	时间：0.000997781753540039	客户端：[48, 62, 64, 47, 43, 54, 40, 29, 11, 49]
客户端数：20	时间：0.000997781753540039	客户端：[48, 62, 64, 47, 43, 54, 40, 29, 11, 49, 37, 39, 32, 41, 31, 28, 53, 10, 7, 60]
客户端数：30	时间：0.000997781753540039	客户端：[48, 62, 64, 47, 43, 54, 40, 29, 11, 49, 37, 39, 32, 41, 31, 28, 53, 10, 7, 60, 23, 2, 57, 15, 34, 61, 6, 27, 30, 19]
客户端数：35	时间：0.000997781753540039	客户端：[48, 62, 64, 47, 43, 54, 40, 29, 11, 49, 37, 39, 32, 41, 31, 28, 53, 10, 7, 60, 23, 2, 57, 15, 34, 61, 6, 27, 30, 19, 56, 20, 42, 3, 46]
T3
客户端数：10	时间：7.656873941421509	客户端：[48, 62, 64, 47, 43, 54, 40, 29, 11, 49]
客户端数：20	时间：32.32530689239502	客户端：[48, 62, 64, 47, 43, 54, 40, 29, 11, 49, 37, 39, 32, 41, 31, 28, 53, 10, 7, 60]
客户端数：30	时间：76.32080507278442	客户端：[48, 62, 64, 47, 43, 54, 40, 29, 11, 49, 37, 39, 32, 41, 31, 28, 53, 10, 7, 60, 23, 2, 57, 15, 34, 61, 6, 27, 30, 19]
客户端数：35	时间：105.53514194488525	客户端：[48, 62, 64, 47, 43, 54, 40, 29, 11, 49, 37, 39, 32, 41, 31, 28, 53, 10, 7, 60, 23, 2, 57, 15, 34, 61, 6, 27, 30, 19, 56, 20, 42, 3, 46]
BYTE
客户端数：0	字节数：0	客户端：[]
MAE：21257216.317948718
RMSE：29906240.956503272
finished iteration：2023-01-01 00:12:53.229026

Number of rounds 35
T1
客户端数：0	时间：0	客户端：[]
T2
客户端数：10	时间：0.0	客户端：[48, 34, 40, 49, 54, 23, 41, 62, 11, 39]
客户端数：20	时间：0.0	客户端：[48, 34, 40, 49, 54, 23, 41, 62, 11, 39, 32, 7, 29, 27, 53, 31, 47, 6, 3, 20]
客户端数：30	时间：0.0	客户端：[48, 34, 40, 49, 54, 23, 41, 62, 11, 39, 32, 7, 29, 27, 53, 31, 47, 6, 3, 20, 19, 28, 15, 42, 60, 46, 30, 2, 64, 56]
客户端数：34	时间：0.0	客户端：[48, 34, 40, 49, 54, 23, 41, 62, 11, 39, 32, 7, 29, 27, 53, 31, 47, 6, 3, 20, 19, 28, 15, 42, 60, 46, 30, 2, 64, 56, 57, 61, 43, 37]
T3
客户端数：10	时间：7.767892122268677	客户端：[48, 34, 40, 49, 54, 23, 41, 62, 11, 39]
客户端数：20	时间：32.76674151420593	客户端：[48, 34, 40, 49, 54, 23, 41, 62, 11, 39, 32, 7, 29, 27, 53, 31, 47, 6, 3, 20]
客户端数：30	时间：75.18453049659729	客户端：[48, 34, 40, 49, 54, 23, 41, 62, 11, 39, 32, 7, 29, 27, 53, 31, 47, 6, 3, 20, 19, 28, 15, 42, 60, 46, 30, 2, 64, 56]
客户端数：34	时间：96.87205600738525	客户端：[48, 34, 40, 49, 54, 23, 41, 62, 11, 39, 32, 7, 29, 27, 53, 31, 47, 6, 3, 20, 19, 28, 15, 42, 60, 46, 30, 2, 64, 56, 57, 61, 43, 37]
BYTE
客户端数：0	字节数：0	客户端：[]
MAE：22900327.77179487
RMSE：34402616.559269994
finished iteration：2023-01-01 00:13:15.721583

Number of rounds 36
T1
客户端数：0	时间：0	客户端：[]
T2
客户端数：10	时间：0.0	客户端：[48, 47, 64, 40, 49, 62, 41, 11, 23, 29]
客户端数：20	时间：0.0009970664978027344	客户端：[48, 47, 64, 40, 49, 62, 41, 11, 23, 29, 42, 43, 32, 53, 46, 57, 15, 56, 60, 30]
客户端数：30	时间：0.0009970664978027344	客户端：[48, 47, 64, 40, 49, 62, 41, 11, 23, 29, 42, 43, 32, 53, 46, 57, 15, 56, 60, 30, 61, 19, 2, 20, 6, 54, 37, 7, 34, 31]
客户端数：34	时间：0.0019953250885009766	客户端：[48, 47, 64, 40, 49, 62, 41, 11, 23, 29, 42, 43, 32, 53, 46, 57, 15, 56, 60, 30, 61, 19, 2, 20, 6, 54, 37, 7, 34, 31, 39, 27, 10, 28]
T3
客户端数：10	时间：7.606468677520752	客户端：[48, 47, 64, 40, 49, 62, 41, 11, 23, 29]
客户端数：20	时间：32.00540781021118	客户端：[48, 47, 64, 40, 49, 62, 41, 11, 23, 29, 42, 43, 32, 53, 46, 57, 15, 56, 60, 30]
客户端数：30	时间：73.30494832992554	客户端：[48, 47, 64, 40, 49, 62, 41, 11, 23, 29, 42, 43, 32, 53, 46, 57, 15, 56, 60, 30, 61, 19, 2, 20, 6, 54, 37, 7, 34, 31]
客户端数：34	时间：111.5569236278534	客户端：[48, 47, 64, 40, 49, 62, 41, 11, 23, 29, 42, 43, 32, 53, 46, 57, 15, 56, 60, 30, 61, 19, 2, 20, 6, 54, 37, 7, 34, 31, 39, 27, 10, 28]
BYTE
客户端数：0	字节数：0	客户端：[]
MAE：21479398.69158153
RMSE：27914604.996316914
finished iteration：2023-01-01 00:13:38.472256

Number of rounds 37
T1
客户端数：0	时间：0	客户端：[]
T2
客户端数：10	时间：0.0011434555053710938	客户端：[34, 48, 40, 47, 54, 41, 29, 64, 32, 30]
客户端数：20	时间：0.002140522003173828	客户端：[34, 48, 40, 47, 54, 41, 29, 64, 32, 30, 37, 31, 60, 42, 20, 53, 46, 6, 49, 61]
客户端数：30	时间：0.002140522003173828	客户端：[34, 48, 40, 47, 54, 41, 29, 64, 32, 30, 37, 31, 60, 42, 20, 53, 46, 6, 49, 61, 2, 62, 19, 7, 43, 56, 23, 39, 11, 28]
客户端数：34	时间：0.002140522003173828	客户端：[34, 48, 40, 47, 54, 41, 29, 64, 32, 30, 37, 31, 60, 42, 20, 53, 46, 6, 49, 61, 2, 62, 19, 7, 43, 56, 23, 39, 11, 28, 57, 15, 27, 3]
T3
客户端数：10	时间：8.055322885513306	客户端：[34, 48, 40, 47, 54, 41, 29, 64, 32, 30]
客户端数：20	时间：33.37791037559509	客户端：[34, 48, 40, 47, 54, 41, 29, 64, 32, 30, 37, 31, 60, 42, 20, 53, 46, 6, 49, 61]
客户端数：30	时间：75.86317491531372	客户端：[34, 48, 40, 47, 54, 41, 29, 64, 32, 30, 37, 31, 60, 42, 20, 53, 46, 6, 49, 61, 2, 62, 19, 7, 43, 56, 23, 39, 11, 28]
客户端数：34	时间：114.26226139068604	客户端：[34, 48, 40, 47, 54, 41, 29, 64, 32, 30, 37, 31, 60, 42, 20, 53, 46, 6, 49, 61, 2, 62, 19, 7, 43, 56, 23, 39, 11, 28, 57, 15, 27, 3]
BYTE
客户端数：0	字节数：0	客户端：[]
MAE：23237012.253665864
RMSE：30114306.724345353
finished iteration：2023-01-01 00:14:00.927866

Number of rounds 38
T1
客户端数：0	时间：0	客户端：[]
T2
客户端数：10	时间：0.0	客户端：[34, 48, 64, 47, 41, 23, 11, 29, 42, 28]
客户端数：20	时间：0.0009968280792236328	客户端：[34, 48, 64, 47, 41, 23, 11, 29, 42, 28, 7, 32, 30, 46, 31, 57, 6, 19, 62, 49]
客户端数：30	时间：0.0019941329956054688	客户端：[34, 48, 64, 47, 41, 23, 11, 29, 42, 28, 7, 32, 30, 46, 31, 57, 6, 19, 62, 49, 61, 2, 27, 39, 20, 60, 53, 40, 43, 54]
客户端数：32	时间：0.0019941329956054688	客户端：[34, 48, 64, 47, 41, 23, 11, 29, 42, 28, 7, 32, 30, 46, 31, 57, 6, 19, 62, 49, 61, 2, 27, 39, 20, 60, 53, 40, 43, 54, 15, 37]
T3
客户端数：10	时间：8.043742895126343	客户端：[34, 48, 64, 47, 41, 23, 11, 29, 42, 28]
客户端数：20	时间：33.402772426605225	客户端：[34, 48, 64, 47, 41, 23, 11, 29, 42, 28, 7, 32, 30, 46, 31, 57, 6, 19, 62, 49]
客户端数：30	时间：77.99411487579346	客户端：[34, 48, 64, 47, 41, 23, 11, 29, 42, 28, 7, 32, 30, 46, 31, 57, 6, 19, 62, 49, 61, 2, 27, 39, 20, 60, 53, 40, 43, 54]
客户端数：32	时间：89.25753545761108	客户端：[34, 48, 64, 47, 41, 23, 11, 29, 42, 28, 7, 32, 30, 46, 31, 57, 6, 19, 62, 49, 61, 2, 27, 39, 20, 60, 53, 40, 43, 54, 15, 37]
BYTE
客户端数：0	字节数：0	客户端：[]
MAE：21488946.599809695
RMSE：28444440.722043604
finished iteration：2023-01-01 00:14:23.488797

Number of rounds 39
T1
客户端数：0	时间：0	客户端：[]
T2
客户端数：10	时间：0.000997304916381836	客户端：[48, 34, 62, 64, 40, 11, 23, 29, 54, 42]
客户端数：20	时间：0.000997304916381836	客户端：[48, 34, 62, 64, 40, 11, 23, 29, 54, 42, 39, 41, 27, 7, 20, 61, 37, 28, 2, 15]
客户端数：30	时间：0.0019948482513427734	客户端：[48, 34, 62, 64, 40, 11, 23, 29, 54, 42, 39, 41, 27, 7, 20, 61, 37, 28, 2, 15, 6, 19, 57, 30, 31, 32, 43, 53, 46, 47]
客户端数：32	时间：0.0019948482513427734	客户端：[48, 34, 62, 64, 40, 11, 23, 29, 54, 42, 39, 41, 27, 7, 20, 61, 37, 28, 2, 15, 6, 19, 57, 30, 31, 32, 43, 53, 46, 47, 56, 60]
T3
客户端数：10	时间：7.667894124984741	客户端：[48, 34, 62, 64, 40, 11, 23, 29, 54, 42]
客户端数：20	时间：33.8055624961853	客户端：[48, 34, 62, 64, 40, 11, 23, 29, 54, 42, 39, 41, 27, 7, 20, 61, 37, 28, 2, 15]
客户端数：30	时间：77.63102388381958	客户端：[48, 34, 62, 64, 40, 11, 23, 29, 54, 42, 39, 41, 27, 7, 20, 61, 37, 28, 2, 15, 6, 19, 57, 30, 31, 32, 43, 53, 46, 47]
客户端数：32	时间：105.45946002006531	客户端：[48, 34, 62, 64, 40, 11, 23, 29, 54, 42, 39, 41, 27, 7, 20, 61, 37, 28, 2, 15, 6, 19, 57, 30, 31, 32, 43, 53, 46, 47, 56, 60]
BYTE
客户端数：0	字节数：0	客户端：[]
MAE：23589508.535797276
RMSE：30898013.030833762
finished iteration：2023-01-01 00:14:46.157144

Number of rounds 40
T1
客户端数：0	时间：0	客户端：[]
T2
客户端数：10	时间：0.0	客户端：[48, 43, 47, 64, 34, 62, 54, 28, 23, 29]
客户端数：20	时间：0.000997304916381836	客户端：[48, 43, 47, 64, 34, 62, 54, 28, 23, 29, 41, 11, 42, 27, 30, 53, 46, 31, 37, 6]
客户端数：30	时间：0.000997304916381836	客户端：[48, 43, 47, 64, 34, 62, 54, 28, 23, 29, 41, 11, 42, 27, 30, 53, 46, 31, 37, 6, 61, 7, 2, 19, 39, 20, 57, 60, 40, 32]
客户端数：31	时间：0.000997304916381836	客户端：[48, 43, 47, 64, 34, 62, 54, 28, 23, 29, 41, 11, 42, 27, 30, 53, 46, 31, 37, 6, 61, 7, 2, 19, 39, 20, 57, 60, 40, 32, 15]
T3
客户端数：10	时间：0.14740943908691406	客户端：[48, 43, 47, 64, 34, 62, 54, 28, 23, 29]
客户端数：20	时间：0.3167581558227539	客户端：[48, 43, 47, 64, 34, 62, 54, 28, 23, 29, 41, 11, 42, 27, 30, 53, 46, 31, 37, 6]
客户端数：30	时间：0.5080466270446777	客户端：[48, 43, 47, 64, 34, 62, 54, 28, 23, 29, 41, 11, 42, 27, 30, 53, 46, 31, 37, 6, 61, 7, 2, 19, 39, 20, 57, 60, 40, 32]
客户端数：31	时间：0.5284721851348877	客户端：[48, 43, 47, 64, 34, 62, 54, 28, 23, 29, 41, 11, 42, 27, 30, 53, 46, 31, 37, 6, 61, 7, 2, 19, 39, 20, 57, 60, 40, 32, 15]
BYTE
客户端数：0	字节数：0	客户端：[]
MAE：22395902.927564103
RMSE：28930103.751355566
finished iteration：2023-01-01 00:15:09.095655

