Number of rounds 1
T1
客户端数：0	时间：0	客户端：[]
T2
客户端数：10	时间：0.000997304916381836	客户端：[2, 44, 30, 40, 21, 33, 34, 39, 59, 13]
客户端数：20	时间：0.0019958019256591797	客户端：[2, 44, 30, 40, 21, 33, 34, 39, 59, 13, 45, 22, 28, 54, 64, 11, 9, 48, 62, 53]
客户端数：30	时间：0.0029942989349365234	客户端：[2, 44, 30, 40, 21, 33, 34, 39, 59, 13, 45, 22, 28, 54, 64, 11, 9, 48, 62, 53, 19, 51, 55, 12, 61, 29, 10, 32, 52, 18]
客户端数：40	时间：0.0059278011322021484	客户端：[2, 44, 30, 40, 21, 33, 34, 39, 59, 13, 45, 22, 28, 54, 64, 11, 9, 48, 62, 53, 19, 51, 55, 12, 61, 29, 10, 32, 52, 18, 31, 14, 25, 23, 60, 4, 36, 43, 1, 38]
客户端数：50	时间：0.009889602661132812	客户端：[2, 44, 30, 40, 21, 33, 34, 39, 59, 13, 45, 22, 28, 54, 64, 11, 9, 48, 62, 53, 19, 51, 55, 12, 61, 29, 10, 32, 52, 18, 31, 14, 25, 23, 60, 4, 36, 43, 1, 38, 63, 35, 57, 8, 26, 15, 46, 37, 56, 41]
客户端数：57	时间：0.009889602661132812	客户端：[2, 44, 30, 40, 21, 33, 34, 39, 59, 13, 45, 22, 28, 54, 64, 11, 9, 48, 62, 53, 19, 51, 55, 12, 61, 29, 10, 32, 52, 18, 31, 14, 25, 23, 60, 4, 36, 43, 1, 38, 63, 35, 57, 8, 26, 15, 46, 37, 56, 41, 5, 49, 47, 17, 58, 3, 24]
T3
客户端数：10	时间：10.289912223815918	客户端：[2, 44, 30, 40, 21, 33, 34, 39, 59, 13]
客户端数：20	时间：42.42565560340881	客户端：[2, 44, 30, 40, 21, 33, 34, 39, 59, 13, 45, 22, 28, 54, 64, 11, 9, 48, 62, 53]
客户端数：30	时间：96.36112332344055	客户端：[2, 44, 30, 40, 21, 33, 34, 39, 59, 13, 45, 22, 28, 54, 64, 11, 9, 48, 62, 53, 19, 51, 55, 12, 61, 29, 10, 32, 52, 18]
客户端数：40	时间：171.2991623878479	客户端：[2, 44, 30, 40, 21, 33, 34, 39, 59, 13, 45, 22, 28, 54, 64, 11, 9, 48, 62, 53, 19, 51, 55, 12, 61, 29, 10, 32, 52, 18, 31, 14, 25, 23, 60, 4, 36, 43, 1, 38]
客户端数：50	时间：268.00487327575684	客户端：[2, 44, 30, 40, 21, 33, 34, 39, 59, 13, 45, 22, 28, 54, 64, 11, 9, 48, 62, 53, 19, 51, 55, 12, 61, 29, 10, 32, 52, 18, 31, 14, 25, 23, 60, 4, 36, 43, 1, 38, 63, 35, 57, 8, 26, 15, 46, 37, 56, 41]
客户端数：57	时间：348.36596941947937	客户端：[2, 44, 30, 40, 21, 33, 34, 39, 59, 13, 45, 22, 28, 54, 64, 11, 9, 48, 62, 53, 19, 51, 55, 12, 61, 29, 10, 32, 52, 18, 31, 14, 25, 23, 60, 4, 36, 43, 1, 38, 63, 35, 57, 8, 26, 15, 46, 37, 56, 41, 5, 49, 47, 17, 58, 3, 24]
BYTE
客户端数：0	字节数：0	客户端：[]
MAE：64862034.0
RMSE：64862034.00355482
finished iteration：2023-01-01 00:00:13.585045

Number of rounds 2
T1
客户端数：0	时间：0	客户端：[]
T2
客户端数：10	时间：0.002993345260620117	客户端：[16, 40, 5, 44, 30, 33, 28, 12, 64, 39]
客户端数：20	时间：0.004988670349121094	客户端：[16, 40, 5, 44, 30, 33, 28, 12, 64, 39, 21, 47, 52, 11, 43, 59, 34, 46, 54, 17]
客户端数：30	时间：0.00598597526550293	客户端：[16, 40, 5, 44, 30, 33, 28, 12, 64, 39, 21, 47, 52, 11, 43, 59, 34, 46, 54, 17, 13, 9, 60, 62, 36, 4, 22, 55, 48, 1]
客户端数：40	时间：0.006983280181884766	客户端：[16, 40, 5, 44, 30, 33, 28, 12, 64, 39, 21, 47, 52, 11, 43, 59, 34, 46, 54, 17, 13, 9, 60, 62, 36, 4, 22, 55, 48, 1, 61, 57, 37, 31, 23, 32, 25, 14, 2, 15]
客户端数：50	时间：0.007962226867675781	客户端：[16, 40, 5, 44, 30, 33, 28, 12, 64, 39, 21, 47, 52, 11, 43, 59, 34, 46, 54, 17, 13, 9, 60, 62, 36, 4, 22, 55, 48, 1, 61, 57, 37, 31, 23, 32, 25, 14, 2, 15, 45, 24, 18, 53, 63, 19, 35, 26, 56, 58]
客户端数：58	时间：0.007962226867675781	客户端：[16, 40, 5, 44, 30, 33, 28, 12, 64, 39, 21, 47, 52, 11, 43, 59, 34, 46, 54, 17, 13, 9, 60, 62, 36, 4, 22, 55, 48, 1, 61, 57, 37, 31, 23, 32, 25, 14, 2, 15, 45, 24, 18, 53, 63, 19, 35, 26, 56, 58, 38, 29, 3, 49, 41, 10, 8, 51]
T3
客户端数：10	时间：23.267666578292847	客户端：[16, 40, 5, 44, 30, 33, 28, 12, 64, 39]
客户端数：20	时间：52.913238525390625	客户端：[16, 40, 5, 44, 30, 33, 28, 12, 64, 39, 21, 47, 52, 11, 43, 59, 34, 46, 54, 17]
客户端数：30	时间：104.01926684379578	客户端：[16, 40, 5, 44, 30, 33, 28, 12, 64, 39, 21, 47, 52, 11, 43, 59, 34, 46, 54, 17, 13, 9, 60, 62, 36, 4, 22, 55, 48, 1]
客户端数：40	时间：176.77820324897766	客户端：[16, 40, 5, 44, 30, 33, 28, 12, 64, 39, 21, 47, 52, 11, 43, 59, 34, 46, 54, 17, 13, 9, 60, 62, 36, 4, 22, 55, 48, 1, 61, 57, 37, 31, 23, 32, 25, 14, 2, 15]
客户端数：50	时间：271.11427998542786	客户端：[16, 40, 5, 44, 30, 33, 28, 12, 64, 39, 21, 47, 52, 11, 43, 59, 34, 46, 54, 17, 13, 9, 60, 62, 36, 4, 22, 55, 48, 1, 61, 57, 37, 31, 23, 32, 25, 14, 2, 15, 45, 24, 18, 53, 63, 19, 35, 26, 56, 58]
客户端数：58	时间：362.27689266204834	客户端：[16, 40, 5, 44, 30, 33, 28, 12, 64, 39, 21, 47, 52, 11, 43, 59, 34, 46, 54, 17, 13, 9, 60, 62, 36, 4, 22, 55, 48, 1, 61, 57, 37, 31, 23, 32, 25, 14, 2, 15, 45, 24, 18, 53, 63, 19, 35, 26, 56, 58, 38, 29, 3, 49, 41, 10, 8, 51]
BYTE
客户端数：0	字节数：0	客户端：[]
MAE：32081290.666666668
RMSE：32081313.362893146
finished iteration：2023-01-01 00:00:35.360240

Number of rounds 3
T1
客户端数：0	时间：0	客户端：[]
T2
客户端数：10	时间：0.000997781753540039	客户端：[2, 45, 21, 5, 31, 12, 28, 40, 22, 56]
客户端数：20	时间：0.0029921531677246094	客户端：[2, 45, 21, 5, 31, 12, 28, 40, 22, 56, 30, 36, 33, 52, 59, 46, 11, 48, 9, 34]
客户端数：30	时间：0.005000114440917969	客户端：[2, 45, 21, 5, 31, 12, 28, 40, 22, 56, 30, 36, 33, 52, 59, 46, 11, 48, 9, 34, 39, 17, 3, 47, 62, 23, 19, 25, 35, 54]
客户端数：40	时间：0.006997108459472656	客户端：[2, 45, 21, 5, 31, 12, 28, 40, 22, 56, 30, 36, 33, 52, 59, 46, 11, 48, 9, 34, 39, 17, 3, 47, 62, 23, 19, 25, 35, 54, 55, 32, 1, 10, 38, 15, 49, 58, 18, 13]
客户端数：50	时间：0.008973836898803711	客户端：[2, 45, 21, 5, 31, 12, 28, 40, 22, 56, 30, 36, 33, 52, 59, 46, 11, 48, 9, 34, 39, 17, 3, 47, 62, 23, 19, 25, 35, 54, 55, 32, 1, 10, 38, 15, 49, 58, 18, 13, 53, 26, 61, 60, 29, 43, 8, 14, 37, 63]
客户端数：55	时间：0.010968685150146484	客户端：[2, 45, 21, 5, 31, 12, 28, 40, 22, 56, 30, 36, 33, 52, 59, 46, 11, 48, 9, 34, 39, 17, 3, 47, 62, 23, 19, 25, 35, 54, 55, 32, 1, 10, 38, 15, 49, 58, 18, 13, 53, 26, 61, 60, 29, 43, 8, 14, 37, 63, 44, 24, 4, 57, 41]
T3
客户端数：10	时间：10.25926160812378	客户端：[2, 45, 21, 5, 31, 12, 28, 40, 22, 56]
客户端数：20	时间：42.08175039291382	客户端：[2, 45, 21, 5, 31, 12, 28, 40, 22, 56, 30, 36, 33, 52, 59, 46, 11, 48, 9, 34]
客户端数：30	时间：95.30927658081055	客户端：[2, 45, 21, 5, 31, 12, 28, 40, 22, 56, 30, 36, 33, 52, 59, 46, 11, 48, 9, 34, 39, 17, 3, 47, 62, 23, 19, 25, 35, 54]
客户端数：40	时间：169.85499095916748	客户端：[2, 45, 21, 5, 31, 12, 28, 40, 22, 56, 30, 36, 33, 52, 59, 46, 11, 48, 9, 34, 39, 17, 3, 47, 62, 23, 19, 25, 35, 54, 55, 32, 1, 10, 38, 15, 49, 58, 18, 13]
客户端数：50	时间：266.5380644798279	客户端：[2, 45, 21, 5, 31, 12, 28, 40, 22, 56, 30, 36, 33, 52, 59, 46, 11, 48, 9, 34, 39, 17, 3, 47, 62, 23, 19, 25, 35, 54, 55, 32, 1, 10, 38, 15, 49, 58, 18, 13, 53, 26, 61, 60, 29, 43, 8, 14, 37, 63]
客户端数：55	时间：323.3381164073944	客户端：[2, 45, 21, 5, 31, 12, 28, 40, 22, 56, 30, 36, 33, 52, 59, 46, 11, 48, 9, 34, 39, 17, 3, 47, 62, 23, 19, 25, 35, 54, 55, 32, 1, 10, 38, 15, 49, 58, 18, 13, 53, 26, 61, 60, 29, 43, 8, 14, 37, 63, 44, 24, 4, 57, 41]
BYTE
客户端数：0	字节数：0	客户端：[]
MAE：367624094.0
RMSE：367630304.7200338
finished iteration：2023-01-01 00:00:57.081806

Number of rounds 4
T1
客户端数：0	时间：0	客户端：[]
T2
客户端数：10	时间：0.0029942989349365234	客户端：[40, 2, 45, 21, 33, 52, 13, 39, 47, 48]
客户端数：20	时间：0.0069849491119384766	客户端：[40, 2, 45, 21, 33, 52, 13, 39, 47, 48, 46, 11, 59, 25, 3, 8, 12, 62, 53, 63]
客户端数：30	时间：0.0069849491119384766	客户端：[40, 2, 45, 21, 33, 52, 13, 39, 47, 48, 46, 11, 59, 25, 3, 8, 12, 62, 53, 63, 14, 19, 34, 37, 29, 55, 35, 15, 1, 61]
客户端数：40	时间：0.008980512619018555	客户端：[40, 2, 45, 21, 33, 52, 13, 39, 47, 48, 46, 11, 59, 25, 3, 8, 12, 62, 53, 63, 14, 19, 34, 37, 29, 55, 35, 15, 1, 61, 60, 26, 57, 58, 24, 10, 49, 17, 18, 38]
客户端数：50	时间：0.008980512619018555	客户端：[40, 2, 45, 21, 33, 52, 13, 39, 47, 48, 46, 11, 59, 25, 3, 8, 12, 62, 53, 63, 14, 19, 34, 37, 29, 55, 35, 15, 1, 61, 60, 26, 57, 58, 24, 10, 49, 17, 18, 38, 9, 30, 56, 4, 31, 54, 23, 22, 41, 28]
客户端数：55	时间：0.008980512619018555	客户端：[40, 2, 45, 21, 33, 52, 13, 39, 47, 48, 46, 11, 59, 25, 3, 8, 12, 62, 53, 63, 14, 19, 34, 37, 29, 55, 35, 15, 1, 61, 60, 26, 57, 58, 24, 10, 49, 17, 18, 38, 9, 30, 56, 4, 31, 54, 23, 22, 41, 28, 5, 44, 32, 51, 36]
T3
客户端数：10	时间：10.256660461425781	客户端：[40, 2, 45, 21, 33, 52, 13, 39, 47, 48]
客户端数：20	时间：41.821444034576416	客户端：[40, 2, 45, 21, 33, 52, 13, 39, 47, 48, 46, 11, 59, 25, 3, 8, 12, 62, 53, 63]
客户端数：30	时间：94.64145016670227	客户端：[40, 2, 45, 21, 33, 52, 13, 39, 47, 48, 46, 11, 59, 25, 3, 8, 12, 62, 53, 63, 14, 19, 34, 37, 29, 55, 35, 15, 1, 61]
客户端数：40	时间：168.97642159461975	客户端：[40, 2, 45, 21, 33, 52, 13, 39, 47, 48, 46, 11, 59, 25, 3, 8, 12, 62, 53, 63, 14, 19, 34, 37, 29, 55, 35, 15, 1, 61, 60, 26, 57, 58, 24, 10, 49, 17, 18, 38]
客户端数：50	时间：264.67622208595276	客户端：[40, 2, 45, 21, 33, 52, 13, 39, 47, 48, 46, 11, 59, 25, 3, 8, 12, 62, 53, 63, 14, 19, 34, 37, 29, 55, 35, 15, 1, 61, 60, 26, 57, 58, 24, 10, 49, 17, 18, 38, 9, 30, 56, 4, 31, 54, 23, 22, 41, 28]
客户端数：55	时间：343.1068203449249	客户端：[40, 2, 45, 21, 33, 52, 13, 39, 47, 48, 46, 11, 59, 25, 3, 8, 12, 62, 53, 63, 14, 19, 34, 37, 29, 55, 35, 15, 1, 61, 60, 26, 57, 58, 24, 10, 49, 17, 18, 38, 9, 30, 56, 4, 31, 54, 23, 22, 41, 28, 5, 44, 32, 51, 36]
BYTE
客户端数：0	字节数：0	客户端：[]
MAE：385554177.1179487
RMSE：385769628.6765289
finished iteration：2023-01-01 00:01:18.951412

Number of rounds 5
T1
客户端数：0	时间：0	客户端：[]
T2
客户端数：10	时间：0.0009970664978027344	客户端：[40, 30, 12, 45, 31, 21, 22, 44, 33, 56]
客户端数：20	时间：0.0009970664978027344	客户端：[40, 30, 12, 45, 31, 21, 22, 44, 33, 56, 11, 36, 59, 46, 39, 48, 13, 9, 62, 14]
客户端数：30	时间：0.002992391586303711	客户端：[40, 30, 12, 45, 31, 21, 22, 44, 33, 56, 11, 36, 59, 46, 39, 48, 13, 9, 62, 14, 28, 63, 17, 19, 35, 15, 37, 2, 32, 61]
客户端数：40	时间：0.002992391586303711	客户端：[40, 30, 12, 45, 31, 21, 22, 44, 33, 56, 11, 36, 59, 46, 39, 48, 13, 9, 62, 14, 28, 63, 17, 19, 35, 15, 37, 2, 32, 61, 1, 34, 55, 49, 4, 18, 29, 8, 24, 26]
客户端数：50	时间：0.00503230094909668	客户端：[40, 30, 12, 45, 31, 21, 22, 44, 33, 56, 11, 36, 59, 46, 39, 48, 13, 9, 62, 14, 28, 63, 17, 19, 35, 15, 37, 2, 32, 61, 1, 34, 55, 49, 4, 18, 29, 8, 24, 26, 52, 23, 57, 41, 10, 60, 25, 5, 47, 54]
客户端数：52	时间：0.00503230094909668	客户端：[40, 30, 12, 45, 31, 21, 22, 44, 33, 56, 11, 36, 59, 46, 39, 48, 13, 9, 62, 14, 28, 63, 17, 19, 35, 15, 37, 2, 32, 61, 1, 34, 55, 49, 4, 18, 29, 8, 24, 26, 52, 23, 57, 41, 10, 60, 25, 5, 47, 54, 3, 38]
T3
客户端数：10	时间：9.807688236236572	客户端：[40, 30, 12, 45, 31, 21, 22, 44, 33, 56]
客户端数：20	时间：40.981682538986206	客户端：[40, 30, 12, 45, 31, 21, 22, 44, 33, 56, 11, 36, 59, 46, 39, 48, 13, 9, 62, 14]
客户端数：30	时间：94.26452159881592	客户端：[40, 30, 12, 45, 31, 21, 22, 44, 33, 56, 11, 36, 59, 46, 39, 48, 13, 9, 62, 14, 28, 63, 17, 19, 35, 15, 37, 2, 32, 61]
客户端数：40	时间：169.65477180480957	客户端：[40, 30, 12, 45, 31, 21, 22, 44, 33, 56, 11, 36, 59, 46, 39, 48, 13, 9, 62, 14, 28, 63, 17, 19, 35, 15, 37, 2, 32, 61, 1, 34, 55, 49, 4, 18, 29, 8, 24, 26]
客户端数：50	时间：266.5995533466339	客户端：[40, 30, 12, 45, 31, 21, 22, 44, 33, 56, 11, 36, 59, 46, 39, 48, 13, 9, 62, 14, 28, 63, 17, 19, 35, 15, 37, 2, 32, 61, 1, 34, 55, 49, 4, 18, 29, 8, 24, 26, 52, 23, 57, 41, 10, 60, 25, 5, 47, 54]
客户端数：52	时间：288.74156188964844	客户端：[40, 30, 12, 45, 31, 21, 22, 44, 33, 56, 11, 36, 59, 46, 39, 48, 13, 9, 62, 14, 28, 63, 17, 19, 35, 15, 37, 2, 32, 61, 1, 34, 55, 49, 4, 18, 29, 8, 24, 26, 52, 23, 57, 41, 10, 60, 25, 5, 47, 54, 3, 38]
BYTE
客户端数：0	字节数：0	客户端：[]
MAE：376757817.4051282
RMSE：377066989.2588325
finished iteration：2023-01-01 00:01:40.797530

Number of rounds 6
T1
客户端数：0	时间：0	客户端：[]
T2
客户端数：10	时间：0.00399017333984375	客户端：[40, 44, 2, 30, 12, 5, 22, 21, 47, 56]
客户端数：20	时间：0.00399017333984375	客户端：[40, 44, 2, 30, 12, 5, 22, 21, 47, 56, 39, 13, 9, 28, 46, 31, 54, 4, 52, 3]
客户端数：30	时间：0.00498652458190918	客户端：[40, 44, 2, 30, 12, 5, 22, 21, 47, 56, 39, 13, 9, 28, 46, 31, 54, 4, 52, 3, 60, 45, 29, 8, 37, 34, 55, 14, 35, 15]
客户端数：40	时间：0.006981372833251953	客户端：[40, 44, 2, 30, 12, 5, 22, 21, 47, 56, 39, 13, 9, 28, 46, 31, 54, 4, 52, 3, 60, 45, 29, 8, 37, 34, 55, 14, 35, 15, 48, 24, 62, 57, 26, 41, 18, 19, 23, 17]
客户端数：50	时间：0.006981372833251953	客户端：[40, 44, 2, 30, 12, 5, 22, 21, 47, 56, 39, 13, 9, 28, 46, 31, 54, 4, 52, 3, 60, 45, 29, 8, 37, 34, 55, 14, 35, 15, 48, 24, 62, 57, 26, 41, 18, 19, 23, 17, 33, 1, 10, 61, 59, 58, 49, 11, 63, 32]
客户端数：52	时间：0.006981372833251953	客户端：[40, 44, 2, 30, 12, 5, 22, 21, 47, 56, 39, 13, 9, 28, 46, 31, 54, 4, 52, 3, 60, 45, 29, 8, 37, 34, 55, 14, 35, 15, 48, 24, 62, 57, 26, 41, 18, 19, 23, 17, 33, 1, 10, 61, 59, 58, 49, 11, 63, 32, 36, 25]
T3
客户端数：10	时间：10.414665699005127	客户端：[40, 44, 2, 30, 12, 5, 22, 21, 47, 56]
客户端数：20	时间：42.813854932785034	客户端：[40, 44, 2, 30, 12, 5, 22, 21, 47, 56, 39, 13, 9, 28, 46, 31, 54, 4, 52, 3]
客户端数：30	时间：97.32534337043762	客户端：[40, 44, 2, 30, 12, 5, 22, 21, 47, 56, 39, 13, 9, 28, 46, 31, 54, 4, 52, 3, 60, 45, 29, 8, 37, 34, 55, 14, 35, 15]
客户端数：40	时间：173.36635899543762	客户端：[40, 44, 2, 30, 12, 5, 22, 21, 47, 56, 39, 13, 9, 28, 46, 31, 54, 4, 52, 3, 60, 45, 29, 8, 37, 34, 55, 14, 35, 15, 48, 24, 62, 57, 26, 41, 18, 19, 23, 17]
客户端数：50	时间：291.5999915599823	客户端：[40, 44, 2, 30, 12, 5, 22, 21, 47, 56, 39, 13, 9, 28, 46, 31, 54, 4, 52, 3, 60, 45, 29, 8, 37, 34, 55, 14, 35, 15, 48, 24, 62, 57, 26, 41, 18, 19, 23, 17, 33, 1, 10, 61, 59, 58, 49, 11, 63, 32]
客户端数：52	时间：313.3167314529419	客户端：[40, 44, 2, 30, 12, 5, 22, 21, 47, 56, 39, 13, 9, 28, 46, 31, 54, 4, 52, 3, 60, 45, 29, 8, 37, 34, 55, 14, 35, 15, 48, 24, 62, 57, 26, 41, 18, 19, 23, 17, 33, 1, 10, 61, 59, 58, 49, 11, 63, 32, 36, 25]
BYTE
客户端数：0	字节数：0	客户端：[]
MAE：381163521.28205127
RMSE：381335594.83646303
finished iteration：2023-01-01 00:02:02.669004

Number of rounds 7
T1
客户端数：0	时间：0	客户端：[]
T2
客户端数：10	时间：0.0	客户端：[2, 45, 44, 30, 12, 31, 47, 34, 56, 13]
客户端数：20	时间：0.0009975433349609375	客户端：[2, 45, 44, 30, 12, 31, 47, 34, 56, 13, 39, 59, 33, 40, 8, 52, 54, 48, 62, 60]
客户端数：30	时间：0.004988908767700195	客户端：[2, 45, 44, 30, 12, 31, 47, 34, 56, 13, 39, 59, 33, 40, 8, 52, 54, 48, 62, 60, 23, 19, 17, 36, 14, 29, 41, 9, 32, 61]
客户端数：40	时间：0.005987405776977539	客户端：[2, 45, 44, 30, 12, 31, 47, 34, 56, 13, 39, 59, 33, 40, 8, 52, 54, 48, 62, 60, 23, 19, 17, 36, 14, 29, 41, 9, 32, 61, 37, 57, 1, 26, 4, 18, 25, 49, 21, 5]
客户端数：50	时间：0.006985187530517578	客户端：[2, 45, 44, 30, 12, 31, 47, 34, 56, 13, 39, 59, 33, 40, 8, 52, 54, 48, 62, 60, 23, 19, 17, 36, 14, 29, 41, 9, 32, 61, 37, 57, 1, 26, 4, 18, 25, 49, 21, 5, 35, 28, 22, 63, 11, 3, 46, 24, 15, 38]
T3
客户端数：10	时间：9.811424493789673	客户端：[2, 45, 44, 30, 12, 31, 47, 34, 56, 13]
客户端数：20	时间：41.228471994400024	客户端：[2, 45, 44, 30, 12, 31, 47, 34, 56, 13, 39, 59, 33, 40, 8, 52, 54, 48, 62, 60]
客户端数：30	时间：93.72578644752502	客户端：[2, 45, 44, 30, 12, 31, 47, 34, 56, 13, 39, 59, 33, 40, 8, 52, 54, 48, 62, 60, 23, 19, 17, 36, 14, 29, 41, 9, 32, 61]
客户端数：40	时间：167.8273000717163	客户端：[2, 45, 44, 30, 12, 31, 47, 34, 56, 13, 39, 59, 33, 40, 8, 52, 54, 48, 62, 60, 23, 19, 17, 36, 14, 29, 41, 9, 32, 61, 37, 57, 1, 26, 4, 18, 25, 49, 21, 5]
客户端数：50	时间：285.43568205833435	客户端：[2, 45, 44, 30, 12, 31, 47, 34, 56, 13, 39, 59, 33, 40, 8, 52, 54, 48, 62, 60, 23, 19, 17, 36, 14, 29, 41, 9, 32, 61, 37, 57, 1, 26, 4, 18, 25, 49, 21, 5, 35, 28, 22, 63, 11, 3, 46, 24, 15, 38]
BYTE
客户端数：0	字节数：0	客户端：[]
MAE：364066395.7025641
RMSE：364737923.3495615
finished iteration：2023-01-01 00:02:24.730920

Number of rounds 8
T1
客户端数：0	时间：0	客户端：[]
T2
客户端数：10	时间：0.0019969940185546875	客户端：[10, 40, 44, 30, 21, 11, 31, 33, 59, 13]
客户端数：20	时间：0.0039920806884765625	客户端：[10, 40, 44, 30, 21, 11, 31, 33, 59, 13, 46, 54, 47, 2, 9, 48, 8, 34, 25, 62]
客户端数：30	时间：0.005989551544189453	客户端：[10, 40, 44, 30, 21, 11, 31, 33, 59, 13, 46, 54, 47, 2, 9, 48, 8, 34, 25, 62, 19, 14, 60, 4, 41, 63, 12, 23, 35, 17]
客户端数：40	时间：0.008999109268188477	客户端：[10, 40, 44, 30, 21, 11, 31, 33, 59, 13, 46, 54, 47, 2, 9, 48, 8, 34, 25, 62, 19, 14, 60, 4, 41, 63, 12, 23, 35, 17, 37, 57, 1, 32, 49, 18, 56, 3, 15, 28]
客户端数：49	时间：0.011969566345214844	客户端：[10, 40, 44, 30, 21, 11, 31, 33, 59, 13, 46, 54, 47, 2, 9, 48, 8, 34, 25, 62, 19, 14, 60, 4, 41, 63, 12, 23, 35, 17, 37, 57, 1, 32, 49, 18, 56, 3, 15, 28, 36, 45, 61, 26, 39, 52, 22, 5, 29]
T3
客户端数：10	时间：23.409589290618896	客户端：[10, 40, 44, 30, 21, 11, 31, 33, 59, 13]
客户端数：20	时间：53.263816833496094	客户端：[10, 40, 44, 30, 21, 11, 31, 33, 59, 13, 46, 54, 47, 2, 9, 48, 8, 34, 25, 62]
客户端数：30	时间：104.54016137123108	客户端：[10, 40, 44, 30, 21, 11, 31, 33, 59, 13, 46, 54, 47, 2, 9, 48, 8, 34, 25, 62, 19, 14, 60, 4, 41, 63, 12, 23, 35, 17]
客户端数：40	时间：177.23627614974976	客户端：[10, 40, 44, 30, 21, 11, 31, 33, 59, 13, 46, 54, 47, 2, 9, 48, 8, 34, 25, 62, 19, 14, 60, 4, 41, 63, 12, 23, 35, 17, 37, 57, 1, 32, 49, 18, 56, 3, 15, 28]
客户端数：49	时间：260.7073497772217	客户端：[10, 40, 44, 30, 21, 11, 31, 33, 59, 13, 46, 54, 47, 2, 9, 48, 8, 34, 25, 62, 19, 14, 60, 4, 41, 63, 12, 23, 35, 17, 37, 57, 1, 32, 49, 18, 56, 3, 15, 28, 36, 45, 61, 26, 39, 52, 22, 5, 29]
BYTE
客户端数：0	字节数：0	客户端：[]
MAE：382008973.9179487
RMSE：382112080.6797482
finished iteration：2023-01-01 00:02:46.750293

Number of rounds 9
T1
客户端数：0	时间：0	客户端：[]
T2
客户端数：10	时间：0.000997304916381836	客户端：[44, 40, 30, 2, 21, 31, 12, 11, 34, 28]
客户端数：20	时间：0.000997304916381836	客户端：[44, 40, 30, 2, 21, 31, 12, 11, 34, 28, 5, 13, 45, 47, 22, 39, 3, 9, 36, 54]
客户端数：30	时间：0.001994609832763672	客户端：[44, 40, 30, 2, 21, 31, 12, 11, 34, 28, 5, 13, 45, 47, 22, 39, 3, 9, 36, 54, 46, 60, 63, 25, 48, 26, 18, 15, 14, 41]
客户端数：40	时间：0.003988504409790039	客户端：[44, 40, 30, 2, 21, 31, 12, 11, 34, 28, 5, 13, 45, 47, 22, 39, 3, 9, 36, 54, 46, 60, 63, 25, 48, 26, 18, 15, 14, 41, 37, 52, 59, 19, 57, 8, 4, 1, 62, 35]
客户端数：46	时间：0.003988504409790039	客户端：[44, 40, 30, 2, 21, 31, 12, 11, 34, 28, 5, 13, 45, 47, 22, 39, 3, 9, 36, 54, 46, 60, 63, 25, 48, 26, 18, 15, 14, 41, 37, 52, 59, 19, 57, 8, 4, 1, 62, 35, 33, 17, 23, 61, 29, 32]
T3
客户端数：10	时间：9.89352297782898	客户端：[44, 40, 30, 2, 21, 31, 12, 11, 34, 28]
客户端数：20	时间：41.16209363937378	客户端：[44, 40, 30, 2, 21, 31, 12, 11, 34, 28, 5, 13, 45, 47, 22, 39, 3, 9, 36, 54]
客户端数：30	时间：93.46812772750854	客户端：[44, 40, 30, 2, 21, 31, 12, 11, 34, 28, 5, 13, 45, 47, 22, 39, 3, 9, 36, 54, 46, 60, 63, 25, 48, 26, 18, 15, 14, 41]
客户端数：40	时间：167.41286873817444	客户端：[44, 40, 30, 2, 21, 31, 12, 11, 34, 28, 5, 13, 45, 47, 22, 39, 3, 9, 36, 54, 46, 60, 63, 25, 48, 26, 18, 15, 14, 41, 37, 52, 59, 19, 57, 8, 4, 1, 62, 35]
客户端数：46	时间：222.35503339767456	客户端：[44, 40, 30, 2, 21, 31, 12, 11, 34, 28, 5, 13, 45, 47, 22, 39, 3, 9, 36, 54, 46, 60, 63, 25, 48, 26, 18, 15, 14, 41, 37, 52, 59, 19, 57, 8, 4, 1, 62, 35, 33, 17, 23, 61, 29, 32]
BYTE
客户端数：0	字节数：0	客户端：[]
MAE：362680630.94358975
RMSE：363155992.82692444
finished iteration：2023-01-01 00:03:08.832437

Number of rounds 10
T1
客户端数：0	时间：0	客户端：[]
T2
客户端数：10	时间：0.001994609832763672	客户端：[45, 2, 21, 12, 44, 11, 34, 33, 13, 36]
客户端数：20	时间：0.0029938220977783203	客户端：[45, 2, 21, 12, 44, 11, 34, 33, 13, 36, 46, 52, 9, 31, 8, 62, 3, 19, 63, 17]
客户端数：30	时间：0.0029938220977783203	客户端：[45, 2, 21, 12, 44, 11, 34, 33, 13, 36, 46, 52, 9, 31, 8, 62, 3, 19, 63, 17, 26, 61, 28, 1, 41, 4, 32, 35, 40, 37]
客户端数：40	时间：0.0029938220977783203	客户端：[45, 2, 21, 12, 44, 11, 34, 33, 13, 36, 46, 52, 9, 31, 8, 62, 3, 19, 63, 17, 26, 61, 28, 1, 41, 4, 32, 35, 40, 37, 18, 48, 15, 54, 22, 5, 60, 59, 47, 29]
客户端数：45	时间：0.0029938220977783203	客户端：[45, 2, 21, 12, 44, 11, 34, 33, 13, 36, 46, 52, 9, 31, 8, 62, 3, 19, 63, 17, 26, 61, 28, 1, 41, 4, 32, 35, 40, 37, 18, 48, 15, 54, 22, 5, 60, 59, 47, 29, 39, 30, 14, 23, 57]
T3
客户端数：10	时间：0.3041870594024658	客户端：[45, 2, 21, 12, 44, 11, 34, 33, 13, 36]
客户端数：20	时间：0.64229416847229	客户端：[45, 2, 21, 12, 44, 11, 34, 33, 13, 36, 46, 52, 9, 31, 8, 62, 3, 19, 63, 17]
客户端数：30	时间：1.0133154392242432	客户端：[45, 2, 21, 12, 44, 11, 34, 33, 13, 36, 46, 52, 9, 31, 8, 62, 3, 19, 63, 17, 26, 61, 28, 1, 41, 4, 32, 35, 40, 37]
客户端数：40	时间：1.4192414283752441	客户端：[45, 2, 21, 12, 44, 11, 34, 33, 13, 36, 46, 52, 9, 31, 8, 62, 3, 19, 63, 17, 26, 61, 28, 1, 41, 4, 32, 35, 40, 37, 18, 48, 15, 54, 22, 5, 60, 59, 47, 29]
客户端数：45	时间：2.0396010875701904	客户端：[45, 2, 21, 12, 44, 11, 34, 33, 13, 36, 46, 52, 9, 31, 8, 62, 3, 19, 63, 17, 26, 61, 28, 1, 41, 4, 32, 35, 40, 37, 18, 48, 15, 54, 22, 5, 60, 59, 47, 29, 39, 30, 14, 23, 57]
BYTE
客户端数：0	字节数：0	客户端：[]
MAE：356270718.7589744
RMSE：359231565.93915325
finished iteration：2023-01-01 00:03:31.013637

