Number of rounds 1
T1
客户端数：0	时间：0	客户端：[]
T2
客户端数：10	时间：0.0	客户端：[41, 58, 47, 4, 1, 27, 14, 28, 25, 61]
客户端数：20	时间：0.0	客户端：[41, 58, 47, 4, 1, 27, 14, 28, 25, 61, 32, 43, 48, 51, 19, 56, 29, 64, 7, 8]
客户端数：30	时间：0.0009975433349609375	客户端：[41, 58, 47, 4, 1, 27, 14, 28, 25, 61, 32, 43, 48, 51, 19, 56, 29, 64, 7, 8, 54, 37, 24, 6, 57, 2, 46, 33, 15, 60]
客户端数：40	时间：0.0009975433349609375	客户端：[41, 58, 47, 4, 1, 27, 14, 28, 25, 61, 32, 43, 48, 51, 19, 56, 29, 64, 7, 8, 54, 37, 24, 6, 57, 2, 46, 33, 15, 60, 53, 26, 52, 59, 63, 9, 50, 18, 49, 62]
客户端数：50	时间：0.0009975433349609375	客户端：[41, 58, 47, 4, 1, 27, 14, 28, 25, 61, 32, 43, 48, 51, 19, 56, 29, 64, 7, 8, 54, 37, 24, 6, 57, 2, 46, 33, 15, 60, 53, 26, 52, 59, 63, 9, 50, 18, 49, 62, 39, 36, 16, 21, 42, 22, 38, 40, 12, 45]
客户端数：58	时间：0.0009975433349609375	客户端：[41, 58, 47, 4, 1, 27, 14, 28, 25, 61, 32, 43, 48, 51, 19, 56, 29, 64, 7, 8, 54, 37, 24, 6, 57, 2, 46, 33, 15, 60, 53, 26, 52, 59, 63, 9, 50, 18, 49, 62, 39, 36, 16, 21, 42, 22, 38, 40, 12, 45, 55, 11, 31, 30, 23, 34, 10, 20]
T3
客户端数：10	时间：9.008776426315308	客户端：[41, 58, 47, 4, 1, 27, 14, 28, 25, 61]
客户端数：20	时间：34.72566103935242	客户端：[41, 58, 47, 4, 1, 27, 14, 28, 25, 61, 32, 43, 48, 51, 19, 56, 29, 64, 7, 8]
客户端数：30	时间：76.91938710212708	客户端：[41, 58, 47, 4, 1, 27, 14, 28, 25, 61, 32, 43, 48, 51, 19, 56, 29, 64, 7, 8, 54, 37, 24, 6, 57, 2, 46, 33, 15, 60]
客户端数：40	时间：136.7131814956665	客户端：[41, 58, 47, 4, 1, 27, 14, 28, 25, 61, 32, 43, 48, 51, 19, 56, 29, 64, 7, 8, 54, 37, 24, 6, 57, 2, 46, 33, 15, 60, 53, 26, 52, 59, 63, 9, 50, 18, 49, 62]
客户端数：50	时间：215.82631015777588	客户端：[41, 58, 47, 4, 1, 27, 14, 28, 25, 61, 32, 43, 48, 51, 19, 56, 29, 64, 7, 8, 54, 37, 24, 6, 57, 2, 46, 33, 15, 60, 53, 26, 52, 59, 63, 9, 50, 18, 49, 62, 39, 36, 16, 21, 42, 22, 38, 40, 12, 45]
客户端数：58	时间：292.0094847679138	客户端：[41, 58, 47, 4, 1, 27, 14, 28, 25, 61, 32, 43, 48, 51, 19, 56, 29, 64, 7, 8, 54, 37, 24, 6, 57, 2, 46, 33, 15, 60, 53, 26, 52, 59, 63, 9, 50, 18, 49, 62, 39, 36, 16, 21, 42, 22, 38, 40, 12, 45, 55, 11, 31, 30, 23, 34, 10, 20]
BYTE
客户端数：0	字节数：0	客户端：[]
MAE：16592730.666666666
RMSE：16592730.668225477
finished iteration：2023-01-01 00:00:19.812720

Number of rounds 2
T1
客户端数：0	时间：0	客户端：[]
T2
客户端数：10	时间：0.0019941329956054688	客户端：[41, 58, 47, 1, 27, 52, 56, 25, 21, 10]
客户端数：20	时间：0.0019941329956054688	客户端：[41, 58, 47, 1, 27, 52, 56, 25, 21, 10, 32, 55, 22, 50, 20, 48, 51, 24, 33, 64]
客户端数：30	时间：0.0029916763305664062	客户端：[41, 58, 47, 1, 27, 52, 56, 25, 21, 10, 32, 55, 22, 50, 20, 48, 51, 24, 33, 64, 29, 11, 36, 6, 39, 28, 54, 42, 7, 30]
客户端数：40	时间：0.0029916763305664062	客户端：[41, 58, 47, 1, 27, 52, 56, 25, 21, 10, 32, 55, 22, 50, 20, 48, 51, 24, 33, 64, 29, 11, 36, 6, 39, 28, 54, 42, 7, 30, 19, 23, 38, 31, 59, 16, 63, 18, 12, 49]
客户端数：50	时间：0.0029916763305664062	客户端：[41, 58, 47, 1, 27, 52, 56, 25, 21, 10, 32, 55, 22, 50, 20, 48, 51, 24, 33, 64, 29, 11, 36, 6, 39, 28, 54, 42, 7, 30, 19, 23, 38, 31, 59, 16, 63, 18, 12, 49, 62, 60, 2, 46, 57, 15, 9, 26, 4, 37]
客户端数：57	时间：0.0029916763305664062	客户端：[41, 58, 47, 1, 27, 52, 56, 25, 21, 10, 32, 55, 22, 50, 20, 48, 51, 24, 33, 64, 29, 11, 36, 6, 39, 28, 54, 42, 7, 30, 19, 23, 38, 31, 59, 16, 63, 18, 12, 49, 62, 60, 2, 46, 57, 15, 9, 26, 4, 37, 40, 61, 43, 34, 53, 8, 14]
T3
客户端数：10	时间：9.136311531066895	客户端：[41, 58, 47, 1, 27, 52, 56, 25, 21, 10]
客户端数：20	时间：36.536391735076904	客户端：[41, 58, 47, 1, 27, 52, 56, 25, 21, 10, 32, 55, 22, 50, 20, 48, 51, 24, 33, 64]
客户端数：30	时间：81.98343014717102	客户端：[41, 58, 47, 1, 27, 52, 56, 25, 21, 10, 32, 55, 22, 50, 20, 48, 51, 24, 33, 64, 29, 11, 36, 6, 39, 28, 54, 42, 7, 30]
客户端数：40	时间：145.89560723304749	客户端：[41, 58, 47, 1, 27, 52, 56, 25, 21, 10, 32, 55, 22, 50, 20, 48, 51, 24, 33, 64, 29, 11, 36, 6, 39, 28, 54, 42, 7, 30, 19, 23, 38, 31, 59, 16, 63, 18, 12, 49]
客户端数：50	时间：228.64679956436157	客户端：[41, 58, 47, 1, 27, 52, 56, 25, 21, 10, 32, 55, 22, 50, 20, 48, 51, 24, 33, 64, 29, 11, 36, 6, 39, 28, 54, 42, 7, 30, 19, 23, 38, 31, 59, 16, 63, 18, 12, 49, 62, 60, 2, 46, 57, 15, 9, 26, 4, 37]
客户端数：57	时间：299.0606527328491	客户端：[41, 58, 47, 1, 27, 52, 56, 25, 21, 10, 32, 55, 22, 50, 20, 48, 51, 24, 33, 64, 29, 11, 36, 6, 39, 28, 54, 42, 7, 30, 19, 23, 38, 31, 59, 16, 63, 18, 12, 49, 62, 60, 2, 46, 57, 15, 9, 26, 4, 37, 40, 61, 43, 34, 53, 8, 14]
BYTE
客户端数：0	字节数：0	客户端：[]
MAE：25096458.0
RMSE：25096461.01255396
finished iteration：2023-01-01 00:00:41.661717

Number of rounds 3
T1
客户端数：0	时间：0	客户端：[]
T2
客户端数：10	时间：0.0	客户端：[41, 1, 58, 34, 52, 14, 21, 61, 20, 55]
客户端数：20	时间：0.0	客户端：[41, 1, 58, 34, 52, 14, 21, 61, 20, 55, 32, 56, 47, 50, 6, 10, 60, 22, 64, 19]
客户端数：30	时间：0.0	客户端：[41, 1, 58, 34, 52, 14, 21, 61, 20, 55, 32, 56, 47, 50, 6, 10, 60, 22, 64, 19, 36, 25, 8, 42, 2, 54, 57, 31, 49, 28]
客户端数：40	时间：0.0	客户端：[41, 1, 58, 34, 52, 14, 21, 61, 20, 55, 32, 56, 47, 50, 6, 10, 60, 22, 64, 19, 36, 25, 8, 42, 2, 54, 57, 31, 49, 28, 29, 40, 37, 26, 59, 51, 46, 24, 63, 48]
客户端数：50	时间：0.0	客户端：[41, 1, 58, 34, 52, 14, 21, 61, 20, 55, 32, 56, 47, 50, 6, 10, 60, 22, 64, 19, 36, 25, 8, 42, 2, 54, 57, 31, 49, 28, 29, 40, 37, 26, 59, 51, 46, 24, 63, 48, 15, 18, 62, 30, 11, 38, 43, 16, 33, 9]
客户端数：57	时间：0.0	客户端：[41, 1, 58, 34, 52, 14, 21, 61, 20, 55, 32, 56, 47, 50, 6, 10, 60, 22, 64, 19, 36, 25, 8, 42, 2, 54, 57, 31, 49, 28, 29, 40, 37, 26, 59, 51, 46, 24, 63, 48, 15, 18, 62, 30, 11, 38, 43, 16, 33, 9, 7, 12, 53, 27, 4, 39, 23]
T3
客户端数：10	时间：7.931933403015137	客户端：[41, 1, 58, 34, 52, 14, 21, 61, 20, 55]
客户端数：20	时间：32.937944173812866	客户端：[41, 1, 58, 34, 52, 14, 21, 61, 20, 55, 32, 56, 47, 50, 6, 10, 60, 22, 64, 19]
客户端数：30	时间：74.76863622665405	客户端：[41, 1, 58, 34, 52, 14, 21, 61, 20, 55, 32, 56, 47, 50, 6, 10, 60, 22, 64, 19, 36, 25, 8, 42, 2, 54, 57, 31, 49, 28]
客户端数：40	时间：133.72152662277222	客户端：[41, 1, 58, 34, 52, 14, 21, 61, 20, 55, 32, 56, 47, 50, 6, 10, 60, 22, 64, 19, 36, 25, 8, 42, 2, 54, 57, 31, 49, 28, 29, 40, 37, 26, 59, 51, 46, 24, 63, 48]
客户端数：50	时间：209.70751929283142	客户端：[41, 1, 58, 34, 52, 14, 21, 61, 20, 55, 32, 56, 47, 50, 6, 10, 60, 22, 64, 19, 36, 25, 8, 42, 2, 54, 57, 31, 49, 28, 29, 40, 37, 26, 59, 51, 46, 24, 63, 48, 15, 18, 62, 30, 11, 38, 43, 16, 33, 9]
客户端数：57	时间：273.1941752433777	客户端：[41, 1, 58, 34, 52, 14, 21, 61, 20, 55, 32, 56, 47, 50, 6, 10, 60, 22, 64, 19, 36, 25, 8, 42, 2, 54, 57, 31, 49, 28, 29, 40, 37, 26, 59, 51, 46, 24, 63, 48, 15, 18, 62, 30, 11, 38, 43, 16, 33, 9, 7, 12, 53, 27, 4, 39, 23]
BYTE
客户端数：0	字节数：0	客户端：[]
MAE：111375723.21025641
RMSE：111377928.45162164
finished iteration：2023-01-01 00:01:03.116597

Number of rounds 4
T1
客户端数：0	时间：0	客户端：[]
T2
客户端数：10	时间：0.0	客户端：[45, 47, 4, 27, 52, 25, 9, 56, 28, 20]
客户端数：20	时间：0.0	客户端：[45, 47, 4, 27, 52, 25, 9, 56, 28, 20, 14, 55, 6, 43, 50, 39, 51, 41, 60, 10]
客户端数：30	时间：0.0	客户端：[45, 47, 4, 27, 52, 25, 9, 56, 28, 20, 14, 55, 6, 43, 50, 39, 51, 41, 60, 10, 64, 19, 22, 36, 7, 54, 49, 37, 46, 53]
客户端数：40	时间：0.0	客户端：[45, 47, 4, 27, 52, 25, 9, 56, 28, 20, 14, 55, 6, 43, 50, 39, 51, 41, 60, 10, 64, 19, 22, 36, 7, 54, 49, 37, 46, 53, 33, 23, 31, 2, 12, 30, 40, 15, 24, 58]
客户端数：50	时间：0.000997304916381836	客户端：[45, 47, 4, 27, 52, 25, 9, 56, 28, 20, 14, 55, 6, 43, 50, 39, 51, 41, 60, 10, 64, 19, 22, 36, 7, 54, 49, 37, 46, 53, 33, 23, 31, 2, 12, 30, 40, 15, 24, 58, 38, 26, 16, 63, 29, 62, 18, 48, 42, 32]
客户端数：57	时间：0.000997304916381836	客户端：[45, 47, 4, 27, 52, 25, 9, 56, 28, 20, 14, 55, 6, 43, 50, 39, 51, 41, 60, 10, 64, 19, 22, 36, 7, 54, 49, 37, 46, 53, 33, 23, 31, 2, 12, 30, 40, 15, 24, 58, 38, 26, 16, 63, 29, 62, 18, 48, 42, 32, 8, 11, 1, 59, 21, 61, 57]
T3
客户端数：10	时间：39.11016225814819	客户端：[45, 47, 4, 27, 52, 25, 9, 56, 28, 20]
客户端数：20	时间：62.11352252960205	客户端：[45, 47, 4, 27, 52, 25, 9, 56, 28, 20, 14, 55, 6, 43, 50, 39, 51, 41, 60, 10]
客户端数：30	时间：102.21622109413147	客户端：[45, 47, 4, 27, 52, 25, 9, 56, 28, 20, 14, 55, 6, 43, 50, 39, 51, 41, 60, 10, 64, 19, 22, 36, 7, 54, 49, 37, 46, 53]
客户端数：40	时间：159.82034182548523	客户端：[45, 47, 4, 27, 52, 25, 9, 56, 28, 20, 14, 55, 6, 43, 50, 39, 51, 41, 60, 10, 64, 19, 22, 36, 7, 54, 49, 37, 46, 53, 33, 23, 31, 2, 12, 30, 40, 15, 24, 58]
客户端数：50	时间：234.3280827999115	客户端：[45, 47, 4, 27, 52, 25, 9, 56, 28, 20, 14, 55, 6, 43, 50, 39, 51, 41, 60, 10, 64, 19, 22, 36, 7, 54, 49, 37, 46, 53, 33, 23, 31, 2, 12, 30, 40, 15, 24, 58, 38, 26, 16, 63, 29, 62, 18, 48, 42, 32]
客户端数：57	时间：296.61847257614136	客户端：[45, 47, 4, 27, 52, 25, 9, 56, 28, 20, 14, 55, 6, 43, 50, 39, 51, 41, 60, 10, 64, 19, 22, 36, 7, 54, 49, 37, 46, 53, 33, 23, 31, 2, 12, 30, 40, 15, 24, 58, 38, 26, 16, 63, 29, 62, 18, 48, 42, 32, 8, 11, 1, 59, 21, 61, 57]
BYTE
客户端数：0	字节数：0	客户端：[]
MAE：86598958.0
RMSE：86969965.62297274
finished iteration：2023-01-01 00:01:25.052113

Number of rounds 5
T1
客户端数：0	时间：0	客户端：[]
T2
客户端数：10	时间：0.0	客户端：[41, 27, 58, 4, 52, 56, 9, 20, 21, 32]
客户端数：20	时间：0.000997304916381836	客户端：[41, 27, 58, 4, 52, 56, 9, 20, 21, 32, 50, 39, 48, 60, 24, 14, 7, 43, 11, 1]
客户端数：30	时间：0.000997304916381836	客户端：[41, 27, 58, 4, 52, 56, 9, 20, 21, 32, 50, 39, 48, 60, 24, 14, 7, 43, 11, 1, 6, 54, 2, 12, 36, 46, 16, 33, 23, 28]
客户端数：40	时间：0.000997304916381836	客户端：[41, 27, 58, 4, 52, 56, 9, 20, 21, 32, 50, 39, 48, 60, 24, 14, 7, 43, 11, 1, 6, 54, 2, 12, 36, 46, 16, 33, 23, 28, 59, 51, 38, 57, 62, 63, 53, 18, 26, 47]
客户端数：50	时间：0.000997304916381836	客户端：[41, 27, 58, 4, 52, 56, 9, 20, 21, 32, 50, 39, 48, 60, 24, 14, 7, 43, 11, 1, 6, 54, 2, 12, 36, 46, 16, 33, 23, 28, 59, 51, 38, 57, 62, 63, 53, 18, 26, 47, 8, 61, 29, 42, 40, 49, 19, 22, 30, 15]
客户端数：55	时间：0.000997304916381836	客户端：[41, 27, 58, 4, 52, 56, 9, 20, 21, 32, 50, 39, 48, 60, 24, 14, 7, 43, 11, 1, 6, 54, 2, 12, 36, 46, 16, 33, 23, 28, 59, 51, 38, 57, 62, 63, 53, 18, 26, 47, 8, 61, 29, 42, 40, 49, 19, 22, 30, 15, 10, 64, 25, 37, 55]
T3
客户端数：10	时间：7.894488573074341	客户端：[41, 27, 58, 4, 52, 56, 9, 20, 21, 32]
客户端数：20	时间：32.2550950050354	客户端：[41, 27, 58, 4, 52, 56, 9, 20, 21, 32, 50, 39, 48, 60, 24, 14, 7, 43, 11, 1]
客户端数：30	时间：72.84413814544678	客户端：[41, 27, 58, 4, 52, 56, 9, 20, 21, 32, 50, 39, 48, 60, 24, 14, 7, 43, 11, 1, 6, 54, 2, 12, 36, 46, 16, 33, 23, 28]
客户端数：40	时间：129.9504370689392	客户端：[41, 27, 58, 4, 52, 56, 9, 20, 21, 32, 50, 39, 48, 60, 24, 14, 7, 43, 11, 1, 6, 54, 2, 12, 36, 46, 16, 33, 23, 28, 59, 51, 38, 57, 62, 63, 53, 18, 26, 47]
客户端数：50	时间：204.18753051757812	客户端：[41, 27, 58, 4, 52, 56, 9, 20, 21, 32, 50, 39, 48, 60, 24, 14, 7, 43, 11, 1, 6, 54, 2, 12, 36, 46, 16, 33, 23, 28, 59, 51, 38, 57, 62, 63, 53, 18, 26, 47, 8, 61, 29, 42, 40, 49, 19, 22, 30, 15]
客户端数：55	时间：247.8472192287445	客户端：[41, 27, 58, 4, 52, 56, 9, 20, 21, 32, 50, 39, 48, 60, 24, 14, 7, 43, 11, 1, 6, 54, 2, 12, 36, 46, 16, 33, 23, 28, 59, 51, 38, 57, 62, 63, 53, 18, 26, 47, 8, 61, 29, 42, 40, 49, 19, 22, 30, 15, 10, 64, 25, 37, 55]
BYTE
客户端数：0	字节数：0	客户端：[]
MAE：103711594.92307693
RMSE：103775246.82320699
finished iteration：2023-01-01 00:01:46.774090

Number of rounds 6
T1
客户端数：0	时间：0	客户端：[]
T2
客户端数：10	时间：0.0	客户端：[47, 1, 41, 4, 27, 52, 9, 56, 21, 10]
客户端数：20	时间：0.0	客户端：[47, 1, 41, 4, 27, 52, 9, 56, 21, 10, 20, 55, 6, 28, 48, 33, 11, 50, 19, 39]
客户端数：30	时间：0.0	客户端：[47, 1, 41, 4, 27, 52, 9, 56, 21, 10, 20, 55, 6, 28, 48, 33, 11, 50, 19, 39, 14, 64, 36, 25, 29, 60, 8, 54, 12, 40]
客户端数：40	时间：0.0009984970092773438	客户端：[47, 1, 41, 4, 27, 52, 9, 56, 21, 10, 20, 55, 6, 28, 48, 33, 11, 50, 19, 39, 14, 64, 36, 25, 29, 60, 8, 54, 12, 40, 7, 57, 23, 26, 24, 15, 59, 30, 63, 18]
客户端数：50	时间：0.0009984970092773438	客户端：[47, 1, 41, 4, 27, 52, 9, 56, 21, 10, 20, 55, 6, 28, 48, 33, 11, 50, 19, 39, 14, 64, 36, 25, 29, 60, 8, 54, 12, 40, 7, 57, 23, 26, 24, 15, 59, 30, 63, 18, 38, 22, 53, 51, 16, 46, 2, 42, 43, 32]
客户端数：54	时间：0.0009984970092773438	客户端：[47, 1, 41, 4, 27, 52, 9, 56, 21, 10, 20, 55, 6, 28, 48, 33, 11, 50, 19, 39, 14, 64, 36, 25, 29, 60, 8, 54, 12, 40, 7, 57, 23, 26, 24, 15, 59, 30, 63, 18, 38, 22, 53, 51, 16, 46, 2, 42, 43, 32, 61, 58, 49, 62]
T3
客户端数：10	时间：7.916522264480591	客户端：[47, 1, 41, 4, 27, 52, 9, 56, 21, 10]
客户端数：20	时间：32.70544505119324	客户端：[47, 1, 41, 4, 27, 52, 9, 56, 21, 10, 20, 55, 6, 28, 48, 33, 11, 50, 19, 39]
客户端数：30	时间：74.61198663711548	客户端：[47, 1, 41, 4, 27, 52, 9, 56, 21, 10, 20, 55, 6, 28, 48, 33, 11, 50, 19, 39, 14, 64, 36, 25, 29, 60, 8, 54, 12, 40]
客户端数：40	时间：134.6356806755066	客户端：[47, 1, 41, 4, 27, 52, 9, 56, 21, 10, 20, 55, 6, 28, 48, 33, 11, 50, 19, 39, 14, 64, 36, 25, 29, 60, 8, 54, 12, 40, 7, 57, 23, 26, 24, 15, 59, 30, 63, 18]
客户端数：50	时间：212.3065116405487	客户端：[47, 1, 41, 4, 27, 52, 9, 56, 21, 10, 20, 55, 6, 28, 48, 33, 11, 50, 19, 39, 14, 64, 36, 25, 29, 60, 8, 54, 12, 40, 7, 57, 23, 26, 24, 15, 59, 30, 63, 18, 38, 22, 53, 51, 16, 46, 2, 42, 43, 32]
客户端数：54	时间：248.38812708854675	客户端：[47, 1, 41, 4, 27, 52, 9, 56, 21, 10, 20, 55, 6, 28, 48, 33, 11, 50, 19, 39, 14, 64, 36, 25, 29, 60, 8, 54, 12, 40, 7, 57, 23, 26, 24, 15, 59, 30, 63, 18, 38, 22, 53, 51, 16, 46, 2, 42, 43, 32, 61, 58, 49, 62]
BYTE
客户端数：0	字节数：0	客户端：[]
MAE：93433498.26666667
RMSE：93777973.06509437
finished iteration：2023-01-01 00:02:08.359185

Number of rounds 7
T1
客户端数：0	时间：0	客户端：[]
T2
客户端数：10	时间：0.0	客户端：[41, 4, 27, 20, 47, 14, 61, 9, 39, 51]
客户端数：20	时间：0.0	客户端：[41, 4, 27, 20, 47, 14, 61, 9, 39, 51, 56, 10, 60, 43, 19, 22, 33, 11, 36, 64]
客户端数：30	时间：0.0009980201721191406	客户端：[41, 4, 27, 20, 47, 14, 61, 9, 39, 51, 56, 10, 60, 43, 19, 22, 33, 11, 36, 64, 8, 32, 42, 12, 25, 57, 23, 30, 28, 26]
客户端数：40	时间：0.0009980201721191406	客户端：[41, 4, 27, 20, 47, 14, 61, 9, 39, 51, 56, 10, 60, 43, 19, 22, 33, 11, 36, 64, 8, 32, 42, 12, 25, 57, 23, 30, 28, 26, 1, 2, 63, 18, 46, 52, 24, 6, 15, 38]
客户端数：50	时间：0.0019960403442382812	客户端：[41, 4, 27, 20, 47, 14, 61, 9, 39, 51, 56, 10, 60, 43, 19, 22, 33, 11, 36, 64, 8, 32, 42, 12, 25, 57, 23, 30, 28, 26, 1, 2, 63, 18, 46, 52, 24, 6, 15, 38, 50, 48, 16, 49, 53, 7, 59, 62, 29, 37]
客户端数：52	时间：0.0019960403442382812	客户端：[41, 4, 27, 20, 47, 14, 61, 9, 39, 51, 56, 10, 60, 43, 19, 22, 33, 11, 36, 64, 8, 32, 42, 12, 25, 57, 23, 30, 28, 26, 1, 2, 63, 18, 46, 52, 24, 6, 15, 38, 50, 48, 16, 49, 53, 7, 59, 62, 29, 37, 55, 40]
T3
客户端数：10	时间：8.043482065200806	客户端：[41, 4, 27, 20, 47, 14, 61, 9, 39, 51]
客户端数：20	时间：34.889564752578735	客户端：[41, 4, 27, 20, 47, 14, 61, 9, 39, 51, 56, 10, 60, 43, 19, 22, 33, 11, 36, 64]
客户端数：30	时间：82.97685885429382	客户端：[41, 4, 27, 20, 47, 14, 61, 9, 39, 51, 56, 10, 60, 43, 19, 22, 33, 11, 36, 64, 8, 32, 42, 12, 25, 57, 23, 30, 28, 26]
客户端数：40	时间：148.75556588172913	客户端：[41, 4, 27, 20, 47, 14, 61, 9, 39, 51, 56, 10, 60, 43, 19, 22, 33, 11, 36, 64, 8, 32, 42, 12, 25, 57, 23, 30, 28, 26, 1, 2, 63, 18, 46, 52, 24, 6, 15, 38]
客户端数：50	时间：250.77523589134216	客户端：[41, 4, 27, 20, 47, 14, 61, 9, 39, 51, 56, 10, 60, 43, 19, 22, 33, 11, 36, 64, 8, 32, 42, 12, 25, 57, 23, 30, 28, 26, 1, 2, 63, 18, 46, 52, 24, 6, 15, 38, 50, 48, 16, 49, 53, 7, 59, 62, 29, 37]
客户端数：52	时间：269.1780495643616	客户端：[41, 4, 27, 20, 47, 14, 61, 9, 39, 51, 56, 10, 60, 43, 19, 22, 33, 11, 36, 64, 8, 32, 42, 12, 25, 57, 23, 30, 28, 26, 1, 2, 63, 18, 46, 52, 24, 6, 15, 38, 50, 48, 16, 49, 53, 7, 59, 62, 29, 37, 55, 40]
BYTE
客户端数：0	字节数：0	客户端：[]
MAE：88606181.13846155
RMSE：88728455.55031067
finished iteration：2023-01-01 00:02:30.341694

Number of rounds 8
T1
客户端数：0	时间：0	客户端：[]
T2
客户端数：10	时间：0.001995086669921875	客户端：[1, 47, 14, 9, 4, 52, 28, 20, 41, 22]
客户端数：20	时间：0.001995086669921875	客户端：[1, 47, 14, 9, 4, 52, 28, 20, 41, 22, 50, 6, 51, 48, 43, 64, 33, 27, 60, 39]
客户端数：30	时间：0.001995086669921875	客户端：[1, 47, 14, 9, 4, 52, 28, 20, 41, 22, 50, 6, 51, 48, 43, 64, 33, 27, 60, 39, 2, 12, 49, 8, 30, 10, 53, 26, 57, 42]
客户端数：40	时间：0.001995086669921875	客户端：[1, 47, 14, 9, 4, 52, 28, 20, 41, 22, 50, 6, 51, 48, 43, 64, 33, 27, 60, 39, 2, 12, 49, 8, 30, 10, 53, 26, 57, 42, 36, 62, 59, 16, 7, 23, 19, 46, 25, 15]
客户端数：49	时间：0.001995086669921875	客户端：[1, 47, 14, 9, 4, 52, 28, 20, 41, 22, 50, 6, 51, 48, 43, 64, 33, 27, 60, 39, 2, 12, 49, 8, 30, 10, 53, 26, 57, 42, 36, 62, 59, 16, 7, 23, 19, 46, 25, 15, 24, 29, 38, 56, 55, 18, 61, 32, 54]
T3
客户端数：10	时间：8.668538570404053	客户端：[1, 47, 14, 9, 4, 52, 28, 20, 41, 22]
客户端数：20	时间：34.16557264328003	客户端：[1, 47, 14, 9, 4, 52, 28, 20, 41, 22, 50, 6, 51, 48, 43, 64, 33, 27, 60, 39]
客户端数：30	时间：77.24996185302734	客户端：[1, 47, 14, 9, 4, 52, 28, 20, 41, 22, 50, 6, 51, 48, 43, 64, 33, 27, 60, 39, 2, 12, 49, 8, 30, 10, 53, 26, 57, 42]
客户端数：40	时间：139.1199471950531	客户端：[1, 47, 14, 9, 4, 52, 28, 20, 41, 22, 50, 6, 51, 48, 43, 64, 33, 27, 60, 39, 2, 12, 49, 8, 30, 10, 53, 26, 57, 42, 36, 62, 59, 16, 7, 23, 19, 46, 25, 15]
客户端数：49	时间：231.50258541107178	客户端：[1, 47, 14, 9, 4, 52, 28, 20, 41, 22, 50, 6, 51, 48, 43, 64, 33, 27, 60, 39, 2, 12, 49, 8, 30, 10, 53, 26, 57, 42, 36, 62, 59, 16, 7, 23, 19, 46, 25, 15, 24, 29, 38, 56, 55, 18, 61, 32, 54]
BYTE
客户端数：0	字节数：0	客户端：[]
MAE：101081279.1076923
RMSE：101277461.8434506
finished iteration：2023-01-01 00:02:52.446018

Number of rounds 9
T1
客户端数：0	时间：0	客户端：[]
T2
客户端数：10	时间：0.0	客户端：[11, 1, 56, 22, 52, 25, 61, 32, 14, 20]
客户端数：20	时间：0.0	客户端：[11, 1, 56, 22, 52, 25, 61, 32, 14, 20, 10, 43, 27, 19, 42, 49, 51, 12, 50, 23]
客户端数：30	时间：0.0009984970092773438	客户端：[11, 1, 56, 22, 52, 25, 61, 32, 14, 20, 10, 43, 27, 19, 42, 49, 51, 12, 50, 23, 8, 16, 46, 2, 38, 62, 59, 9, 41, 6]
客户端数：40	时间：0.0009984970092773438	客户端：[11, 1, 56, 22, 52, 25, 61, 32, 14, 20, 10, 43, 27, 19, 42, 49, 51, 12, 50, 23, 8, 16, 46, 2, 38, 62, 59, 9, 41, 6, 7, 48, 15, 28, 33, 39, 18, 64, 47, 55]
客户端数：50	时间：0.0009984970092773438	客户端：[11, 1, 56, 22, 52, 25, 61, 32, 14, 20, 10, 43, 27, 19, 42, 49, 51, 12, 50, 23, 8, 16, 46, 2, 38, 62, 59, 9, 41, 6, 7, 48, 15, 28, 33, 39, 18, 64, 47, 55, 26, 29, 30, 60, 63, 24, 4, 36, 57, 53]
T3
客户端数：10	时间：15.416838645935059	客户端：[11, 1, 56, 22, 52, 25, 61, 32, 14, 20]
客户端数：20	时间：39.232996225357056	客户端：[11, 1, 56, 22, 52, 25, 61, 32, 14, 20, 10, 43, 27, 19, 42, 49, 51, 12, 50, 23]
客户端数：30	时间：80.5130386352539	客户端：[11, 1, 56, 22, 52, 25, 61, 32, 14, 20, 10, 43, 27, 19, 42, 49, 51, 12, 50, 23, 8, 16, 46, 2, 38, 62, 59, 9, 41, 6]
客户端数：40	时间：138.48620223999023	客户端：[11, 1, 56, 22, 52, 25, 61, 32, 14, 20, 10, 43, 27, 19, 42, 49, 51, 12, 50, 23, 8, 16, 46, 2, 38, 62, 59, 9, 41, 6, 7, 48, 15, 28, 33, 39, 18, 64, 47, 55]
客户端数：50	时间：234.10244989395142	客户端：[11, 1, 56, 22, 52, 25, 61, 32, 14, 20, 10, 43, 27, 19, 42, 49, 51, 12, 50, 23, 8, 16, 46, 2, 38, 62, 59, 9, 41, 6, 7, 48, 15, 28, 33, 39, 18, 64, 47, 55, 26, 29, 30, 60, 63, 24, 4, 36, 57, 53]
BYTE
客户端数：0	字节数：0	客户端：[]
MAE：105847495.35384615
RMSE：105922249.91749193
finished iteration：2023-01-01 00:03:14.665407

Number of rounds 10
T1
客户端数：0	时间：0	客户端：[]
T2
客户端数：10	时间：0.0	客户端：[47, 41, 4, 27, 56, 22, 28, 20, 14, 9]
客户端数：20	时间：0.0	客户端：[47, 41, 4, 27, 56, 22, 28, 20, 14, 9, 43, 50, 48, 24, 33, 51, 55, 19, 64, 12]
客户端数：30	时间：0.0009968280792236328	客户端：[47, 41, 4, 27, 56, 22, 28, 20, 14, 9, 43, 50, 48, 24, 33, 51, 55, 19, 64, 12, 49, 2, 39, 8, 29, 60, 36, 15, 38, 23]
客户端数：40	时间：0.0009968280792236328	客户端：[47, 41, 4, 27, 56, 22, 28, 20, 14, 9, 43, 50, 48, 24, 33, 51, 55, 19, 64, 12, 49, 2, 39, 8, 29, 60, 36, 15, 38, 23, 26, 46, 32, 18, 62, 30, 42, 6, 7, 61]
客户端数：48	时间：0.001993894577026367	客户端：[47, 41, 4, 27, 56, 22, 28, 20, 14, 9, 43, 50, 48, 24, 33, 51, 55, 19, 64, 12, 49, 2, 39, 8, 29, 60, 36, 15, 38, 23, 26, 46, 32, 18, 62, 30, 42, 6, 7, 61, 59, 52, 1, 25, 10, 16, 53, 57]
T3
客户端数：10	时间：0.1426084041595459	客户端：[47, 41, 4, 27, 56, 22, 28, 20, 14, 9]
客户端数：20	时间：0.304166316986084	客户端：[47, 41, 4, 27, 56, 22, 28, 20, 14, 9, 43, 50, 48, 24, 33, 51, 55, 19, 64, 12]
客户端数：30	时间：0.48467373847961426	客户端：[47, 41, 4, 27, 56, 22, 28, 20, 14, 9, 43, 50, 48, 24, 33, 51, 55, 19, 64, 12, 49, 2, 39, 8, 29, 60, 36, 15, 38, 23]
客户端数：40	时间：0.6821346282958984	客户端：[47, 41, 4, 27, 56, 22, 28, 20, 14, 9, 43, 50, 48, 24, 33, 51, 55, 19, 64, 12, 49, 2, 39, 8, 29, 60, 36, 15, 38, 23, 26, 46, 32, 18, 62, 30, 42, 6, 7, 61]
客户端数：48	时间：0.8556613922119141	客户端：[47, 41, 4, 27, 56, 22, 28, 20, 14, 9, 43, 50, 48, 24, 33, 51, 55, 19, 64, 12, 49, 2, 39, 8, 29, 60, 36, 15, 38, 23, 26, 46, 32, 18, 62, 30, 42, 6, 7, 61, 59, 52, 1, 25, 10, 16, 53, 57]
BYTE
客户端数：0	字节数：0	客户端：[]
MAE：88819652.78205128
RMSE：89793361.34382084
finished iteration：2023-01-01 00:03:36.929348

