Number of rounds 1
T1
客户端数：10	时间：0.02294301986694336	客户端：[59, 23, 21, 56, 16, 39, 24, 26, 55, 35]
客户端数：20	时间：0.025934934616088867	客户端：[59, 23, 21, 56, 16, 39, 24, 26, 55, 35, 63, 5, 42, 58, 30, 6, 8, 36, 9, 34]
客户端数：30	时间：0.030911922454833984	客户端：[59, 23, 21, 56, 16, 39, 24, 26, 55, 35, 63, 5, 42, 58, 30, 6, 8, 36, 9, 34, 1, 53, 52, 62, 20, 51, 28, 48, 49, 29]
客户端数：40	时间：0.033904075622558594	客户端：[59, 23, 21, 56, 16, 39, 24, 26, 55, 35, 63, 5, 42, 58, 30, 6, 8, 36, 9, 34, 1, 53, 52, 62, 20, 51, 28, 48, 49, 29, 31, 38, 60, 64, 50, 43, 27, 25, 7, 4]
客户端数：50	时间：0.03789186477661133	客户端：[59, 23, 21, 56, 16, 39, 24, 26, 55, 35, 63, 5, 42, 58, 30, 6, 8, 36, 9, 34, 1, 53, 52, 62, 20, 51, 28, 48, 49, 29, 31, 38, 60, 64, 50, 43, 27, 25, 7, 4, 2, 13, 37, 40, 3, 41, 45, 10, 18, 17]
客户端数：60	时间：0.042730093002319336	客户端：[59, 23, 21, 56, 16, 39, 24, 26, 55, 35, 63, 5, 42, 58, 30, 6, 8, 36, 9, 34, 1, 53, 52, 62, 20, 51, 28, 48, 49, 29, 31, 38, 60, 64, 50, 43, 27, 25, 7, 4, 2, 13, 37, 40, 3, 41, 45, 10, 18, 17, 14, 15, 54, 44, 19, 33, 12, 32, 46, 22]
T2
客户端数：10	时间：0.005005359649658203	客户端：[25, 35, 4, 32, 39, 20, 22, 17, 50, 7]
客户端数：20	时间：0.010990619659423828	客户端：[25, 35, 4, 32, 39, 20, 22, 17, 50, 7, 8, 33, 64, 26, 52, 18, 28, 19, 9, 6]
客户端数：30	时间：0.01493382453918457	客户端：[25, 35, 4, 32, 39, 20, 22, 17, 50, 7, 8, 33, 64, 26, 52, 18, 28, 19, 9, 6, 59, 27, 49, 31, 21, 43, 46, 36, 34, 5]
客户端数：40	时间：0.018558979034423828	客户端：[25, 35, 4, 32, 39, 20, 22, 17, 50, 7, 8, 33, 64, 26, 52, 18, 28, 19, 9, 6, 59, 27, 49, 31, 21, 43, 46, 36, 34, 5, 63, 12, 30, 23, 56, 45, 14, 1, 53, 44]
客户端数：50	时间：0.021559476852416992	客户端：[25, 35, 4, 32, 39, 20, 22, 17, 50, 7, 8, 33, 64, 26, 52, 18, 28, 19, 9, 6, 59, 27, 49, 31, 21, 43, 46, 36, 34, 5, 63, 12, 30, 23, 56, 45, 14, 1, 53, 44, 2, 10, 42, 16, 29, 41, 60, 37, 40, 55]
客户端数：60	时间：0.026475191116333008	客户端：[25, 35, 4, 32, 39, 20, 22, 17, 50, 7, 8, 33, 64, 26, 52, 18, 28, 19, 9, 6, 59, 27, 49, 31, 21, 43, 46, 36, 34, 5, 63, 12, 30, 23, 56, 45, 14, 1, 53, 44, 2, 10, 42, 16, 29, 41, 60, 37, 40, 55, 48, 58, 3, 54, 15, 38, 24, 51, 62, 13]
T3
客户端数：10	时间：16.858355045318604	客户端：[25, 35, 4, 32, 39, 20, 22, 17, 50, 7]
客户端数：20	时间：71.2247622013092	客户端：[25, 35, 4, 32, 39, 20, 22, 17, 50, 7, 8, 33, 64, 26, 52, 18, 28, 19, 9, 6]
客户端数：30	时间：167.8608078956604	客户端：[25, 35, 4, 32, 39, 20, 22, 17, 50, 7, 8, 33, 64, 26, 52, 18, 28, 19, 9, 6, 59, 27, 49, 31, 21, 43, 46, 36, 34, 5]
客户端数：40	时间：297.58057379722595	客户端：[25, 35, 4, 32, 39, 20, 22, 17, 50, 7, 8, 33, 64, 26, 52, 18, 28, 19, 9, 6, 59, 27, 49, 31, 21, 43, 46, 36, 34, 5, 63, 12, 30, 23, 56, 45, 14, 1, 53, 44]
客户端数：50	时间：458.46137714385986	客户端：[25, 35, 4, 32, 39, 20, 22, 17, 50, 7, 8, 33, 64, 26, 52, 18, 28, 19, 9, 6, 59, 27, 49, 31, 21, 43, 46, 36, 34, 5, 63, 12, 30, 23, 56, 45, 14, 1, 53, 44, 2, 10, 42, 16, 29, 41, 60, 37, 40, 55]
客户端数：60	时间：650.2120404243469	客户端：[25, 35, 4, 32, 39, 20, 22, 17, 50, 7, 8, 33, 64, 26, 52, 18, 28, 19, 9, 6, 59, 27, 49, 31, 21, 43, 46, 36, 34, 5, 63, 12, 30, 23, 56, 45, 14, 1, 53, 44, 2, 10, 42, 16, 29, 41, 60, 37, 40, 55, 48, 58, 3, 54, 15, 38, 24, 51, 62, 13]
BYTE
客户端数：10	字节数：3200000	客户端：[59, 23, 21, 56, 16, 39, 24, 26, 55, 35]
客户端数：20	字节数：6400000	客户端：[59, 23, 21, 56, 16, 39, 24, 26, 55, 35, 63, 5, 42, 58, 30, 6, 8, 36, 9, 34]
客户端数：30	字节数：9600000	客户端：[59, 23, 21, 56, 16, 39, 24, 26, 55, 35, 63, 5, 42, 58, 30, 6, 8, 36, 9, 34, 1, 53, 52, 62, 20, 51, 28, 48, 49, 29]
客户端数：40	字节数：12800000	客户端：[59, 23, 21, 56, 16, 39, 24, 26, 55, 35, 63, 5, 42, 58, 30, 6, 8, 36, 9, 34, 1, 53, 52, 62, 20, 51, 28, 48, 49, 29, 31, 38, 60, 64, 50, 43, 27, 25, 7, 4]
客户端数：50	字节数：16000000	客户端：[59, 23, 21, 56, 16, 39, 24, 26, 55, 35, 63, 5, 42, 58, 30, 6, 8, 36, 9, 34, 1, 53, 52, 62, 20, 51, 28, 48, 49, 29, 31, 38, 60, 64, 50, 43, 27, 25, 7, 4, 2, 13, 37, 40, 3, 41, 45, 10, 18, 17]
客户端数：60	字节数：19200000	客户端：[59, 23, 21, 56, 16, 39, 24, 26, 55, 35, 63, 5, 42, 58, 30, 6, 8, 36, 9, 34, 1, 53, 52, 62, 20, 51, 28, 48, 49, 29, 31, 38, 60, 64, 50, 43, 27, 25, 7, 4, 2, 13, 37, 40, 3, 41, 45, 10, 18, 17, 14, 15, 54, 44, 19, 33, 12, 32, 46, 22]
PRO_LEN：320000
score：0.5532698412698412
loss rate：0.44673015873015876
finished iteration：2023-01-01 00:00:35.202223

Number of rounds 2
T1
客户端数：10	时间：0.006097316741943359	客户端：[32, 26, 59, 4, 19, 34, 20, 49, 56, 43]
客户端数：20	时间：0.011112213134765625	客户端：[32, 26, 59, 4, 19, 34, 20, 49, 56, 43, 5, 33, 36, 30, 28, 52, 53, 63, 12, 1]
客户端数：30	时间：0.0160982608795166	客户端：[32, 26, 59, 4, 19, 34, 20, 49, 56, 43, 5, 33, 36, 30, 28, 52, 53, 63, 12, 1, 6, 16, 42, 39, 2, 44, 8, 31, 23, 46]
客户端数：40	时间：0.023120641708374023	客户端：[32, 26, 59, 4, 19, 34, 20, 49, 56, 43, 5, 33, 36, 30, 28, 52, 53, 63, 12, 1, 6, 16, 42, 39, 2, 44, 8, 31, 23, 46, 60, 14, 50, 29, 41, 27, 64, 17, 55, 7]
客户端数：50	时间：0.027174949645996094	客户端：[32, 26, 59, 4, 19, 34, 20, 49, 56, 43, 5, 33, 36, 30, 28, 52, 53, 63, 12, 1, 6, 16, 42, 39, 2, 44, 8, 31, 23, 46, 60, 14, 50, 29, 41, 27, 64, 17, 55, 7, 40, 48, 37, 9, 18, 58, 21, 10, 3, 54]
客户端数：60	时间：0.031165361404418945	客户端：[32, 26, 59, 4, 19, 34, 20, 49, 56, 43, 5, 33, 36, 30, 28, 52, 53, 63, 12, 1, 6, 16, 42, 39, 2, 44, 8, 31, 23, 46, 60, 14, 50, 29, 41, 27, 64, 17, 55, 7, 40, 48, 37, 9, 18, 58, 21, 10, 3, 54, 15, 35, 22, 45, 38, 24, 51, 25, 62, 13]
T2
客户端数：10	时间：0.0029833316802978516	客户端：[25, 35, 22, 64, 17, 8, 50, 7, 32, 52]
客户端数：20	时间：0.0039827823638916016	客户端：[25, 35, 22, 64, 17, 8, 50, 7, 32, 52, 4, 51, 39, 31, 14, 58, 59, 19, 26, 41]
客户端数：30	时间：0.0059778690338134766	客户端：[25, 35, 22, 64, 17, 8, 50, 7, 32, 52, 4, 51, 39, 31, 14, 58, 59, 19, 26, 41, 6, 33, 27, 40, 28, 21, 62, 37, 1, 43]
客户端数：40	时间：0.007970809936523438	客户端：[25, 35, 22, 64, 17, 8, 50, 7, 32, 52, 4, 51, 39, 31, 14, 58, 59, 19, 26, 41, 6, 33, 27, 40, 28, 21, 62, 37, 1, 43, 49, 13, 55, 15, 56, 54, 12, 3, 48, 63]
客户端数：50	时间：0.009965658187866211	客户端：[25, 35, 22, 64, 17, 8, 50, 7, 32, 52, 4, 51, 39, 31, 14, 58, 59, 19, 26, 41, 6, 33, 27, 40, 28, 21, 62, 37, 1, 43, 49, 13, 55, 15, 56, 54, 12, 3, 48, 63, 45, 16, 10, 9, 30, 53, 36, 18, 60, 29]
客户端数：60	时间：0.010963201522827148	客户端：[25, 35, 22, 64, 17, 8, 50, 7, 32, 52, 4, 51, 39, 31, 14, 58, 59, 19, 26, 41, 6, 33, 27, 40, 28, 21, 62, 37, 1, 43, 49, 13, 55, 15, 56, 54, 12, 3, 48, 63, 45, 16, 10, 9, 30, 53, 36, 18, 60, 29, 38, 42, 24, 5, 34, 44, 2, 23, 46, 20]
T3
客户端数：10	时间：1.592172384262085	客户端：[25, 35, 22, 64, 17, 8, 50, 7, 32, 52]
客户端数：20	时间：3.208294630050659	客户端：[25, 35, 22, 64, 17, 8, 50, 7, 32, 52, 4, 51, 39, 31, 14, 58, 59, 19, 26, 41]
客户端数：30	时间：4.8443615436553955	客户端：[25, 35, 22, 64, 17, 8, 50, 7, 32, 52, 4, 51, 39, 31, 14, 58, 59, 19, 26, 41, 6, 33, 27, 40, 28, 21, 62, 37, 1, 43]
客户端数：40	时间：6.504359722137451	客户端：[25, 35, 22, 64, 17, 8, 50, 7, 32, 52, 4, 51, 39, 31, 14, 58, 59, 19, 26, 41, 6, 33, 27, 40, 28, 21, 62, 37, 1, 43, 49, 13, 55, 15, 56, 54, 12, 3, 48, 63]
客户端数：50	时间：8.187288999557495	客户端：[25, 35, 22, 64, 17, 8, 50, 7, 32, 52, 4, 51, 39, 31, 14, 58, 59, 19, 26, 41, 6, 33, 27, 40, 28, 21, 62, 37, 1, 43, 49, 13, 55, 15, 56, 54, 12, 3, 48, 63, 45, 16, 10, 9, 30, 53, 36, 18, 60, 29]
客户端数：60	时间：9.894152641296387	客户端：[25, 35, 22, 64, 17, 8, 50, 7, 32, 52, 4, 51, 39, 31, 14, 58, 59, 19, 26, 41, 6, 33, 27, 40, 28, 21, 62, 37, 1, 43, 49, 13, 55, 15, 56, 54, 12, 3, 48, 63, 45, 16, 10, 9, 30, 53, 36, 18, 60, 29, 38, 42, 24, 5, 34, 44, 2, 23, 46, 20]
BYTE
客户端数：10	字节数：3200000	客户端：[32, 26, 59, 4, 19, 34, 20, 49, 56, 43]
客户端数：20	字节数：6400000	客户端：[32, 26, 59, 4, 19, 34, 20, 49, 56, 43, 5, 33, 36, 30, 28, 52, 53, 63, 12, 1]
客户端数：30	字节数：9600000	客户端：[32, 26, 59, 4, 19, 34, 20, 49, 56, 43, 5, 33, 36, 30, 28, 52, 53, 63, 12, 1, 6, 16, 42, 39, 2, 44, 8, 31, 23, 46]
客户端数：40	字节数：12800000	客户端：[32, 26, 59, 4, 19, 34, 20, 49, 56, 43, 5, 33, 36, 30, 28, 52, 53, 63, 12, 1, 6, 16, 42, 39, 2, 44, 8, 31, 23, 46, 60, 14, 50, 29, 41, 27, 64, 17, 55, 7]
客户端数：50	字节数：16000000	客户端：[32, 26, 59, 4, 19, 34, 20, 49, 56, 43, 5, 33, 36, 30, 28, 52, 53, 63, 12, 1, 6, 16, 42, 39, 2, 44, 8, 31, 23, 46, 60, 14, 50, 29, 41, 27, 64, 17, 55, 7, 40, 48, 37, 9, 18, 58, 21, 10, 3, 54]
客户端数：60	字节数：19200000	客户端：[32, 26, 59, 4, 19, 34, 20, 49, 56, 43, 5, 33, 36, 30, 28, 52, 53, 63, 12, 1, 6, 16, 42, 39, 2, 44, 8, 31, 23, 46, 60, 14, 50, 29, 41, 27, 64, 17, 55, 7, 40, 48, 37, 9, 18, 58, 21, 10, 3, 54, 15, 35, 22, 45, 38, 24, 51, 25, 62, 13]
PRO_LEN：320000
score：0.9517460317460318
loss rate：0.048253968253968216
finished iteration：2023-01-01 00:01:22.681400

