Number of rounds 1
T1
客户端数：0	时间：0	客户端：[]
T2
客户端数：10	时间：0.000997304916381836	客户端：[6, 23, 8, 38, 45, 31, 54, 46, 12, 27]
客户端数：20	时间：0.000997304916381836	客户端：[6, 23, 8, 38, 45, 31, 54, 46, 12, 27, 3, 19, 20, 48, 24, 37, 36, 62, 53, 11]
客户端数：30	时间：0.000997304916381836	客户端：[6, 23, 8, 38, 45, 31, 54, 46, 12, 27, 3, 19, 20, 48, 24, 37, 36, 62, 53, 11, 9, 32, 51, 25, 7, 55, 17, 30, 29, 10]
客户端数：40	时间：0.000997304916381836	客户端：[6, 23, 8, 38, 45, 31, 54, 46, 12, 27, 3, 19, 20, 48, 24, 37, 36, 62, 53, 11, 9, 32, 51, 25, 7, 55, 17, 30, 29, 10, 1, 60, 63, 50, 61, 2, 49, 42, 13, 52]
客户端数：50	时间：0.0019953250885009766	客户端：[6, 23, 8, 38, 45, 31, 54, 46, 12, 27, 3, 19, 20, 48, 24, 37, 36, 62, 53, 11, 9, 32, 51, 25, 7, 55, 17, 30, 29, 10, 1, 60, 63, 50, 61, 2, 49, 42, 13, 52, 5, 16, 35, 56, 26, 21, 64, 4, 57, 22]
客户端数：60	时间：0.0019953250885009766	客户端：[6, 23, 8, 38, 45, 31, 54, 46, 12, 27, 3, 19, 20, 48, 24, 37, 36, 62, 53, 11, 9, 32, 51, 25, 7, 55, 17, 30, 29, 10, 1, 60, 63, 50, 61, 2, 49, 42, 13, 52, 5, 16, 35, 56, 26, 21, 64, 4, 57, 22, 34, 14, 39, 41, 33, 59, 28, 43, 18, 15]
T3
客户端数：10	时间：7.91649866104126	客户端：[6, 23, 8, 38, 45, 31, 54, 46, 12, 27]
客户端数：20	时间：32.66866898536682	客户端：[6, 23, 8, 38, 45, 31, 54, 46, 12, 27, 3, 19, 20, 48, 24, 37, 36, 62, 53, 11]
客户端数：30	时间：74.18575072288513	客户端：[6, 23, 8, 38, 45, 31, 54, 46, 12, 27, 3, 19, 20, 48, 24, 37, 36, 62, 53, 11, 9, 32, 51, 25, 7, 55, 17, 30, 29, 10]
客户端数：40	时间：132.33873963356018	客户端：[6, 23, 8, 38, 45, 31, 54, 46, 12, 27, 3, 19, 20, 48, 24, 37, 36, 62, 53, 11, 9, 32, 51, 25, 7, 55, 17, 30, 29, 10, 1, 60, 63, 50, 61, 2, 49, 42, 13, 52]
客户端数：50	时间：207.018892288208	客户端：[6, 23, 8, 38, 45, 31, 54, 46, 12, 27, 3, 19, 20, 48, 24, 37, 36, 62, 53, 11, 9, 32, 51, 25, 7, 55, 17, 30, 29, 10, 1, 60, 63, 50, 61, 2, 49, 42, 13, 52, 5, 16, 35, 56, 26, 21, 64, 4, 57, 22]
客户端数：60	时间：299.0881357192993	客户端：[6, 23, 8, 38, 45, 31, 54, 46, 12, 27, 3, 19, 20, 48, 24, 37, 36, 62, 53, 11, 9, 32, 51, 25, 7, 55, 17, 30, 29, 10, 1, 60, 63, 50, 61, 2, 49, 42, 13, 52, 5, 16, 35, 56, 26, 21, 64, 4, 57, 22, 34, 14, 39, 41, 33, 59, 28, 43, 18, 15]
BYTE
客户端数：0	字节数：0	客户端：[]
MAE：17465772.0
RMSE：17465772.001013175
finished iteration：2023-01-01 00:00:13.381963

Number of rounds 2
T1
客户端数：0	时间：0	客户端：[]
T2
客户端数：10	时间：0.0	客户端：[40, 6, 27, 50, 54, 38, 45, 24, 5, 31]
客户端数：20	时间：0.0	客户端：[40, 6, 27, 50, 54, 38, 45, 24, 5, 31, 19, 60, 22, 14, 3, 64, 9, 13, 15, 55]
客户端数：30	时间：0.0	客户端：[40, 6, 27, 50, 54, 38, 45, 24, 5, 31, 19, 60, 22, 14, 3, 64, 9, 13, 15, 55, 7, 43, 36, 1, 33, 35, 48, 42, 2, 29]
客户端数：40	时间：0.0019943714141845703	客户端：[40, 6, 27, 50, 54, 38, 45, 24, 5, 31, 19, 60, 22, 14, 3, 64, 9, 13, 15, 55, 7, 43, 36, 1, 33, 35, 48, 42, 2, 29, 52, 63, 10, 32, 25, 34, 30, 11, 57, 4]
客户端数：50	时间：0.002991914749145508	客户端：[40, 6, 27, 50, 54, 38, 45, 24, 5, 31, 19, 60, 22, 14, 3, 64, 9, 13, 15, 55, 7, 43, 36, 1, 33, 35, 48, 42, 2, 29, 52, 63, 10, 32, 25, 34, 30, 11, 57, 4, 37, 28, 49, 17, 21, 59, 62, 23, 18, 53]
客户端数：60	时间：0.002991914749145508	客户端：[40, 6, 27, 50, 54, 38, 45, 24, 5, 31, 19, 60, 22, 14, 3, 64, 9, 13, 15, 55, 7, 43, 36, 1, 33, 35, 48, 42, 2, 29, 52, 63, 10, 32, 25, 34, 30, 11, 57, 4, 37, 28, 49, 17, 21, 59, 62, 23, 18, 53, 26, 20, 41, 12, 16, 8, 61, 56, 39, 46]
T3
客户端数：10	时间：19.181741952896118	客户端：[40, 6, 27, 50, 54, 38, 45, 24, 5, 31]
客户端数：20	时间：42.70811414718628	客户端：[40, 6, 27, 50, 54, 38, 45, 24, 5, 31, 19, 60, 22, 14, 3, 64, 9, 13, 15, 55]
客户端数：30	时间：83.00298118591309	客户端：[40, 6, 27, 50, 54, 38, 45, 24, 5, 31, 19, 60, 22, 14, 3, 64, 9, 13, 15, 55, 7, 43, 36, 1, 33, 35, 48, 42, 2, 29]
客户端数：40	时间：140.0296549797058	客户端：[40, 6, 27, 50, 54, 38, 45, 24, 5, 31, 19, 60, 22, 14, 3, 64, 9, 13, 15, 55, 7, 43, 36, 1, 33, 35, 48, 42, 2, 29, 52, 63, 10, 32, 25, 34, 30, 11, 57, 4]
客户端数：50	时间：213.87657165527344	客户端：[40, 6, 27, 50, 54, 38, 45, 24, 5, 31, 19, 60, 22, 14, 3, 64, 9, 13, 15, 55, 7, 43, 36, 1, 33, 35, 48, 42, 2, 29, 52, 63, 10, 32, 25, 34, 30, 11, 57, 4, 37, 28, 49, 17, 21, 59, 62, 23, 18, 53]
客户端数：60	时间：304.4871017932892	客户端：[40, 6, 27, 50, 54, 38, 45, 24, 5, 31, 19, 60, 22, 14, 3, 64, 9, 13, 15, 55, 7, 43, 36, 1, 33, 35, 48, 42, 2, 29, 52, 63, 10, 32, 25, 34, 30, 11, 57, 4, 37, 28, 49, 17, 21, 59, 62, 23, 18, 53, 26, 20, 41, 12, 16, 8, 61, 56, 39, 46]
BYTE
客户端数：0	字节数：0	客户端：[]
MAE：93489662.0
RMSE：93489662.51562807
finished iteration：2023-01-01 00:00:35.283476

Number of rounds 3
T1
客户端数：0	时间：0	客户端：[]
T2
客户端数：10	时间：0.000997304916381836	客户端：[6, 23, 50, 38, 8, 54, 45, 5, 27, 24]
客户端数：20	时间：0.0019941329956054688	客户端：[6, 23, 50, 38, 8, 54, 45, 5, 27, 24, 43, 55, 7, 19, 31, 3, 46, 36, 30, 64]
客户端数：30	时间：0.0019941329956054688	客户端：[6, 23, 50, 38, 8, 54, 45, 5, 27, 24, 43, 55, 7, 19, 31, 3, 46, 36, 30, 64, 60, 14, 4, 61, 32, 57, 10, 48, 42, 28]
客户端数：40	时间：0.0019941329956054688	客户端：[6, 23, 50, 38, 8, 54, 45, 5, 27, 24, 43, 55, 7, 19, 31, 3, 46, 36, 30, 64, 60, 14, 4, 61, 32, 57, 10, 48, 42, 28, 35, 18, 34, 37, 2, 16, 11, 29, 63, 22]
客户端数：50	时间：0.0019941329956054688	客户端：[6, 23, 50, 38, 8, 54, 45, 5, 27, 24, 43, 55, 7, 19, 31, 3, 46, 36, 30, 64, 60, 14, 4, 61, 32, 57, 10, 48, 42, 28, 35, 18, 34, 37, 2, 16, 11, 29, 63, 22, 21, 1, 20, 25, 26, 41, 39, 15, 59, 17]
客户端数：59	时间：0.0019941329956054688	客户端：[6, 23, 50, 38, 8, 54, 45, 5, 27, 24, 43, 55, 7, 19, 31, 3, 46, 36, 30, 64, 60, 14, 4, 61, 32, 57, 10, 48, 42, 28, 35, 18, 34, 37, 2, 16, 11, 29, 63, 22, 21, 1, 20, 25, 26, 41, 39, 15, 59, 17, 53, 9, 52, 13, 56, 33, 12, 62, 49]
T3
客户端数：10	时间：7.740583181381226	客户端：[6, 23, 50, 38, 8, 54, 45, 5, 27, 24]
客户端数：20	时间：32.654638051986694	客户端：[6, 23, 50, 38, 8, 54, 45, 5, 27, 24, 43, 55, 7, 19, 31, 3, 46, 36, 30, 64]
客户端数：30	时间：74.4787826538086	客户端：[6, 23, 50, 38, 8, 54, 45, 5, 27, 24, 43, 55, 7, 19, 31, 3, 46, 36, 30, 64, 60, 14, 4, 61, 32, 57, 10, 48, 42, 28]
客户端数：40	时间：132.96514225006104	客户端：[6, 23, 50, 38, 8, 54, 45, 5, 27, 24, 43, 55, 7, 19, 31, 3, 46, 36, 30, 64, 60, 14, 4, 61, 32, 57, 10, 48, 42, 28, 35, 18, 34, 37, 2, 16, 11, 29, 63, 22]
客户端数：50	时间：208.77561259269714	客户端：[6, 23, 50, 38, 8, 54, 45, 5, 27, 24, 43, 55, 7, 19, 31, 3, 46, 36, 30, 64, 60, 14, 4, 61, 32, 57, 10, 48, 42, 28, 35, 18, 34, 37, 2, 16, 11, 29, 63, 22, 21, 1, 20, 25, 26, 41, 39, 15, 59, 17]
客户端数：59	时间：291.3025987148285	客户端：[6, 23, 50, 38, 8, 54, 45, 5, 27, 24, 43, 55, 7, 19, 31, 3, 46, 36, 30, 64, 60, 14, 4, 61, 32, 57, 10, 48, 42, 28, 35, 18, 34, 37, 2, 16, 11, 29, 63, 22, 21, 1, 20, 25, 26, 41, 39, 15, 59, 17, 53, 9, 52, 13, 56, 33, 12, 62, 49]
BYTE
客户端数：0	字节数：0	客户端：[]
MAE：82388607.91346154
RMSE：84423701.86039478
finished iteration：2023-01-01 00:00:56.677023

Number of rounds 4
T1
客户端数：0	时间：0	客户端：[]
T2
客户端数：10	时间：0.0	客户端：[6, 23, 8, 38, 50, 54, 27, 45, 5, 24]
客户端数：20	时间：0.0009748935699462891	客户端：[6, 23, 8, 38, 50, 54, 27, 45, 5, 24, 46, 60, 31, 14, 30, 13, 20, 64, 9, 35]
客户端数：30	时间：0.0009748935699462891	客户端：[6, 23, 8, 38, 50, 54, 27, 45, 5, 24, 46, 60, 31, 14, 30, 13, 20, 64, 9, 35, 7, 37, 62, 41, 3, 11, 16, 1, 25, 17]
客户端数：40	时间：0.0009748935699462891	客户端：[6, 23, 8, 38, 50, 54, 27, 45, 5, 24, 46, 60, 31, 14, 30, 13, 20, 64, 9, 35, 7, 37, 62, 41, 3, 11, 16, 1, 25, 17, 32, 63, 10, 48, 28, 18, 2, 29, 26, 42]
客户端数：50	时间：0.0009748935699462891	客户端：[6, 23, 8, 38, 50, 54, 27, 45, 5, 24, 46, 60, 31, 14, 30, 13, 20, 64, 9, 35, 7, 37, 62, 41, 3, 11, 16, 1, 25, 17, 32, 63, 10, 48, 28, 18, 2, 29, 26, 42, 34, 55, 52, 53, 56, 36, 15, 33, 61, 49]
客户端数：58	时间：0.0019724369049072266	客户端：[6, 23, 8, 38, 50, 54, 27, 45, 5, 24, 46, 60, 31, 14, 30, 13, 20, 64, 9, 35, 7, 37, 62, 41, 3, 11, 16, 1, 25, 17, 32, 63, 10, 48, 28, 18, 2, 29, 26, 42, 34, 55, 52, 53, 56, 36, 15, 33, 61, 49, 43, 59, 21, 12, 4, 57, 22, 39]
T3
客户端数：10	时间：7.655175685882568	客户端：[6, 23, 8, 38, 50, 54, 27, 45, 5, 24]
客户端数：20	时间：31.69278645515442	客户端：[6, 23, 8, 38, 50, 54, 27, 45, 5, 24, 46, 60, 31, 14, 30, 13, 20, 64, 9, 35]
客户端数：30	时间：71.99213004112244	客户端：[6, 23, 8, 38, 50, 54, 27, 45, 5, 24, 46, 60, 31, 14, 30, 13, 20, 64, 9, 35, 7, 37, 62, 41, 3, 11, 16, 1, 25, 17]
客户端数：40	时间：128.92749214172363	客户端：[6, 23, 8, 38, 50, 54, 27, 45, 5, 24, 46, 60, 31, 14, 30, 13, 20, 64, 9, 35, 7, 37, 62, 41, 3, 11, 16, 1, 25, 17, 32, 63, 10, 48, 28, 18, 2, 29, 26, 42]
客户端数：50	时间：202.67491269111633	客户端：[6, 23, 8, 38, 50, 54, 27, 45, 5, 24, 46, 60, 31, 14, 30, 13, 20, 64, 9, 35, 7, 37, 62, 41, 3, 11, 16, 1, 25, 17, 32, 63, 10, 48, 28, 18, 2, 29, 26, 42, 34, 55, 52, 53, 56, 36, 15, 33, 61, 49]
客户端数：58	时间：273.9230766296387	客户端：[6, 23, 8, 38, 50, 54, 27, 45, 5, 24, 46, 60, 31, 14, 30, 13, 20, 64, 9, 35, 7, 37, 62, 41, 3, 11, 16, 1, 25, 17, 32, 63, 10, 48, 28, 18, 2, 29, 26, 42, 34, 55, 52, 53, 56, 36, 15, 33, 61, 49, 43, 59, 21, 12, 4, 57, 22, 39]
BYTE
客户端数：0	字节数：0	客户端：[]
MAE：88481807.35384615
RMSE：89052383.38910115
finished iteration：2023-01-01 00:01:18.116624

Number of rounds 5
T1
客户端数：0	时间：0	客户端：[]
T2
客户端数：10	时间：2.956390380859375e-05	客户端：[27, 6, 23, 50, 38, 45, 5, 31, 8, 60]
客户端数：20	时间：0.0010273456573486328	客户端：[27, 6, 23, 50, 38, 45, 5, 31, 8, 60, 22, 30, 43, 24, 64, 55, 3, 46, 56, 7]
客户端数：30	时间：0.0020248889923095703	客户端：[27, 6, 23, 50, 38, 45, 5, 31, 8, 60, 22, 30, 43, 24, 64, 55, 3, 46, 56, 7, 36, 15, 16, 37, 33, 14, 25, 1, 32, 61]
客户端数：40	时间：0.0020248889923095703	客户端：[27, 6, 23, 50, 38, 45, 5, 31, 8, 60, 22, 30, 43, 24, 64, 55, 3, 46, 56, 7, 36, 15, 16, 37, 33, 14, 25, 1, 32, 61, 48, 49, 42, 52, 13, 11, 34, 28, 21, 63]
客户端数：50	时间：0.0020248889923095703	客户端：[27, 6, 23, 50, 38, 45, 5, 31, 8, 60, 22, 30, 43, 24, 64, 55, 3, 46, 56, 7, 36, 15, 16, 37, 33, 14, 25, 1, 32, 61, 48, 49, 42, 52, 13, 11, 34, 28, 21, 63, 62, 54, 26, 57, 12, 2, 20, 4, 59, 17]
客户端数：57	时间：0.0020248889923095703	客户端：[27, 6, 23, 50, 38, 45, 5, 31, 8, 60, 22, 30, 43, 24, 64, 55, 3, 46, 56, 7, 36, 15, 16, 37, 33, 14, 25, 1, 32, 61, 48, 49, 42, 52, 13, 11, 34, 28, 21, 63, 62, 54, 26, 57, 12, 2, 20, 4, 59, 17, 9, 41, 10, 35, 53, 18, 39]
T3
客户端数：10	时间：7.774693250656128	客户端：[27, 6, 23, 50, 38, 45, 5, 31, 8, 60]
客户端数：20	时间：32.308634757995605	客户端：[27, 6, 23, 50, 38, 45, 5, 31, 8, 60, 22, 30, 43, 24, 64, 55, 3, 46, 56, 7]
客户端数：30	时间：73.14195275306702	客户端：[27, 6, 23, 50, 38, 45, 5, 31, 8, 60, 22, 30, 43, 24, 64, 55, 3, 46, 56, 7, 36, 15, 16, 37, 33, 14, 25, 1, 32, 61]
客户端数：40	时间：130.97285842895508	客户端：[27, 6, 23, 50, 38, 45, 5, 31, 8, 60, 22, 30, 43, 24, 64, 55, 3, 46, 56, 7, 36, 15, 16, 37, 33, 14, 25, 1, 32, 61, 48, 49, 42, 52, 13, 11, 34, 28, 21, 63]
客户端数：50	时间：205.66724753379822	客户端：[27, 6, 23, 50, 38, 45, 5, 31, 8, 60, 22, 30, 43, 24, 64, 55, 3, 46, 56, 7, 36, 15, 16, 37, 33, 14, 25, 1, 32, 61, 48, 49, 42, 52, 13, 11, 34, 28, 21, 63, 62, 54, 26, 57, 12, 2, 20, 4, 59, 17]
客户端数：57	时间：267.83132910728455	客户端：[27, 6, 23, 50, 38, 45, 5, 31, 8, 60, 22, 30, 43, 24, 64, 55, 3, 46, 56, 7, 36, 15, 16, 37, 33, 14, 25, 1, 32, 61, 48, 49, 42, 52, 13, 11, 34, 28, 21, 63, 62, 54, 26, 57, 12, 2, 20, 4, 59, 17, 9, 41, 10, 35, 53, 18, 39]
BYTE
客户端数：0	字节数：0	客户端：[]
MAE：95900723.82564102
RMSE：96055494.09778003
finished iteration：2023-01-01 00:01:39.656840

Number of rounds 6
T1
客户端数：0	时间：0	客户端：[]
T2
客户端数：10	时间：0.0	客户端：[27, 6, 8, 38, 54, 45, 46, 24, 12, 43]
客户端数：20	时间：0.0009970664978027344	客户端：[27, 6, 8, 38, 54, 45, 46, 24, 12, 43, 14, 13, 9, 3, 57, 35, 33, 64, 56, 23]
客户端数：30	时间：0.0009970664978027344	客户端：[27, 6, 8, 38, 54, 45, 46, 24, 12, 43, 14, 13, 9, 3, 57, 35, 33, 64, 56, 23, 11, 41, 34, 26, 1, 25, 32, 17, 62, 39]
客户端数：40	时间：0.0020101070404052734	客户端：[27, 6, 8, 38, 54, 45, 46, 24, 12, 43, 14, 13, 9, 3, 57, 35, 33, 64, 56, 23, 11, 41, 34, 26, 1, 25, 32, 17, 62, 39, 49, 16, 21, 52, 61, 20, 4, 2, 60, 53]
客户端数：50	时间：0.0020101070404052734	客户端：[27, 6, 8, 38, 54, 45, 46, 24, 12, 43, 14, 13, 9, 3, 57, 35, 33, 64, 56, 23, 11, 41, 34, 26, 1, 25, 32, 17, 62, 39, 49, 16, 21, 52, 61, 20, 4, 2, 60, 53, 10, 50, 55, 31, 63, 59, 28, 5, 7, 18]
客户端数：58	时间：0.003007650375366211	客户端：[27, 6, 8, 38, 54, 45, 46, 24, 12, 43, 14, 13, 9, 3, 57, 35, 33, 64, 56, 23, 11, 41, 34, 26, 1, 25, 32, 17, 62, 39, 49, 16, 21, 52, 61, 20, 4, 2, 60, 53, 10, 50, 55, 31, 63, 59, 28, 5, 7, 18, 15, 22, 42, 29, 48, 36, 30, 37]
T3
客户端数：10	时间：7.853353977203369	客户端：[27, 6, 8, 38, 54, 45, 46, 24, 12, 43]
客户端数：20	时间：32.75443696975708	客户端：[27, 6, 8, 38, 54, 45, 46, 24, 12, 43, 14, 13, 9, 3, 57, 35, 33, 64, 56, 23]
客户端数：30	时间：73.60022711753845	客户端：[27, 6, 8, 38, 54, 45, 46, 24, 12, 43, 14, 13, 9, 3, 57, 35, 33, 64, 56, 23, 11, 41, 34, 26, 1, 25, 32, 17, 62, 39]
客户端数：40	时间：130.61183071136475	客户端：[27, 6, 8, 38, 54, 45, 46, 24, 12, 43, 14, 13, 9, 3, 57, 35, 33, 64, 56, 23, 11, 41, 34, 26, 1, 25, 32, 17, 62, 39, 49, 16, 21, 52, 61, 20, 4, 2, 60, 53]
客户端数：50	时间：204.40873193740845	客户端：[27, 6, 8, 38, 54, 45, 46, 24, 12, 43, 14, 13, 9, 3, 57, 35, 33, 64, 56, 23, 11, 41, 34, 26, 1, 25, 32, 17, 62, 39, 49, 16, 21, 52, 61, 20, 4, 2, 60, 53, 10, 50, 55, 31, 63, 59, 28, 5, 7, 18]
客户端数：58	时间：293.88197588920593	客户端：[27, 6, 8, 38, 54, 45, 46, 24, 12, 43, 14, 13, 9, 3, 57, 35, 33, 64, 56, 23, 11, 41, 34, 26, 1, 25, 32, 17, 62, 39, 49, 16, 21, 52, 61, 20, 4, 2, 60, 53, 10, 50, 55, 31, 63, 59, 28, 5, 7, 18, 15, 22, 42, 29, 48, 36, 30, 37]
BYTE
客户端数：0	字节数：0	客户端：[]
MAE：98748997.13846155
RMSE：99086207.47200188
finished iteration：2023-01-01 00:02:01.156135

Number of rounds 7
T1
客户端数：0	时间：0	客户端：[]
T2
客户端数：10	时间：0.0009982585906982422	客户端：[6, 54, 8, 50, 45, 60, 46, 31, 13, 55]
客户端数：20	时间：0.0010149478912353516	客户端：[6, 54, 8, 50, 45, 60, 46, 31, 13, 55, 3, 41, 37, 11, 26, 42, 56, 64, 38, 10]
客户端数：30	时间：0.0010149478912353516	客户端：[6, 54, 8, 50, 45, 60, 46, 31, 13, 55, 3, 41, 37, 11, 26, 42, 56, 64, 38, 10, 62, 34, 25, 4, 32, 16, 18, 52, 61, 24]
客户端数：40	时间：0.0010149478912353516	客户端：[6, 54, 8, 50, 45, 60, 46, 31, 13, 55, 3, 41, 37, 11, 26, 42, 56, 64, 38, 10, 62, 34, 25, 4, 32, 16, 18, 52, 61, 24, 49, 39, 21, 17, 23, 53, 63, 1, 7, 27]
客户端数：50	时间：0.0020122528076171875	客户端：[6, 54, 8, 50, 45, 60, 46, 31, 13, 55, 3, 41, 37, 11, 26, 42, 56, 64, 38, 10, 62, 34, 25, 4, 32, 16, 18, 52, 61, 24, 49, 39, 21, 17, 23, 53, 63, 1, 7, 27, 57, 9, 30, 20, 48, 35, 14, 15, 36, 33]
客户端数：54	时间：0.0020122528076171875	客户端：[6, 54, 8, 50, 45, 60, 46, 31, 13, 55, 3, 41, 37, 11, 26, 42, 56, 64, 38, 10, 62, 34, 25, 4, 32, 16, 18, 52, 61, 24, 49, 39, 21, 17, 23, 53, 63, 1, 7, 27, 57, 9, 30, 20, 48, 35, 14, 15, 36, 33, 22, 43, 5, 2]
T3
客户端数：10	时间：8.618299961090088	客户端：[6, 54, 8, 50, 45, 60, 46, 31, 13, 55]
客户端数：20	时间：34.380205154418945	客户端：[6, 54, 8, 50, 45, 60, 46, 31, 13, 55, 3, 41, 37, 11, 26, 42, 56, 64, 38, 10]
客户端数：30	时间：76.63551306724548	客户端：[6, 54, 8, 50, 45, 60, 46, 31, 13, 55, 3, 41, 37, 11, 26, 42, 56, 64, 38, 10, 62, 34, 25, 4, 32, 16, 18, 52, 61, 24]
客户端数：40	时间：135.78519487380981	客户端：[6, 54, 8, 50, 45, 60, 46, 31, 13, 55, 3, 41, 37, 11, 26, 42, 56, 64, 38, 10, 62, 34, 25, 4, 32, 16, 18, 52, 61, 24, 49, 39, 21, 17, 23, 53, 63, 1, 7, 27]
客户端数：50	时间：211.89508390426636	客户端：[6, 54, 8, 50, 45, 60, 46, 31, 13, 55, 3, 41, 37, 11, 26, 42, 56, 64, 38, 10, 62, 34, 25, 4, 32, 16, 18, 52, 61, 24, 49, 39, 21, 17, 23, 53, 63, 1, 7, 27, 57, 9, 30, 20, 48, 35, 14, 15, 36, 33]
客户端数：54	时间：247.0353138446808	客户端：[6, 54, 8, 50, 45, 60, 46, 31, 13, 55, 3, 41, 37, 11, 26, 42, 56, 64, 38, 10, 62, 34, 25, 4, 32, 16, 18, 52, 61, 24, 49, 39, 21, 17, 23, 53, 63, 1, 7, 27, 57, 9, 30, 20, 48, 35, 14, 15, 36, 33, 22, 43, 5, 2]
BYTE
客户端数：0	字节数：0	客户端：[]
MAE：90512529.97948718
RMSE：91210692.4333692
finished iteration：2023-01-01 00:02:22.826248

Number of rounds 8
T1
客户端数：0	时间：0	客户端：[]
T2
客户端数：10	时间：0.0	客户端：[28, 12, 6, 27, 23, 5, 60, 46, 31, 24]
客户端数：20	时间：0.0	客户端：[28, 12, 6, 27, 23, 5, 60, 46, 31, 24, 55, 14, 54, 22, 13, 45, 57, 38, 41, 33]
客户端数：30	时间：0.0	客户端：[28, 12, 6, 27, 23, 5, 60, 46, 31, 24, 55, 14, 54, 22, 13, 45, 57, 38, 41, 33, 62, 34, 42, 11, 61, 4, 10, 53, 50, 9]
客户端数：40	时间：0.0	客户端：[28, 12, 6, 27, 23, 5, 60, 46, 31, 24, 55, 14, 54, 22, 13, 45, 57, 38, 41, 33, 62, 34, 42, 11, 61, 4, 10, 53, 50, 9, 52, 18, 63, 37, 49, 36, 17, 2, 35, 16]
客户端数：50	时间：0.0	客户端：[28, 12, 6, 27, 23, 5, 60, 46, 31, 24, 55, 14, 54, 22, 13, 45, 57, 38, 41, 33, 62, 34, 42, 11, 61, 4, 10, 53, 50, 9, 52, 18, 63, 37, 49, 36, 17, 2, 35, 16, 32, 3, 39, 20, 1, 15, 8, 64, 26, 25]
客户端数：56	时间：0.0	客户端：[28, 12, 6, 27, 23, 5, 60, 46, 31, 24, 55, 14, 54, 22, 13, 45, 57, 38, 41, 33, 62, 34, 42, 11, 61, 4, 10, 53, 50, 9, 52, 18, 63, 37, 49, 36, 17, 2, 35, 16, 32, 3, 39, 20, 1, 15, 8, 64, 26, 25, 21, 43, 7, 56, 48, 30]
T3
客户端数：10	时间：27.235386610031128	客户端：[28, 12, 6, 27, 23, 5, 60, 46, 31, 24]
客户端数：20	时间：49.53477931022644	客户端：[28, 12, 6, 27, 23, 5, 60, 46, 31, 24, 55, 14, 54, 22, 13, 45, 57, 38, 41, 33]
客户端数：30	时间：88.76731896400452	客户端：[28, 12, 6, 27, 23, 5, 60, 46, 31, 24, 55, 14, 54, 22, 13, 45, 57, 38, 41, 33, 62, 34, 42, 11, 61, 4, 10, 53, 50, 9]
客户端数：40	时间：144.43071699142456	客户端：[28, 12, 6, 27, 23, 5, 60, 46, 31, 24, 55, 14, 54, 22, 13, 45, 57, 38, 41, 33, 62, 34, 42, 11, 61, 4, 10, 53, 50, 9, 52, 18, 63, 37, 49, 36, 17, 2, 35, 16]
客户端数：50	时间：216.49045491218567	客户端：[28, 12, 6, 27, 23, 5, 60, 46, 31, 24, 55, 14, 54, 22, 13, 45, 57, 38, 41, 33, 62, 34, 42, 11, 61, 4, 10, 53, 50, 9, 52, 18, 63, 37, 49, 36, 17, 2, 35, 16, 32, 3, 39, 20, 1, 15, 8, 64, 26, 25]
客户端数：56	时间：267.9677174091339	客户端：[28, 12, 6, 27, 23, 5, 60, 46, 31, 24, 55, 14, 54, 22, 13, 45, 57, 38, 41, 33, 62, 34, 42, 11, 61, 4, 10, 53, 50, 9, 52, 18, 63, 37, 49, 36, 17, 2, 35, 16, 32, 3, 39, 20, 1, 15, 8, 64, 26, 25, 21, 43, 7, 56, 48, 30]
BYTE
客户端数：0	字节数：0	客户端：[]
MAE：96408411.4974359
RMSE：96433855.1840852
finished iteration：2023-01-01 00:02:44.407840

Number of rounds 9
T1
客户端数：0	时间：0	客户端：[]
T2
客户端数：10	时间：0.0	客户端：[27, 23, 50, 6, 5, 31, 60, 55, 46, 24]
客户端数：20	时间：0.0	客户端：[27, 23, 50, 6, 5, 31, 60, 55, 46, 24, 22, 3, 13, 64, 57, 15, 35, 45, 62, 41]
客户端数：30	时间：0.0	客户端：[27, 23, 50, 6, 5, 31, 60, 55, 46, 24, 22, 3, 13, 64, 57, 15, 35, 45, 62, 41, 1, 53, 48, 32, 34, 25, 9, 17, 4, 2]
客户端数：40	时间：0.0	客户端：[27, 23, 50, 6, 5, 31, 60, 55, 46, 24, 22, 3, 13, 64, 57, 15, 35, 45, 62, 41, 1, 53, 48, 32, 34, 25, 9, 17, 4, 2, 21, 52, 43, 16, 42, 49, 18, 39, 20, 54]
客户端数：50	时间：0.0	客户端：[27, 23, 50, 6, 5, 31, 60, 55, 46, 24, 22, 3, 13, 64, 57, 15, 35, 45, 62, 41, 1, 53, 48, 32, 34, 25, 9, 17, 4, 2, 21, 52, 43, 16, 42, 49, 18, 39, 20, 54, 63, 11, 37, 10, 14, 7, 61, 56, 8, 38]
客户端数：52	时间：0.0	客户端：[27, 23, 50, 6, 5, 31, 60, 55, 46, 24, 22, 3, 13, 64, 57, 15, 35, 45, 62, 41, 1, 53, 48, 32, 34, 25, 9, 17, 4, 2, 21, 52, 43, 16, 42, 49, 18, 39, 20, 54, 63, 11, 37, 10, 14, 7, 61, 56, 8, 38, 30, 26]
T3
客户端数：10	时间：8.16449785232544	客户端：[27, 23, 50, 6, 5, 31, 60, 55, 46, 24]
客户端数：20	时间：33.88584804534912	客户端：[27, 23, 50, 6, 5, 31, 60, 55, 46, 24, 22, 3, 13, 64, 57, 15, 35, 45, 62, 41]
客户端数：30	时间：76.12437915802002	客户端：[27, 23, 50, 6, 5, 31, 60, 55, 46, 24, 22, 3, 13, 64, 57, 15, 35, 45, 62, 41, 1, 53, 48, 32, 34, 25, 9, 17, 4, 2]
客户端数：40	时间：135.18003582954407	客户端：[27, 23, 50, 6, 5, 31, 60, 55, 46, 24, 22, 3, 13, 64, 57, 15, 35, 45, 62, 41, 1, 53, 48, 32, 34, 25, 9, 17, 4, 2, 21, 52, 43, 16, 42, 49, 18, 39, 20, 54]
客户端数：50	时间：211.08545994758606	客户端：[27, 23, 50, 6, 5, 31, 60, 55, 46, 24, 22, 3, 13, 64, 57, 15, 35, 45, 62, 41, 1, 53, 48, 32, 34, 25, 9, 17, 4, 2, 21, 52, 43, 16, 42, 49, 18, 39, 20, 54, 63, 11, 37, 10, 14, 7, 61, 56, 8, 38]
客户端数：52	时间：228.2108223438263	客户端：[27, 23, 50, 6, 5, 31, 60, 55, 46, 24, 22, 3, 13, 64, 57, 15, 35, 45, 62, 41, 1, 53, 48, 32, 34, 25, 9, 17, 4, 2, 21, 52, 43, 16, 42, 49, 18, 39, 20, 54, 63, 11, 37, 10, 14, 7, 61, 56, 8, 38, 30, 26]
BYTE
客户端数：0	字节数：0	客户端：[]
MAE：87887548.97435898
RMSE：88349511.93824422
finished iteration：2023-01-01 00:03:06.172096

Number of rounds 10
T1
客户端数：0	时间：0	客户端：[]
T2
客户端数：10	时间：0.0	客户端：[36, 27, 6, 23, 38, 54, 50, 8, 5, 55]
客户端数：20	时间：0.0	客户端：[36, 27, 6, 23, 38, 54, 50, 8, 5, 55, 43, 30, 22, 15, 20, 41, 37, 60, 9, 42]
客户端数：30	时间：0.0	客户端：[36, 27, 6, 23, 38, 54, 50, 8, 5, 55, 43, 30, 22, 15, 20, 41, 37, 60, 9, 42, 7, 16, 61, 34, 32, 57, 62, 52, 46, 21]
客户端数：40	时间：0.0	客户端：[36, 27, 6, 23, 38, 54, 50, 8, 5, 55, 43, 30, 22, 15, 20, 41, 37, 60, 9, 42, 7, 16, 61, 34, 32, 57, 62, 52, 46, 21, 18, 53, 56, 4, 17, 11, 35, 13, 63, 24]
客户端数：50	时间：0.0	客户端：[36, 27, 6, 23, 38, 54, 50, 8, 5, 55, 43, 30, 22, 15, 20, 41, 37, 60, 9, 42, 7, 16, 61, 34, 32, 57, 62, 52, 46, 21, 18, 53, 56, 4, 17, 11, 35, 13, 63, 24, 14, 31, 48, 1, 25, 26, 49, 64, 10, 2]
客户端数：54	时间：0.0	客户端：[36, 27, 6, 23, 38, 54, 50, 8, 5, 55, 43, 30, 22, 15, 20, 41, 37, 60, 9, 42, 7, 16, 61, 34, 32, 57, 62, 52, 46, 21, 18, 53, 56, 4, 17, 11, 35, 13, 63, 24, 14, 31, 48, 1, 25, 26, 49, 64, 10, 2, 39, 33, 3, 45]
T3
客户端数：10	时间：14.902278661727905	客户端：[36, 27, 6, 23, 38, 54, 50, 8, 5, 55]
客户端数：20	时间：37.62703323364258	客户端：[36, 27, 6, 23, 38, 54, 50, 8, 5, 55, 43, 30, 22, 15, 20, 41, 37, 60, 9, 42]
客户端数：30	时间：77.47214531898499	客户端：[36, 27, 6, 23, 38, 54, 50, 8, 5, 55, 43, 30, 22, 15, 20, 41, 37, 60, 9, 42, 7, 16, 61, 34, 32, 57, 62, 52, 46, 21]
客户端数：40	时间：133.89015531539917	客户端：[36, 27, 6, 23, 38, 54, 50, 8, 5, 55, 43, 30, 22, 15, 20, 41, 37, 60, 9, 42, 7, 16, 61, 34, 32, 57, 62, 52, 46, 21, 18, 53, 56, 4, 17, 11, 35, 13, 63, 24]
客户端数：50	时间：207.65102863311768	客户端：[36, 27, 6, 23, 38, 54, 50, 8, 5, 55, 43, 30, 22, 15, 20, 41, 37, 60, 9, 42, 7, 16, 61, 34, 32, 57, 62, 52, 46, 21, 18, 53, 56, 4, 17, 11, 35, 13, 63, 24, 14, 31, 48, 1, 25, 26, 49, 64, 10, 2]
客户端数：54	时间：260.92242789268494	客户端：[36, 27, 6, 23, 38, 54, 50, 8, 5, 55, 43, 30, 22, 15, 20, 41, 37, 60, 9, 42, 7, 16, 61, 34, 32, 57, 62, 52, 46, 21, 18, 53, 56, 4, 17, 11, 35, 13, 63, 24, 14, 31, 48, 1, 25, 26, 49, 64, 10, 2, 39, 33, 3, 45]
BYTE
客户端数：0	字节数：0	客户端：[]
MAE：98170866.43076923
RMSE：98613903.59035523
finished iteration：2023-01-01 00:03:27.999470

Number of rounds 11
T1
客户端数：0	时间：0	客户端：[]
T2
客户端数：10	时间：0.0009970664978027344	客户端：[54, 38, 50, 45, 60, 46, 24, 14, 64, 8]
客户端数：20	时间：0.0009970664978027344	客户端：[54, 38, 50, 45, 60, 46, 24, 14, 64, 8, 31, 20, 15, 9, 30, 43, 37, 6, 1, 62]
客户端数：30	时间：0.0009970664978027344	客户端：[54, 38, 50, 45, 60, 46, 24, 14, 64, 8, 31, 20, 15, 9, 30, 43, 37, 6, 1, 62, 48, 52, 35, 23, 2, 4, 10, 49, 7, 5]
客户端数：40	时间：0.0009970664978027344	客户端：[54, 38, 50, 45, 60, 46, 24, 14, 64, 8, 31, 20, 15, 9, 30, 43, 37, 6, 1, 62, 48, 52, 35, 23, 2, 4, 10, 49, 7, 5, 21, 56, 27, 34, 13, 26, 53, 32, 42, 3]
客户端数：49	时间：0.0029914379119873047	客户端：[54, 38, 50, 45, 60, 46, 24, 14, 64, 8, 31, 20, 15, 9, 30, 43, 37, 6, 1, 62, 48, 52, 35, 23, 2, 4, 10, 49, 7, 5, 21, 56, 27, 34, 13, 26, 53, 32, 42, 3, 25, 17, 57, 41, 16, 11, 63, 55, 39]
T3
客户端数：10	时间：8.061927556991577	客户端：[54, 38, 50, 45, 60, 46, 24, 14, 64, 8]
客户端数：20	时间：35.014986753463745	客户端：[54, 38, 50, 45, 60, 46, 24, 14, 64, 8, 31, 20, 15, 9, 30, 43, 37, 6, 1, 62]
客户端数：30	时间：79.78759407997131	客户端：[54, 38, 50, 45, 60, 46, 24, 14, 64, 8, 31, 20, 15, 9, 30, 43, 37, 6, 1, 62, 48, 52, 35, 23, 2, 4, 10, 49, 7, 5]
客户端数：40	时间：142.0677671432495	客户端：[54, 38, 50, 45, 60, 46, 24, 14, 64, 8, 31, 20, 15, 9, 30, 43, 37, 6, 1, 62, 48, 52, 35, 23, 2, 4, 10, 49, 7, 5, 21, 56, 27, 34, 13, 26, 53, 32, 42, 3]
客户端数：49	时间：212.8114697933197	客户端：[54, 38, 50, 45, 60, 46, 24, 14, 64, 8, 31, 20, 15, 9, 30, 43, 37, 6, 1, 62, 48, 52, 35, 23, 2, 4, 10, 49, 7, 5, 21, 56, 27, 34, 13, 26, 53, 32, 42, 3, 25, 17, 57, 41, 16, 11, 63, 55, 39]
BYTE
客户端数：0	字节数：0	客户端：[]
MAE：95814881.03589743
RMSE：96045857.12425403
finished iteration：2023-01-01 00:03:49.951120

Number of rounds 12
T1
客户端数：0	时间：0	客户端：[]
T2
客户端数：10	时间：0.0	客户端：[22, 6, 54, 8, 23, 5, 55, 31, 14, 13]
客户端数：20	时间：0.0	客户端：[22, 6, 54, 8, 23, 5, 55, 31, 14, 13, 57, 30, 62, 26, 9, 53, 7, 11, 42, 56]
客户端数：30	时间：0.0	客户端：[22, 6, 54, 8, 23, 5, 55, 31, 14, 13, 57, 30, 62, 26, 9, 53, 7, 11, 42, 56, 34, 25, 41, 15, 48, 2, 63, 20, 16, 38]
客户端数：40	时间：0.0	客户端：[22, 6, 54, 8, 23, 5, 55, 31, 14, 13, 57, 30, 62, 26, 9, 53, 7, 11, 42, 56, 34, 25, 41, 15, 48, 2, 63, 20, 16, 38, 17, 49, 45, 37, 35, 32, 52, 4, 60, 46]
客户端数：48	时间：0.000997781753540039	客户端：[22, 6, 54, 8, 23, 5, 55, 31, 14, 13, 57, 30, 62, 26, 9, 53, 7, 11, 42, 56, 34, 25, 41, 15, 48, 2, 63, 20, 16, 38, 17, 49, 45, 37, 35, 32, 52, 4, 60, 46, 64, 27, 24, 43, 1, 3, 10, 21]
T3
客户端数：10	时间：14.922900199890137	客户端：[22, 6, 54, 8, 23, 5, 55, 31, 14, 13]
客户端数：20	时间：37.75022268295288	客户端：[22, 6, 54, 8, 23, 5, 55, 31, 14, 13, 57, 30, 62, 26, 9, 53, 7, 11, 42, 56]
客户端数：30	时间：77.50120043754578	客户端：[22, 6, 54, 8, 23, 5, 55, 31, 14, 13, 57, 30, 62, 26, 9, 53, 7, 11, 42, 56, 34, 25, 41, 15, 48, 2, 63, 20, 16, 38]
客户端数：40	时间：133.929505109787	客户端：[22, 6, 54, 8, 23, 5, 55, 31, 14, 13, 57, 30, 62, 26, 9, 53, 7, 11, 42, 56, 34, 25, 41, 15, 48, 2, 63, 20, 16, 38, 17, 49, 45, 37, 35, 32, 52, 4, 60, 46]
客户端数：48	时间：191.41567707061768	客户端：[22, 6, 54, 8, 23, 5, 55, 31, 14, 13, 57, 30, 62, 26, 9, 53, 7, 11, 42, 56, 34, 25, 41, 15, 48, 2, 63, 20, 16, 38, 17, 49, 45, 37, 35, 32, 52, 4, 60, 46, 64, 27, 24, 43, 1, 3, 10, 21]
BYTE
客户端数：0	字节数：0	客户端：[]
MAE：98039412.1128205
RMSE：98453808.1430303
finished iteration：2023-01-01 00:04:12.208356

Number of rounds 13
T1
客户端数：0	时间：0	客户端：[]
T2
客户端数：10	时间：0.0	客户端：[61, 6, 27, 38, 5, 45, 8, 31, 46, 24]
客户端数：20	时间：0.0	客户端：[61, 6, 27, 38, 5, 45, 8, 31, 46, 24, 14, 55, 54, 57, 20, 43, 7, 41, 35, 10]
客户端数：30	时间：0.0	客户端：[61, 6, 27, 38, 5, 45, 8, 31, 46, 24, 14, 55, 54, 57, 20, 43, 7, 41, 35, 10, 34, 25, 9, 63, 32, 17, 4, 62, 1, 2]
客户端数：40	时间：0.000997781753540039	客户端：[61, 6, 27, 38, 5, 45, 8, 31, 46, 24, 14, 55, 54, 57, 20, 43, 7, 41, 35, 10, 34, 25, 9, 63, 32, 17, 4, 62, 1, 2, 48, 56, 42, 64, 49, 3, 53, 15, 26, 52]
客户端数：47	时间：0.000997781753540039	客户端：[61, 6, 27, 38, 5, 45, 8, 31, 46, 24, 14, 55, 54, 57, 20, 43, 7, 41, 35, 10, 34, 25, 9, 63, 32, 17, 4, 62, 1, 2, 48, 56, 42, 64, 49, 3, 53, 15, 26, 52, 37, 30, 16, 21, 11, 23, 60]
T3
客户端数：10	时间：35.149256467819214	客户端：[61, 6, 27, 38, 5, 45, 8, 31, 46, 24]
客户端数：20	时间：58.75399470329285	客户端：[61, 6, 27, 38, 5, 45, 8, 31, 46, 24, 14, 55, 54, 57, 20, 43, 7, 41, 35, 10]
客户端数：30	时间：99.45792961120605	客户端：[61, 6, 27, 38, 5, 45, 8, 31, 46, 24, 14, 55, 54, 57, 20, 43, 7, 41, 35, 10, 34, 25, 9, 63, 32, 17, 4, 62, 1, 2]
客户端数：40	时间：157.32104420661926	客户端：[61, 6, 27, 38, 5, 45, 8, 31, 46, 24, 14, 55, 54, 57, 20, 43, 7, 41, 35, 10, 34, 25, 9, 63, 32, 17, 4, 62, 1, 2, 48, 56, 42, 64, 49, 3, 53, 15, 26, 52]
客户端数：47	时间：208.08327221870422	客户端：[61, 6, 27, 38, 5, 45, 8, 31, 46, 24, 14, 55, 54, 57, 20, 43, 7, 41, 35, 10, 34, 25, 9, 63, 32, 17, 4, 62, 1, 2, 48, 56, 42, 64, 49, 3, 53, 15, 26, 52, 37, 30, 16, 21, 11, 23, 60]
BYTE
客户端数：0	字节数：0	客户端：[]
MAE：97121018.63589744
RMSE：97135039.03489466
finished iteration：2023-01-01 00:04:34.315882

Number of rounds 14
T1
客户端数：0	时间：0	客户端：[]
T2
客户端数：10	时间：0.0	客户端：[13, 54, 38, 6, 27, 24, 46, 5, 3, 9]
客户端数：20	时间：0.0	客户端：[13, 54, 38, 6, 27, 24, 46, 5, 3, 9, 30, 20, 45, 35, 48, 53, 62, 11, 37, 26]
客户端数：30	时间：0.0009968280792236328	客户端：[13, 54, 38, 6, 27, 24, 46, 5, 3, 9, 30, 20, 45, 35, 48, 53, 62, 11, 37, 26, 10, 63, 55, 2, 14, 60, 4, 21, 64, 34]
客户端数：40	时间：0.002006053924560547	客户端：[13, 54, 38, 6, 27, 24, 46, 5, 3, 9, 30, 20, 45, 35, 48, 53, 62, 11, 37, 26, 10, 63, 55, 2, 14, 60, 4, 21, 64, 34, 42, 57, 32, 15, 25, 49, 1, 7, 43, 41]
客户端数：47	时间：0.002006053924560547	客户端：[13, 54, 38, 6, 27, 24, 46, 5, 3, 9, 30, 20, 45, 35, 48, 53, 62, 11, 37, 26, 10, 63, 55, 2, 14, 60, 4, 21, 64, 34, 42, 57, 32, 15, 25, 49, 1, 7, 43, 41, 17, 8, 23, 56, 31, 52, 16]
T3
客户端数：10	时间：14.298890113830566	客户端：[13, 54, 38, 6, 27, 24, 46, 5, 3, 9]
客户端数：20	时间：37.531259298324585	客户端：[13, 54, 38, 6, 27, 24, 46, 5, 3, 9, 30, 20, 45, 35, 48, 53, 62, 11, 37, 26]
客户端数：30	时间：77.63309097290039	客户端：[13, 54, 38, 6, 27, 24, 46, 5, 3, 9, 30, 20, 45, 35, 48, 53, 62, 11, 37, 26, 10, 63, 55, 2, 14, 60, 4, 21, 64, 34]
客户端数：40	时间：134.21524024009705	客户端：[13, 54, 38, 6, 27, 24, 46, 5, 3, 9, 30, 20, 45, 35, 48, 53, 62, 11, 37, 26, 10, 63, 55, 2, 14, 60, 4, 21, 64, 34, 42, 57, 32, 15, 25, 49, 1, 7, 43, 41]
客户端数：47	时间：183.59510803222656	客户端：[13, 54, 38, 6, 27, 24, 46, 5, 3, 9, 30, 20, 45, 35, 48, 53, 62, 11, 37, 26, 10, 63, 55, 2, 14, 60, 4, 21, 64, 34, 42, 57, 32, 15, 25, 49, 1, 7, 43, 41, 17, 8, 23, 56, 31, 52, 16]
BYTE
客户端数：0	字节数：0	客户端：[]
MAE：92849800.01025641
RMSE：93346540.26543431
finished iteration：2023-01-01 00:04:56.508379

Number of rounds 15
T1
客户端数：0	时间：0	客户端：[]
T2
客户端数：10	时间：0.0	客户端：[6, 38, 27, 31, 55, 24, 46, 64, 54, 23]
客户端数：20	时间：0.0	客户端：[6, 38, 27, 31, 55, 24, 46, 64, 54, 23, 7, 20, 35, 41, 48, 53, 37, 11, 1, 34]
客户端数：30	时间：0.0	客户端：[6, 38, 27, 31, 55, 24, 46, 64, 54, 23, 7, 20, 35, 41, 48, 53, 37, 11, 1, 34, 62, 26, 16, 4, 32, 57, 25, 30, 10, 2]
客户端数：40	时间：0.0	客户端：[6, 38, 27, 31, 55, 24, 46, 64, 54, 23, 7, 20, 35, 41, 48, 53, 37, 11, 1, 34, 62, 26, 16, 4, 32, 57, 25, 30, 10, 2, 3, 43, 42, 21, 14, 56, 45, 17, 8, 63]
客户端数：43	时间：0.0	客户端：[6, 38, 27, 31, 55, 24, 46, 64, 54, 23, 7, 20, 35, 41, 48, 53, 37, 11, 1, 34, 62, 26, 16, 4, 32, 57, 25, 30, 10, 2, 3, 43, 42, 21, 14, 56, 45, 17, 8, 63, 9, 60, 52]
T3
客户端数：10	时间：7.730859994888306	客户端：[6, 38, 27, 31, 55, 24, 46, 64, 54, 23]
客户端数：20	时间：32.84467077255249	客户端：[6, 38, 27, 31, 55, 24, 46, 64, 54, 23, 7, 20, 35, 41, 48, 53, 37, 11, 1, 34]
客户端数：30	时间：75.61316156387329	客户端：[6, 38, 27, 31, 55, 24, 46, 64, 54, 23, 7, 20, 35, 41, 48, 53, 37, 11, 1, 34, 62, 26, 16, 4, 32, 57, 25, 30, 10, 2]
客户端数：40	时间：135.22072887420654	客户端：[6, 38, 27, 31, 55, 24, 46, 64, 54, 23, 7, 20, 35, 41, 48, 53, 37, 11, 1, 34, 62, 26, 16, 4, 32, 57, 25, 30, 10, 2, 3, 43, 42, 21, 14, 56, 45, 17, 8, 63]
客户端数：43	时间：156.4680051803589	客户端：[6, 38, 27, 31, 55, 24, 46, 64, 54, 23, 7, 20, 35, 41, 48, 53, 37, 11, 1, 34, 62, 26, 16, 4, 32, 57, 25, 30, 10, 2, 3, 43, 42, 21, 14, 56, 45, 17, 8, 63, 9, 60, 52]
BYTE
客户端数：0	字节数：0	客户端：[]
MAE：98076475.29230769
RMSE：98250444.31866275
finished iteration：2023-01-01 00:05:18.603026

Number of rounds 16
T1
客户端数：0	时间：0	客户端：[]
T2
客户端数：10	时间：0.0	客户端：[15, 6, 38, 23, 27, 45, 54, 31, 24, 46]
客户端数：20	时间：0.0	客户端：[15, 6, 38, 23, 27, 45, 54, 31, 24, 46, 60, 3, 53, 11, 34, 55, 10, 4, 25, 37]
客户端数：30	时间：0.0	客户端：[15, 6, 38, 23, 27, 45, 54, 31, 24, 46, 60, 3, 53, 11, 34, 55, 10, 4, 25, 37, 63, 26, 35, 21, 16, 52, 42, 17, 7, 57]
客户端数：40	时间：0.0	客户端：[15, 6, 38, 23, 27, 45, 54, 31, 24, 46, 60, 3, 53, 11, 34, 55, 10, 4, 25, 37, 63, 26, 35, 21, 16, 52, 42, 17, 7, 57, 56, 48, 62, 20, 30, 32, 64, 2, 1, 41]
客户端数：43	时间：0.0	客户端：[15, 6, 38, 23, 27, 45, 54, 31, 24, 46, 60, 3, 53, 11, 34, 55, 10, 4, 25, 37, 63, 26, 35, 21, 16, 52, 42, 17, 7, 57, 56, 48, 62, 20, 30, 32, 64, 2, 1, 41, 14, 8, 49]
T3
客户端数：10	时间：13.831804037094116	客户端：[15, 6, 38, 23, 27, 45, 54, 31, 24, 46]
客户端数：20	时间：37.00629687309265	客户端：[15, 6, 38, 23, 27, 45, 54, 31, 24, 46, 60, 3, 53, 11, 34, 55, 10, 4, 25, 37]
客户端数：30	时间：76.6823558807373	客户端：[15, 6, 38, 23, 27, 45, 54, 31, 24, 46, 60, 3, 53, 11, 34, 55, 10, 4, 25, 37, 63, 26, 35, 21, 16, 52, 42, 17, 7, 57]
客户端数：40	时间：132.59440779685974	客户端：[15, 6, 38, 23, 27, 45, 54, 31, 24, 46, 60, 3, 53, 11, 34, 55, 10, 4, 25, 37, 63, 26, 35, 21, 16, 52, 42, 17, 7, 57, 56, 48, 62, 20, 30, 32, 64, 2, 1, 41]
客户端数：43	时间：171.17915844917297	客户端：[15, 6, 38, 23, 27, 45, 54, 31, 24, 46, 60, 3, 53, 11, 34, 55, 10, 4, 25, 37, 63, 26, 35, 21, 16, 52, 42, 17, 7, 57, 56, 48, 62, 20, 30, 32, 64, 2, 1, 41, 14, 8, 49]
BYTE
客户端数：0	字节数：0	客户端：[]
MAE：86249791.92820513
RMSE：87436457.60922715
finished iteration：2023-01-01 00:05:40.792746

Number of rounds 17
T1
客户端数：0	时间：0	客户端：[]
T2
客户端数：10	时间：0.0	客户端：[27, 6, 54, 45, 24, 23, 46, 31, 60, 3]
客户端数：20	时间：0.0009968280792236328	客户端：[27, 6, 54, 45, 24, 23, 46, 31, 60, 3, 20, 64, 57, 38, 35, 62, 53, 16, 56, 32]
客户端数：30	时间：0.001994609832763672	客户端：[27, 6, 54, 45, 24, 23, 46, 31, 60, 3, 20, 64, 57, 38, 35, 62, 53, 16, 56, 32, 4, 7, 25, 11, 1, 34, 63, 21, 41, 14]
客户端数：40	时间：0.001994609832763672	客户端：[27, 6, 54, 45, 24, 23, 46, 31, 60, 3, 20, 64, 57, 38, 35, 62, 53, 16, 56, 32, 4, 7, 25, 11, 1, 34, 63, 21, 41, 14, 42, 30, 10, 8, 52, 37, 17, 2, 55, 26]
客户端数：41	时间：0.001994609832763672	客户端：[27, 6, 54, 45, 24, 23, 46, 31, 60, 3, 20, 64, 57, 38, 35, 62, 53, 16, 56, 32, 4, 7, 25, 11, 1, 34, 63, 21, 41, 14, 42, 30, 10, 8, 52, 37, 17, 2, 55, 26, 48]
T3
客户端数：10	时间：8.611972570419312	客户端：[27, 6, 54, 45, 24, 23, 46, 31, 60, 3]
客户端数：20	时间：34.191181659698486	客户端：[27, 6, 54, 45, 24, 23, 46, 31, 60, 3, 20, 64, 57, 38, 35, 62, 53, 16, 56, 32]
客户端数：30	时间：76.0529215335846	客户端：[27, 6, 54, 45, 24, 23, 46, 31, 60, 3, 20, 64, 57, 38, 35, 62, 53, 16, 56, 32, 4, 7, 25, 11, 1, 34, 63, 21, 41, 14]
客户端数：40	时间：134.69708347320557	客户端：[27, 6, 54, 45, 24, 23, 46, 31, 60, 3, 20, 64, 57, 38, 35, 62, 53, 16, 56, 32, 4, 7, 25, 11, 1, 34, 63, 21, 41, 14, 42, 30, 10, 8, 52, 37, 17, 2, 55, 26]
客户端数：41	时间：141.63177514076233	客户端：[27, 6, 54, 45, 24, 23, 46, 31, 60, 3, 20, 64, 57, 38, 35, 62, 53, 16, 56, 32, 4, 7, 25, 11, 1, 34, 63, 21, 41, 14, 42, 30, 10, 8, 52, 37, 17, 2, 55, 26, 48]
BYTE
客户端数：0	字节数：0	客户端：[]
MAE：96598832.70769231
RMSE：96665957.3490957
finished iteration：2023-01-01 00:06:03.107427

Number of rounds 18
T1
客户端数：0	时间：0	客户端：[]
T2
客户端数：10	时间：0.000997781753540039	客户端：[23, 38, 54, 6, 46, 45, 14, 3, 55, 57]
客户端数：20	时间：0.000997781753540039	客户端：[23, 38, 54, 6, 46, 45, 14, 3, 55, 57, 53, 48, 62, 11, 42, 20, 10, 63, 25, 4]
客户端数：30	时间：0.000997781753540039	客户端：[23, 38, 54, 6, 46, 45, 14, 3, 55, 57, 53, 48, 62, 11, 42, 20, 10, 63, 25, 4, 7, 17, 34, 8, 27, 64, 35, 41, 60, 56]
客户端数：40	时间：0.0019953250885009766	客户端：[23, 38, 54, 6, 46, 45, 14, 3, 55, 57, 53, 48, 62, 11, 42, 20, 10, 63, 25, 4, 7, 17, 34, 8, 27, 64, 35, 41, 60, 56, 1, 16, 32, 21, 31, 52, 24, 37, 26, 30]
T3
客户端数：10	时间：9.367997169494629	客户端：[23, 38, 54, 6, 46, 45, 14, 3, 55, 57]
客户端数：20	时间：35.31100273132324	客户端：[23, 38, 54, 6, 46, 45, 14, 3, 55, 57, 53, 48, 62, 11, 42, 20, 10, 63, 25, 4]
客户端数：30	时间：78.4254195690155	客户端：[23, 38, 54, 6, 46, 45, 14, 3, 55, 57, 53, 48, 62, 11, 42, 20, 10, 63, 25, 4, 7, 17, 34, 8, 27, 64, 35, 41, 60, 56]
客户端数：40	时间：138.70127773284912	客户端：[23, 38, 54, 6, 46, 45, 14, 3, 55, 57, 53, 48, 62, 11, 42, 20, 10, 63, 25, 4, 7, 17, 34, 8, 27, 64, 35, 41, 60, 56, 1, 16, 32, 21, 31, 52, 24, 37, 26, 30]
BYTE
客户端数：0	字节数：0	客户端：[]
MAE：93048632.87179486
RMSE：93164086.601943
finished iteration：2023-01-01 00:06:25.586272

Number of rounds 19
T1
客户端数：0	时间：0	客户端：[]
T2
客户端数：10	时间：0.0	客户端：[6, 23, 8, 60, 14, 45, 46, 24, 3, 57]
客户端数：20	时间：0.0	客户端：[6, 23, 8, 60, 14, 45, 46, 24, 3, 57, 53, 48, 7, 27, 54, 62, 34, 56, 38, 64]
客户端数：30	时间：0.0009970664978027344	客户端：[6, 23, 8, 60, 14, 45, 46, 24, 3, 57, 53, 48, 7, 27, 54, 62, 34, 56, 38, 64, 52, 37, 25, 21, 63, 11, 1, 4, 35, 31]
客户端数：40	时间：0.0009970664978027344	客户端：[6, 23, 8, 60, 14, 45, 46, 24, 3, 57, 53, 48, 7, 27, 54, 62, 34, 56, 38, 64, 52, 37, 25, 21, 63, 11, 1, 4, 35, 31, 26, 41, 16, 42, 20, 17, 55, 10, 32, 30]
T3
客户端数：10	时间：9.927772760391235	客户端：[6, 23, 8, 60, 14, 45, 46, 24, 3, 57]
客户端数：20	时间：39.46558952331543	客户端：[6, 23, 8, 60, 14, 45, 46, 24, 3, 57, 53, 48, 7, 27, 54, 62, 34, 56, 38, 64]
客户端数：30	时间：87.41773414611816	客户端：[6, 23, 8, 60, 14, 45, 46, 24, 3, 57, 53, 48, 7, 27, 54, 62, 34, 56, 38, 64, 52, 37, 25, 21, 63, 11, 1, 4, 35, 31]
客户端数：40	时间：155.33014678955078	客户端：[6, 23, 8, 60, 14, 45, 46, 24, 3, 57, 53, 48, 7, 27, 54, 62, 34, 56, 38, 64, 52, 37, 25, 21, 63, 11, 1, 4, 35, 31, 26, 41, 16, 42, 20, 17, 55, 10, 32, 30]
BYTE
客户端数：0	字节数：0	客户端：[]
MAE：91856697.24102564
RMSE：92275032.33333938
finished iteration：2023-01-01 00:06:48.326832

Number of rounds 20
T1
客户端数：0	时间：0	客户端：[]
T2
客户端数：10	时间：0.000997304916381836	客户端：[2, 6, 27, 54, 38, 45, 31, 60, 24, 46]
客户端数：20	时间：0.000997304916381836	客户端：[2, 6, 27, 54, 38, 45, 31, 60, 24, 46, 3, 64, 14, 57, 23, 55, 48, 7, 56, 62]
客户端数：30	时间：0.001994609832763672	客户端：[2, 6, 27, 54, 38, 45, 31, 60, 24, 46, 3, 64, 14, 57, 23, 55, 48, 7, 56, 62, 26, 42, 16, 52, 32, 37, 4, 1, 25, 10]
客户端数：40	时间：0.001994609832763672	客户端：[2, 6, 27, 54, 38, 45, 31, 60, 24, 46, 3, 64, 14, 57, 23, 55, 48, 7, 56, 62, 26, 42, 16, 52, 32, 37, 4, 1, 25, 10, 17, 34, 35, 41, 21, 63, 53, 20, 11, 30]
客户端数：41	时间：0.001994609832763672	客户端：[2, 6, 27, 54, 38, 45, 31, 60, 24, 46, 3, 64, 14, 57, 23, 55, 48, 7, 56, 62, 26, 42, 16, 52, 32, 37, 4, 1, 25, 10, 17, 34, 35, 41, 21, 63, 53, 20, 11, 30, 8]
T3
客户端数：10	时间：26.392940282821655	客户端：[2, 6, 27, 54, 38, 45, 31, 60, 24, 46]
客户端数：20	时间：26.603843927383423	客户端：[2, 6, 27, 54, 38, 45, 31, 60, 24, 46, 3, 64, 14, 57, 23, 55, 48, 7, 56, 62]
客户端数：30	时间：26.84067940711975	客户端：[2, 6, 27, 54, 38, 45, 31, 60, 24, 46, 3, 64, 14, 57, 23, 55, 48, 7, 56, 62, 26, 42, 16, 52, 32, 37, 4, 1, 25, 10]
客户端数：40	时间：27.100451469421387	客户端：[2, 6, 27, 54, 38, 45, 31, 60, 24, 46, 3, 64, 14, 57, 23, 55, 48, 7, 56, 62, 26, 42, 16, 52, 32, 37, 4, 1, 25, 10, 17, 34, 35, 41, 21, 63, 53, 20, 11, 30]
客户端数：41	时间：27.128423929214478	客户端：[2, 6, 27, 54, 38, 45, 31, 60, 24, 46, 3, 64, 14, 57, 23, 55, 48, 7, 56, 62, 26, 42, 16, 52, 32, 37, 4, 1, 25, 10, 17, 34, 35, 41, 21, 63, 53, 20, 11, 30, 8]
BYTE
客户端数：0	字节数：0	客户端：[]
MAE：89797210.88205129
RMSE：89923059.64470384
finished iteration：2023-01-01 00:07:11.589249

