Number of rounds 1
T1
客户端数：0	时间：0	客户端：[]
T2
客户端数：10	时间：0.0019941329956054688	客户端：[23, 60, 17, 7, 45, 28, 6, 27, 62, 48]
客户端数：20	时间：0.0019941329956054688	客户端：[23, 60, 17, 7, 45, 28, 6, 27, 62, 48, 49, 13, 30, 51, 55, 16, 37, 21, 25, 53]
客户端数：30	时间：0.0029921531677246094	客户端：[23, 60, 17, 7, 45, 28, 6, 27, 62, 48, 49, 13, 30, 51, 55, 16, 37, 21, 25, 53, 64, 3, 34, 11, 15, 8, 1, 36, 61, 39]
客户端数：40	时间：0.0049860477447509766	客户端：[23, 60, 17, 7, 45, 28, 6, 27, 62, 48, 49, 13, 30, 51, 55, 16, 37, 21, 25, 53, 64, 3, 34, 11, 15, 8, 1, 36, 61, 39, 14, 2, 58, 5, 59, 52, 31, 18, 54, 43]
客户端数：50	时间：0.0049860477447509766	客户端：[23, 60, 17, 7, 45, 28, 6, 27, 62, 48, 49, 13, 30, 51, 55, 16, 37, 21, 25, 53, 64, 3, 34, 11, 15, 8, 1, 36, 61, 39, 14, 2, 58, 5, 59, 52, 31, 18, 54, 43, 63, 56, 20, 44, 50, 26, 10, 38, 41, 12]
客户端数：60	时间：0.006982326507568359	客户端：[23, 60, 17, 7, 45, 28, 6, 27, 62, 48, 49, 13, 30, 51, 55, 16, 37, 21, 25, 53, 64, 3, 34, 11, 15, 8, 1, 36, 61, 39, 14, 2, 58, 5, 59, 52, 31, 18, 54, 43, 63, 56, 20, 44, 50, 26, 10, 38, 41, 12, 24, 19, 57, 22, 47, 9, 4, 40, 33, 46]
T3
客户端数：10	时间：14.926261186599731	客户端：[23, 60, 17, 7, 45, 28, 6, 27, 62, 48]
客户端数：20	时间：57.94139742851257	客户端：[23, 60, 17, 7, 45, 28, 6, 27, 62, 48, 49, 13, 30, 51, 55, 16, 37, 21, 25, 53]
客户端数：30	时间：130.84090518951416	客户端：[23, 60, 17, 7, 45, 28, 6, 27, 62, 48, 49, 13, 30, 51, 55, 16, 37, 21, 25, 53, 64, 3, 34, 11, 15, 8, 1, 36, 61, 39]
客户端数：40	时间：229.77840662002563	客户端：[23, 60, 17, 7, 45, 28, 6, 27, 62, 48, 49, 13, 30, 51, 55, 16, 37, 21, 25, 53, 64, 3, 34, 11, 15, 8, 1, 36, 61, 39, 14, 2, 58, 5, 59, 52, 31, 18, 54, 43]
客户端数：50	时间：355.50365591049194	客户端：[23, 60, 17, 7, 45, 28, 6, 27, 62, 48, 49, 13, 30, 51, 55, 16, 37, 21, 25, 53, 64, 3, 34, 11, 15, 8, 1, 36, 61, 39, 14, 2, 58, 5, 59, 52, 31, 18, 54, 43, 63, 56, 20, 44, 50, 26, 10, 38, 41, 12]
客户端数：60	时间：506.00417709350586	客户端：[23, 60, 17, 7, 45, 28, 6, 27, 62, 48, 49, 13, 30, 51, 55, 16, 37, 21, 25, 53, 64, 3, 34, 11, 15, 8, 1, 36, 61, 39, 14, 2, 58, 5, 59, 52, 31, 18, 54, 43, 63, 56, 20, 44, 50, 26, 10, 38, 41, 12, 24, 19, 57, 22, 47, 9, 4, 40, 33, 46]
BYTE
客户端数：0	字节数：0	客户端：[]
MAE：34402556.666666664
RMSE：34402556.668013796
finished iteration：2023-01-01 00:00:13.612455

Number of rounds 2
T1
客户端数：0	时间：0	客户端：[]
T2
客户端数：10	时间：0.002995729446411133	客户端：[35, 6, 8, 60, 13, 28, 45, 27, 12, 49]
客户端数：20	时间：0.003993988037109375	客户端：[35, 6, 8, 60, 13, 28, 45, 27, 12, 49, 17, 30, 7, 1, 21, 2, 54, 23, 58, 63]
客户端数：30	时间：0.0049898624420166016	客户端：[35, 6, 8, 60, 13, 28, 45, 27, 12, 49, 17, 30, 7, 1, 21, 2, 54, 23, 58, 63, 53, 15, 10, 40, 33, 11, 26, 52, 9, 18]
客户端数：40	时间：0.006850481033325195	客户端：[35, 6, 8, 60, 13, 28, 45, 27, 12, 49, 17, 30, 7, 1, 21, 2, 54, 23, 58, 63, 53, 15, 10, 40, 33, 11, 26, 52, 9, 18, 39, 59, 50, 38, 43, 57, 20, 16, 34, 56]
客户端数：50	时间：0.006850481033325195	客户端：[35, 6, 8, 60, 13, 28, 45, 27, 12, 49, 17, 30, 7, 1, 21, 2, 54, 23, 58, 63, 53, 15, 10, 40, 33, 11, 26, 52, 9, 18, 39, 59, 50, 38, 43, 57, 20, 16, 34, 56, 44, 62, 64, 5, 48, 47, 51, 25, 14, 55]
客户端数：60	时间：0.009840965270996094	客户端：[35, 6, 8, 60, 13, 28, 45, 27, 12, 49, 17, 30, 7, 1, 21, 2, 54, 23, 58, 63, 53, 15, 10, 40, 33, 11, 26, 52, 9, 18, 39, 59, 50, 38, 43, 57, 20, 16, 34, 56, 44, 62, 64, 5, 48, 47, 51, 25, 14, 55, 46, 3, 22, 19, 37, 41, 4, 24, 31, 61]
客户端数：61	时间：0.009840965270996094	客户端：[35, 6, 8, 60, 13, 28, 45, 27, 12, 49, 17, 30, 7, 1, 21, 2, 54, 23, 58, 63, 53, 15, 10, 40, 33, 11, 26, 52, 9, 18, 39, 59, 50, 38, 43, 57, 20, 16, 34, 56, 44, 62, 64, 5, 48, 47, 51, 25, 14, 55, 46, 3, 22, 19, 37, 41, 4, 24, 31, 61, 36]
T3
客户端数：10	时间：28.622025966644287	客户端：[35, 6, 8, 60, 13, 28, 45, 27, 12, 49]
客户端数：20	时间：67.29648733139038	客户端：[35, 6, 8, 60, 13, 28, 45, 27, 12, 49, 17, 30, 7, 1, 21, 2, 54, 23, 58, 63]
客户端数：30	时间：134.39369797706604	客户端：[35, 6, 8, 60, 13, 28, 45, 27, 12, 49, 17, 30, 7, 1, 21, 2, 54, 23, 58, 63, 53, 15, 10, 40, 33, 11, 26, 52, 9, 18]
客户端数：40	时间：229.63126707077026	客户端：[35, 6, 8, 60, 13, 28, 45, 27, 12, 49, 17, 30, 7, 1, 21, 2, 54, 23, 58, 63, 53, 15, 10, 40, 33, 11, 26, 52, 9, 18, 39, 59, 50, 38, 43, 57, 20, 16, 34, 56]
客户端数：50	时间：354.67127537727356	客户端：[35, 6, 8, 60, 13, 28, 45, 27, 12, 49, 17, 30, 7, 1, 21, 2, 54, 23, 58, 63, 53, 15, 10, 40, 33, 11, 26, 52, 9, 18, 39, 59, 50, 38, 43, 57, 20, 16, 34, 56, 44, 62, 64, 5, 48, 47, 51, 25, 14, 55]
客户端数：60	时间：506.5789580345154	客户端：[35, 6, 8, 60, 13, 28, 45, 27, 12, 49, 17, 30, 7, 1, 21, 2, 54, 23, 58, 63, 53, 15, 10, 40, 33, 11, 26, 52, 9, 18, 39, 59, 50, 38, 43, 57, 20, 16, 34, 56, 44, 62, 64, 5, 48, 47, 51, 25, 14, 55, 46, 3, 22, 19, 37, 41, 4, 24, 31, 61]
客户端数：61	时间：523.202716588974	客户端：[35, 6, 8, 60, 13, 28, 45, 27, 12, 49, 17, 30, 7, 1, 21, 2, 54, 23, 58, 63, 53, 15, 10, 40, 33, 11, 26, 52, 9, 18, 39, 59, 50, 38, 43, 57, 20, 16, 34, 56, 44, 62, 64, 5, 48, 47, 51, 25, 14, 55, 46, 3, 22, 19, 37, 41, 4, 24, 31, 61, 36]
BYTE
客户端数：0	字节数：0	客户端：[]
MAE：219136611.33333334
RMSE：219136612.03219053
finished iteration：2023-01-01 00:00:36.184237

Number of rounds 3
T1
客户端数：0	时间：0	客户端：[]
T2
客户端数：10	时间：0.0009975433349609375	客户端：[23, 7, 28, 13, 6, 52, 62, 8, 12, 30]
客户端数：20	时间：0.003993988037109375	客户端：[23, 7, 28, 13, 6, 52, 62, 8, 12, 30, 37, 25, 49, 40, 4, 53, 2, 59, 63, 31]
客户端数：30	时间：0.004991292953491211	客户端：[23, 7, 28, 13, 6, 52, 62, 8, 12, 30, 37, 25, 49, 40, 4, 53, 2, 59, 63, 31, 1, 18, 24, 44, 54, 5, 9, 34, 10, 50]
客户端数：40	时间：0.006988525390625	客户端：[23, 7, 28, 13, 6, 52, 62, 8, 12, 30, 37, 25, 49, 40, 4, 53, 2, 59, 63, 31, 1, 18, 24, 44, 54, 5, 9, 34, 10, 50, 15, 39, 19, 38, 47, 26, 57, 43, 33, 64]
客户端数：50	时间：0.006988525390625	客户端：[23, 7, 28, 13, 6, 52, 62, 8, 12, 30, 37, 25, 49, 40, 4, 53, 2, 59, 63, 31, 1, 18, 24, 44, 54, 5, 9, 34, 10, 50, 15, 39, 19, 38, 47, 26, 57, 43, 33, 64, 22, 41, 48, 16, 46, 11, 14, 36, 61, 58]
客户端数：58	时间：0.006988525390625	客户端：[23, 7, 28, 13, 6, 52, 62, 8, 12, 30, 37, 25, 49, 40, 4, 53, 2, 59, 63, 31, 1, 18, 24, 44, 54, 5, 9, 34, 10, 50, 15, 39, 19, 38, 47, 26, 57, 43, 33, 64, 22, 41, 48, 16, 46, 11, 14, 36, 61, 58, 55, 45, 27, 3, 60, 21, 20, 51]
T3
客户端数：10	时间：12.429136037826538	客户端：[23, 7, 28, 13, 6, 52, 62, 8, 12, 30]
客户端数：20	时间：54.675074100494385	客户端：[23, 7, 28, 13, 6, 52, 62, 8, 12, 30, 37, 25, 49, 40, 4, 53, 2, 59, 63, 31]
客户端数：30	时间：124.05735754966736	客户端：[23, 7, 28, 13, 6, 52, 62, 8, 12, 30, 37, 25, 49, 40, 4, 53, 2, 59, 63, 31, 1, 18, 24, 44, 54, 5, 9, 34, 10, 50]
客户端数：40	时间：218.3181278705597	客户端：[23, 7, 28, 13, 6, 52, 62, 8, 12, 30, 37, 25, 49, 40, 4, 53, 2, 59, 63, 31, 1, 18, 24, 44, 54, 5, 9, 34, 10, 50, 15, 39, 19, 38, 47, 26, 57, 43, 33, 64]
客户端数：50	时间：337.9323670864105	客户端：[23, 7, 28, 13, 6, 52, 62, 8, 12, 30, 37, 25, 49, 40, 4, 53, 2, 59, 63, 31, 1, 18, 24, 44, 54, 5, 9, 34, 10, 50, 15, 39, 19, 38, 47, 26, 57, 43, 33, 64, 22, 41, 48, 16, 46, 11, 14, 36, 61, 58]
客户端数：58	时间：451.32434010505676	客户端：[23, 7, 28, 13, 6, 52, 62, 8, 12, 30, 37, 25, 49, 40, 4, 53, 2, 59, 63, 31, 1, 18, 24, 44, 54, 5, 9, 34, 10, 50, 15, 39, 19, 38, 47, 26, 57, 43, 33, 64, 22, 41, 48, 16, 46, 11, 14, 36, 61, 58, 55, 45, 27, 3, 60, 21, 20, 51]
BYTE
客户端数：0	字节数：0	客户端：[]
MAE：342259155.3333333
RMSE：342260660.1034997
finished iteration：2023-01-01 00:00:58.997736

Number of rounds 4
T1
客户端数：0	时间：0	客户端：[]
T2
客户端数：10	时间：0.0009984970092773438	客户端：[6, 13, 45, 27, 48, 8, 60, 62, 12, 52]
客户端数：20	时间：0.002994060516357422	客户端：[6, 13, 45, 27, 48, 8, 60, 62, 12, 52, 55, 49, 1, 25, 30, 15, 51, 28, 64, 40]
客户端数：30	时间：0.002994060516357422	客户端：[6, 13, 45, 27, 48, 8, 60, 62, 12, 52, 55, 49, 1, 25, 30, 15, 51, 28, 64, 40, 4, 2, 37, 21, 59, 10, 16, 47, 11, 33]
客户端数：40	时间：0.004964113235473633	客户端：[6, 13, 45, 27, 48, 8, 60, 62, 12, 52, 55, 49, 1, 25, 30, 15, 51, 28, 64, 40, 4, 2, 37, 21, 59, 10, 16, 47, 11, 33, 34, 63, 58, 44, 31, 36, 43, 53, 38, 5]
客户端数：50	时间：0.005961418151855469	客户端：[6, 13, 45, 27, 48, 8, 60, 62, 12, 52, 55, 49, 1, 25, 30, 15, 51, 28, 64, 40, 4, 2, 37, 21, 59, 10, 16, 47, 11, 33, 34, 63, 58, 44, 31, 36, 43, 53, 38, 5, 19, 26, 18, 39, 14, 41, 46, 9, 3, 7]
客户端数：56	时间：0.005961418151855469	客户端：[6, 13, 45, 27, 48, 8, 60, 62, 12, 52, 55, 49, 1, 25, 30, 15, 51, 28, 64, 40, 4, 2, 37, 21, 59, 10, 16, 47, 11, 33, 34, 63, 58, 44, 31, 36, 43, 53, 38, 5, 19, 26, 18, 39, 14, 41, 46, 9, 3, 7, 22, 61, 57, 54, 23, 50]
T3
客户端数：10	时间：11.885375022888184	客户端：[6, 13, 45, 27, 48, 8, 60, 62, 12, 52]
客户端数：20	时间：49.168447494506836	客户端：[6, 13, 45, 27, 48, 8, 60, 62, 12, 52, 55, 49, 1, 25, 30, 15, 51, 28, 64, 40]
客户端数：30	时间：111.59439301490784	客户端：[6, 13, 45, 27, 48, 8, 60, 62, 12, 52, 55, 49, 1, 25, 30, 15, 51, 28, 64, 40, 4, 2, 37, 21, 59, 10, 16, 47, 11, 33]
客户端数：40	时间：197.82322216033936	客户端：[6, 13, 45, 27, 48, 8, 60, 62, 12, 52, 55, 49, 1, 25, 30, 15, 51, 28, 64, 40, 4, 2, 37, 21, 59, 10, 16, 47, 11, 33, 34, 63, 58, 44, 31, 36, 43, 53, 38, 5]
客户端数：50	时间：308.7105498313904	客户端：[6, 13, 45, 27, 48, 8, 60, 62, 12, 52, 55, 49, 1, 25, 30, 15, 51, 28, 64, 40, 4, 2, 37, 21, 59, 10, 16, 47, 11, 33, 34, 63, 58, 44, 31, 36, 43, 53, 38, 5, 19, 26, 18, 39, 14, 41, 46, 9, 3, 7]
客户端数：56	时间：387.6764495372772	客户端：[6, 13, 45, 27, 48, 8, 60, 62, 12, 52, 55, 49, 1, 25, 30, 15, 51, 28, 64, 40, 4, 2, 37, 21, 59, 10, 16, 47, 11, 33, 34, 63, 58, 44, 31, 36, 43, 53, 38, 5, 19, 26, 18, 39, 14, 41, 46, 9, 3, 7, 22, 61, 57, 54, 23, 50]
BYTE
客户端数：0	字节数：0	客户端：[]
MAE：164733267.0051282
RMSE：165599791.4345143
finished iteration：2023-01-01 00:01:21.508164

Number of rounds 5
T1
客户端数：0	时间：0	客户端：[]
T2
客户端数：10	时间：0.0	客户端：[23, 60, 7, 45, 13, 6, 48, 8, 27, 30]
客户端数：20	时间：0.0009970664978027344	客户端：[23, 60, 7, 45, 13, 6, 48, 8, 27, 30, 52, 1, 55, 12, 51, 53, 40, 54, 15, 46]
客户端数：30	时间：0.0019943714141845703	客户端：[23, 60, 7, 45, 13, 6, 48, 8, 27, 30, 52, 1, 55, 12, 51, 53, 40, 54, 15, 46, 16, 2, 62, 11, 5, 24, 18, 36, 63, 9]
客户端数：40	时间：0.0019943714141845703	客户端：[23, 60, 7, 45, 13, 6, 48, 8, 27, 30, 52, 1, 55, 12, 51, 53, 40, 54, 15, 46, 16, 2, 62, 11, 5, 24, 18, 36, 63, 9, 4, 19, 41, 43, 38, 57, 10, 3, 64, 26]
客户端数：50	时间：0.005239963531494141	客户端：[23, 60, 7, 45, 13, 6, 48, 8, 27, 30, 52, 1, 55, 12, 51, 53, 40, 54, 15, 46, 16, 2, 62, 11, 5, 24, 18, 36, 63, 9, 4, 19, 41, 43, 38, 57, 10, 3, 64, 26, 61, 34, 31, 22, 49, 59, 58, 50, 39, 37]
客户端数：57	时间：0.007234811782836914	客户端：[23, 60, 7, 45, 13, 6, 48, 8, 27, 30, 52, 1, 55, 12, 51, 53, 40, 54, 15, 46, 16, 2, 62, 11, 5, 24, 18, 36, 63, 9, 4, 19, 41, 43, 38, 57, 10, 3, 64, 26, 61, 34, 31, 22, 49, 59, 58, 50, 39, 37, 33, 47, 28, 44, 25, 14, 21]
T3
客户端数：10	时间：0.35802674293518066	客户端：[23, 60, 7, 45, 13, 6, 48, 8, 27, 30]
客户端数：20	时间：0.7549397945404053	客户端：[23, 60, 7, 45, 13, 6, 48, 8, 27, 30, 52, 1, 55, 12, 51, 53, 40, 54, 15, 46]
客户端数：30	时间：27.789251565933228	客户端：[23, 60, 7, 45, 13, 6, 48, 8, 27, 30, 52, 1, 55, 12, 51, 53, 40, 54, 15, 46, 16, 2, 62, 11, 5, 24, 18, 36, 63, 9]
客户端数：40	时间：30.834094524383545	客户端：[23, 60, 7, 45, 13, 6, 48, 8, 27, 30, 52, 1, 55, 12, 51, 53, 40, 54, 15, 46, 16, 2, 62, 11, 5, 24, 18, 36, 63, 9, 4, 19, 41, 43, 38, 57, 10, 3, 64, 26]
客户端数：50	时间：34.35771560668945	客户端：[23, 60, 7, 45, 13, 6, 48, 8, 27, 30, 52, 1, 55, 12, 51, 53, 40, 54, 15, 46, 16, 2, 62, 11, 5, 24, 18, 36, 63, 9, 4, 19, 41, 43, 38, 57, 10, 3, 64, 26, 61, 34, 31, 22, 49, 59, 58, 50, 39, 37]
客户端数：57	时间：37.052499294281006	客户端：[23, 60, 7, 45, 13, 6, 48, 8, 27, 30, 52, 1, 55, 12, 51, 53, 40, 54, 15, 46, 16, 2, 62, 11, 5, 24, 18, 36, 63, 9, 4, 19, 41, 43, 38, 57, 10, 3, 64, 26, 61, 34, 31, 22, 49, 59, 58, 50, 39, 37, 33, 47, 28, 44, 25, 14, 21]
BYTE
客户端数：0	字节数：0	客户端：[]
MAE：184203639.84615386
RMSE：184441730.33459294
finished iteration：2023-01-01 00:01:44.657370

