Number of rounds 1
T1
客户端数：10	时间：0.03734946250915527	客户端：[17, 50, 64, 10, 32, 12, 57, 54, 30, 22]
客户端数：20	时间：0.0443265438079834	客户端：[17, 50, 64, 10, 32, 12, 57, 54, 30, 22, 61, 37, 15, 46, 1, 13, 49, 41, 63, 36]
客户端数：30	时间：0.05031180381774902	客户端：[17, 50, 64, 10, 32, 12, 57, 54, 30, 22, 61, 37, 15, 46, 1, 13, 49, 41, 63, 36, 19, 59, 44, 21, 16, 56, 27, 33, 24, 6]
客户端数：40	时间：0.0552976131439209	客户端：[17, 50, 64, 10, 32, 12, 57, 54, 30, 22, 61, 37, 15, 46, 1, 13, 49, 41, 63, 36, 19, 59, 44, 21, 16, 56, 27, 33, 24, 6, 55, 5, 26, 43, 31, 40, 20, 14, 8, 4]
客户端数：50	时间：0.060283660888671875	客户端：[17, 50, 64, 10, 32, 12, 57, 54, 30, 22, 61, 37, 15, 46, 1, 13, 49, 41, 63, 36, 19, 59, 44, 21, 16, 56, 27, 33, 24, 6, 55, 5, 26, 43, 31, 40, 20, 14, 8, 4, 38, 9, 45, 29, 60, 35, 23, 34, 39, 53]
客户端数：60	时间：0.06626653671264648	客户端：[17, 50, 64, 10, 32, 12, 57, 54, 30, 22, 61, 37, 15, 46, 1, 13, 49, 41, 63, 36, 19, 59, 44, 21, 16, 56, 27, 33, 24, 6, 55, 5, 26, 43, 31, 40, 20, 14, 8, 4, 38, 9, 45, 29, 60, 35, 23, 34, 39, 53, 48, 52, 25, 42, 28, 51, 58, 3, 47, 18]
客户端数：62	时间：0.06726384162902832	客户端：[17, 50, 64, 10, 32, 12, 57, 54, 30, 22, 61, 37, 15, 46, 1, 13, 49, 41, 63, 36, 19, 59, 44, 21, 16, 56, 27, 33, 24, 6, 55, 5, 26, 43, 31, 40, 20, 14, 8, 4, 38, 9, 45, 29, 60, 35, 23, 34, 39, 53, 48, 52, 25, 42, 28, 51, 58, 3, 47, 18, 11, 62]
T2
客户端数：10	时间：0.006005048751831055	客户端：[50, 19, 60, 46, 42, 57, 13, 56, 38, 15]
客户端数：20	时间：0.00999593734741211	客户端：[50, 19, 60, 46, 42, 57, 13, 56, 38, 15, 29, 49, 39, 44, 37, 64, 12, 36, 27, 28]
客户端数：30	时间：0.012987613677978516	客户端：[50, 19, 60, 46, 42, 57, 13, 56, 38, 15, 29, 49, 39, 44, 37, 64, 12, 36, 27, 28, 14, 48, 35, 45, 55, 23, 16, 10, 5, 30]
客户端数：40	时间：0.018975257873535156	客户端：[50, 19, 60, 46, 42, 57, 13, 56, 38, 15, 29, 49, 39, 44, 37, 64, 12, 36, 27, 28, 14, 48, 35, 45, 55, 23, 16, 10, 5, 30, 11, 52, 59, 18, 8, 3, 9, 53, 24, 17]
客户端数：50	时间：0.021982192993164062	客户端：[50, 19, 60, 46, 42, 57, 13, 56, 38, 15, 29, 49, 39, 44, 37, 64, 12, 36, 27, 28, 14, 48, 35, 45, 55, 23, 16, 10, 5, 30, 11, 52, 59, 18, 8, 3, 9, 53, 24, 17, 33, 25, 62, 47, 32, 21, 40, 1, 4, 20]
客户端数：60	时间：0.025971174240112305	客户端：[50, 19, 60, 46, 42, 57, 13, 56, 38, 15, 29, 49, 39, 44, 37, 64, 12, 36, 27, 28, 14, 48, 35, 45, 55, 23, 16, 10, 5, 30, 11, 52, 59, 18, 8, 3, 9, 53, 24, 17, 33, 25, 62, 47, 32, 21, 40, 1, 4, 20, 54, 63, 34, 31, 26, 43, 51, 61, 41, 58]
客户端数：62	时间：0.025971174240112305	客户端：[50, 19, 60, 46, 42, 57, 13, 56, 38, 15, 29, 49, 39, 44, 37, 64, 12, 36, 27, 28, 14, 48, 35, 45, 55, 23, 16, 10, 5, 30, 11, 52, 59, 18, 8, 3, 9, 53, 24, 17, 33, 25, 62, 47, 32, 21, 40, 1, 4, 20, 54, 63, 34, 31, 26, 43, 51, 61, 41, 58, 22, 6]
T3
客户端数：10	时间：14.682655572891235	客户端：[50, 19, 60, 46, 42, 57, 13, 56, 38, 15]
客户端数：20	时间：56.1887423992157	客户端：[50, 19, 60, 46, 42, 57, 13, 56, 38, 15, 29, 49, 39, 44, 37, 64, 12, 36, 27, 28]
客户端数：30	时间：123.16631412506104	客户端：[50, 19, 60, 46, 42, 57, 13, 56, 38, 15, 29, 49, 39, 44, 37, 64, 12, 36, 27, 28, 14, 48, 35, 45, 55, 23, 16, 10, 5, 30]
客户端数：40	时间：216.07215690612793	客户端：[50, 19, 60, 46, 42, 57, 13, 56, 38, 15, 29, 49, 39, 44, 37, 64, 12, 36, 27, 28, 14, 48, 35, 45, 55, 23, 16, 10, 5, 30, 11, 52, 59, 18, 8, 3, 9, 53, 24, 17]
客户端数：50	时间：336.44288182258606	客户端：[50, 19, 60, 46, 42, 57, 13, 56, 38, 15, 29, 49, 39, 44, 37, 64, 12, 36, 27, 28, 14, 48, 35, 45, 55, 23, 16, 10, 5, 30, 11, 52, 59, 18, 8, 3, 9, 53, 24, 17, 33, 25, 62, 47, 32, 21, 40, 1, 4, 20]
客户端数：60	时间：485.29991126060486	客户端：[50, 19, 60, 46, 42, 57, 13, 56, 38, 15, 29, 49, 39, 44, 37, 64, 12, 36, 27, 28, 14, 48, 35, 45, 55, 23, 16, 10, 5, 30, 11, 52, 59, 18, 8, 3, 9, 53, 24, 17, 33, 25, 62, 47, 32, 21, 40, 1, 4, 20, 54, 63, 34, 31, 26, 43, 51, 61, 41, 58]
客户端数：62	时间：518.2976703643799	客户端：[50, 19, 60, 46, 42, 57, 13, 56, 38, 15, 29, 49, 39, 44, 37, 64, 12, 36, 27, 28, 14, 48, 35, 45, 55, 23, 16, 10, 5, 30, 11, 52, 59, 18, 8, 3, 9, 53, 24, 17, 33, 25, 62, 47, 32, 21, 40, 1, 4, 20, 54, 63, 34, 31, 26, 43, 51, 61, 41, 58, 22, 6]
BYTE
客户端数：10	字节数：3200000	客户端：[17, 50, 64, 10, 32, 12, 57, 54, 30, 22]
客户端数：20	字节数：6400000	客户端：[17, 50, 64, 10, 32, 12, 57, 54, 30, 22, 61, 37, 15, 46, 1, 13, 49, 41, 63, 36]
客户端数：30	字节数：9600000	客户端：[17, 50, 64, 10, 32, 12, 57, 54, 30, 22, 61, 37, 15, 46, 1, 13, 49, 41, 63, 36, 19, 59, 44, 21, 16, 56, 27, 33, 24, 6]
客户端数：40	字节数：12800000	客户端：[17, 50, 64, 10, 32, 12, 57, 54, 30, 22, 61, 37, 15, 46, 1, 13, 49, 41, 63, 36, 19, 59, 44, 21, 16, 56, 27, 33, 24, 6, 55, 5, 26, 43, 31, 40, 20, 14, 8, 4]
客户端数：50	字节数：16000000	客户端：[17, 50, 64, 10, 32, 12, 57, 54, 30, 22, 61, 37, 15, 46, 1, 13, 49, 41, 63, 36, 19, 59, 44, 21, 16, 56, 27, 33, 24, 6, 55, 5, 26, 43, 31, 40, 20, 14, 8, 4, 38, 9, 45, 29, 60, 35, 23, 34, 39, 53]
客户端数：60	字节数：19200000	客户端：[17, 50, 64, 10, 32, 12, 57, 54, 30, 22, 61, 37, 15, 46, 1, 13, 49, 41, 63, 36, 19, 59, 44, 21, 16, 56, 27, 33, 24, 6, 55, 5, 26, 43, 31, 40, 20, 14, 8, 4, 38, 9, 45, 29, 60, 35, 23, 34, 39, 53, 48, 52, 25, 42, 28, 51, 58, 3, 47, 18]
客户端数：62	字节数：19840000	客户端：[17, 50, 64, 10, 32, 12, 57, 54, 30, 22, 61, 37, 15, 46, 1, 13, 49, 41, 63, 36, 19, 59, 44, 21, 16, 56, 27, 33, 24, 6, 55, 5, 26, 43, 31, 40, 20, 14, 8, 4, 38, 9, 45, 29, 60, 35, 23, 34, 39, 53, 48, 52, 25, 42, 28, 51, 58, 3, 47, 18, 11, 62]
PRO_LEN：320000
score：0.6408253968253969
loss rate：0.35917460317460315
finished iteration：2023-01-01 00:00:29.287984

Number of rounds 2
T1
客户端数：10	时间：0.0029914379119873047	客户端：[57, 64, 15, 12, 37, 19, 10, 30, 28, 38]
客户端数：20	时间：0.003988981246948242	客户端：[57, 64, 15, 12, 37, 19, 10, 30, 28, 38, 36, 23, 48, 44, 29, 17, 56, 59, 52, 16]
客户端数：30	时间：0.007978200912475586	客户端：[57, 64, 15, 12, 37, 19, 10, 30, 28, 38, 36, 23, 48, 44, 29, 17, 56, 59, 52, 16, 24, 18, 11, 32, 45, 33, 47, 39, 9, 42]
客户端数：40	时间：0.00898122787475586	客户端：[57, 64, 15, 12, 37, 19, 10, 30, 28, 38, 36, 23, 48, 44, 29, 17, 56, 59, 52, 16, 24, 18, 11, 32, 45, 33, 47, 39, 9, 42, 62, 25, 5, 60, 46, 3, 53, 55, 21, 1]
客户端数：50	时间：0.012964725494384766	客户端：[57, 64, 15, 12, 37, 19, 10, 30, 28, 38, 36, 23, 48, 44, 29, 17, 56, 59, 52, 16, 24, 18, 11, 32, 45, 33, 47, 39, 9, 42, 62, 25, 5, 60, 46, 3, 53, 55, 21, 1, 40, 27, 49, 4, 20, 54, 35, 63, 14, 34]
客户端数：60	时间：0.013962507247924805	客户端：[57, 64, 15, 12, 37, 19, 10, 30, 28, 38, 36, 23, 48, 44, 29, 17, 56, 59, 52, 16, 24, 18, 11, 32, 45, 33, 47, 39, 9, 42, 62, 25, 5, 60, 46, 3, 53, 55, 21, 1, 40, 27, 49, 4, 20, 54, 35, 63, 14, 34, 31, 26, 43, 8, 51, 13, 50, 41, 61, 58]
客户端数：62	时间：0.013962507247924805	客户端：[57, 64, 15, 12, 37, 19, 10, 30, 28, 38, 36, 23, 48, 44, 29, 17, 56, 59, 52, 16, 24, 18, 11, 32, 45, 33, 47, 39, 9, 42, 62, 25, 5, 60, 46, 3, 53, 55, 21, 1, 40, 27, 49, 4, 20, 54, 35, 63, 14, 34, 31, 26, 43, 8, 51, 13, 50, 41, 61, 58, 22, 6]
T2
客户端数：10	时间：0.002992391586303711	客户端：[19, 42, 46, 57, 40, 38, 49, 51, 47, 12]
客户端数：20	时间：0.003990650177001953	客户端：[19, 42, 46, 57, 40, 38, 49, 51, 47, 12, 37, 15, 59, 36, 29, 11, 41, 39, 64, 26]
客户端数：30	时间：0.004988431930541992	客户端：[19, 42, 46, 57, 40, 38, 49, 51, 47, 12, 37, 15, 59, 36, 29, 11, 41, 39, 64, 26, 35, 48, 4, 1, 14, 45, 43, 21, 20, 25]
客户端数：40	时间：0.009002923965454102	客户端：[19, 42, 46, 57, 40, 38, 49, 51, 47, 12, 37, 15, 59, 36, 29, 11, 41, 39, 64, 26, 35, 48, 4, 1, 14, 45, 43, 21, 20, 25, 30, 23, 31, 62, 9, 8, 58, 54, 33, 16]
客户端数：50	时间：0.010998249053955078	客户端：[19, 42, 46, 57, 40, 38, 49, 51, 47, 12, 37, 15, 59, 36, 29, 11, 41, 39, 64, 26, 35, 48, 4, 1, 14, 45, 43, 21, 20, 25, 30, 23, 31, 62, 9, 8, 58, 54, 33, 16, 22, 34, 60, 53, 24, 44, 5, 13, 3, 10]
客户端数：60	时间：0.015984296798706055	客户端：[19, 42, 46, 57, 40, 38, 49, 51, 47, 12, 37, 15, 59, 36, 29, 11, 41, 39, 64, 26, 35, 48, 4, 1, 14, 45, 43, 21, 20, 25, 30, 23, 31, 62, 9, 8, 58, 54, 33, 16, 22, 34, 60, 53, 24, 44, 5, 13, 3, 10, 55, 63, 6, 32, 50, 56, 61, 28, 52, 27]
客户端数：62	时间：0.016982078552246094	客户端：[19, 42, 46, 57, 40, 38, 49, 51, 47, 12, 37, 15, 59, 36, 29, 11, 41, 39, 64, 26, 35, 48, 4, 1, 14, 45, 43, 21, 20, 25, 30, 23, 31, 62, 9, 8, 58, 54, 33, 16, 22, 34, 60, 53, 24, 44, 5, 13, 3, 10, 55, 63, 6, 32, 50, 56, 61, 28, 52, 27, 18, 17]
T3
客户端数：10	时间：13.208045959472656	客户端：[19, 42, 46, 57, 40, 38, 49, 51, 47, 12]
客户端数：20	时间：53.110979080200195	客户端：[19, 42, 46, 57, 40, 38, 49, 51, 47, 12, 37, 15, 59, 36, 29, 11, 41, 39, 64, 26]
客户端数：30	时间：119.31052136421204	客户端：[19, 42, 46, 57, 40, 38, 49, 51, 47, 12, 37, 15, 59, 36, 29, 11, 41, 39, 64, 26, 35, 48, 4, 1, 14, 45, 43, 21, 20, 25]
客户端数：40	时间：211.9094111919403	客户端：[19, 42, 46, 57, 40, 38, 49, 51, 47, 12, 37, 15, 59, 36, 29, 11, 41, 39, 64, 26, 35, 48, 4, 1, 14, 45, 43, 21, 20, 25, 30, 23, 31, 62, 9, 8, 58, 54, 33, 16]
客户端数：50	时间：330.8810887336731	客户端：[19, 42, 46, 57, 40, 38, 49, 51, 47, 12, 37, 15, 59, 36, 29, 11, 41, 39, 64, 26, 35, 48, 4, 1, 14, 45, 43, 21, 20, 25, 30, 23, 31, 62, 9, 8, 58, 54, 33, 16, 22, 34, 60, 53, 24, 44, 5, 13, 3, 10]
客户端数：60	时间：476.7202444076538	客户端：[19, 42, 46, 57, 40, 38, 49, 51, 47, 12, 37, 15, 59, 36, 29, 11, 41, 39, 64, 26, 35, 48, 4, 1, 14, 45, 43, 21, 20, 25, 30, 23, 31, 62, 9, 8, 58, 54, 33, 16, 22, 34, 60, 53, 24, 44, 5, 13, 3, 10, 55, 63, 6, 32, 50, 56, 61, 28, 52, 27]
客户端数：62	时间：509.15153908729553	客户端：[19, 42, 46, 57, 40, 38, 49, 51, 47, 12, 37, 15, 59, 36, 29, 11, 41, 39, 64, 26, 35, 48, 4, 1, 14, 45, 43, 21, 20, 25, 30, 23, 31, 62, 9, 8, 58, 54, 33, 16, 22, 34, 60, 53, 24, 44, 5, 13, 3, 10, 55, 63, 6, 32, 50, 56, 61, 28, 52, 27, 18, 17]
BYTE
客户端数：10	字节数：3200000	客户端：[57, 64, 15, 12, 37, 19, 10, 30, 28, 38]
客户端数：20	字节数：6400000	客户端：[57, 64, 15, 12, 37, 19, 10, 30, 28, 38, 36, 23, 48, 44, 29, 17, 56, 59, 52, 16]
客户端数：30	字节数：9600000	客户端：[57, 64, 15, 12, 37, 19, 10, 30, 28, 38, 36, 23, 48, 44, 29, 17, 56, 59, 52, 16, 24, 18, 11, 32, 45, 33, 47, 39, 9, 42]
客户端数：40	字节数：12800000	客户端：[57, 64, 15, 12, 37, 19, 10, 30, 28, 38, 36, 23, 48, 44, 29, 17, 56, 59, 52, 16, 24, 18, 11, 32, 45, 33, 47, 39, 9, 42, 62, 25, 5, 60, 46, 3, 53, 55, 21, 1]
客户端数：50	字节数：16000000	客户端：[57, 64, 15, 12, 37, 19, 10, 30, 28, 38, 36, 23, 48, 44, 29, 17, 56, 59, 52, 16, 24, 18, 11, 32, 45, 33, 47, 39, 9, 42, 62, 25, 5, 60, 46, 3, 53, 55, 21, 1, 40, 27, 49, 4, 20, 54, 35, 63, 14, 34]
客户端数：60	字节数：19200000	客户端：[57, 64, 15, 12, 37, 19, 10, 30, 28, 38, 36, 23, 48, 44, 29, 17, 56, 59, 52, 16, 24, 18, 11, 32, 45, 33, 47, 39, 9, 42, 62, 25, 5, 60, 46, 3, 53, 55, 21, 1, 40, 27, 49, 4, 20, 54, 35, 63, 14, 34, 31, 26, 43, 8, 51, 13, 50, 41, 61, 58]
客户端数：62	字节数：19840000	客户端：[57, 64, 15, 12, 37, 19, 10, 30, 28, 38, 36, 23, 48, 44, 29, 17, 56, 59, 52, 16, 24, 18, 11, 32, 45, 33, 47, 39, 9, 42, 62, 25, 5, 60, 46, 3, 53, 55, 21, 1, 40, 27, 49, 4, 20, 54, 35, 63, 14, 34, 31, 26, 43, 8, 51, 13, 50, 41, 61, 58, 22, 6]
PRO_LEN：320000
score：0.9504126984126984
loss rate：0.049587301587301624
finished iteration：2023-01-01 00:01:05.475914

Number of rounds 3
T1
客户端数：10	时间：0.0029931068420410156	客户端：[57, 46, 12, 49, 64, 36, 59, 41, 47, 1]
客户端数：20	时间：0.005984783172607422	客户端：[57, 46, 12, 49, 64, 36, 59, 41, 47, 1, 37, 15, 30, 40, 54, 11, 34, 48, 23, 38]
客户端数：30	时间：0.009972810745239258	客户端：[57, 46, 12, 49, 64, 36, 59, 41, 47, 1, 37, 15, 30, 40, 54, 11, 34, 48, 23, 38, 35, 14, 43, 22, 4, 31, 45, 33, 62, 20]
客户端数：40	时间：0.011967897415161133	客户端：[57, 46, 12, 49, 64, 36, 59, 41, 47, 1, 37, 15, 30, 40, 54, 11, 34, 48, 23, 38, 35, 14, 43, 22, 4, 31, 45, 33, 62, 20, 44, 13, 9, 39, 60, 24, 3, 58, 55, 63]
客户端数：50	时间：0.014961004257202148	客户端：[57, 46, 12, 49, 64, 36, 59, 41, 47, 1, 37, 15, 30, 40, 54, 11, 34, 48, 23, 38, 35, 14, 43, 22, 4, 31, 45, 33, 62, 20, 44, 13, 9, 39, 60, 24, 3, 58, 55, 63, 19, 5, 10, 53, 32, 6, 51, 50, 25, 16]
客户端数：60	时间：0.016956090927124023	客户端：[57, 46, 12, 49, 64, 36, 59, 41, 47, 1, 37, 15, 30, 40, 54, 11, 34, 48, 23, 38, 35, 14, 43, 22, 4, 31, 45, 33, 62, 20, 44, 13, 9, 39, 60, 24, 3, 58, 55, 63, 19, 5, 10, 53, 32, 6, 51, 50, 25, 16, 56, 21, 61, 28, 26, 29, 8, 52, 42, 27]
客户端数：62	时间：0.016956090927124023	客户端：[57, 46, 12, 49, 64, 36, 59, 41, 47, 1, 37, 15, 30, 40, 54, 11, 34, 48, 23, 38, 35, 14, 43, 22, 4, 31, 45, 33, 62, 20, 44, 13, 9, 39, 60, 24, 3, 58, 55, 63, 19, 5, 10, 53, 32, 6, 51, 50, 25, 16, 56, 21, 61, 28, 26, 29, 8, 52, 42, 27, 18, 17]
T2
客户端数：10	时间：0.0050008296966552734	客户端：[15, 19, 42, 50, 57, 39, 26, 38, 40, 37]
客户端数：20	时间：0.010009527206420898	客户端：[15, 19, 42, 50, 57, 39, 26, 38, 40, 37, 47, 64, 60, 11, 51, 59, 28, 48, 30, 21]
客户端数：30	时间：0.012984514236450195	客户端：[15, 19, 42, 50, 57, 39, 26, 38, 40, 37, 47, 64, 60, 11, 51, 59, 28, 48, 30, 21, 41, 4, 10, 29, 16, 23, 18, 31, 14, 27]
客户端数：40	时间：0.014979839324951172	客户端：[15, 19, 42, 50, 57, 39, 26, 38, 40, 37, 47, 64, 60, 11, 51, 59, 28, 48, 30, 21, 41, 4, 10, 29, 16, 23, 18, 31, 14, 27, 9, 1, 58, 34, 46, 20, 5, 56, 22, 17]
客户端数：50	时间：0.018971681594848633	客户端：[15, 19, 42, 50, 57, 39, 26, 38, 40, 37, 47, 64, 60, 11, 51, 59, 28, 48, 30, 21, 41, 4, 10, 29, 16, 23, 18, 31, 14, 27, 9, 1, 58, 34, 46, 20, 5, 56, 22, 17, 6, 55, 61, 8, 44, 33, 12, 35, 24, 63]
客户端数：60	时间：0.02096724510192871	客户端：[15, 19, 42, 50, 57, 39, 26, 38, 40, 37, 47, 64, 60, 11, 51, 59, 28, 48, 30, 21, 41, 4, 10, 29, 16, 23, 18, 31, 14, 27, 9, 1, 58, 34, 46, 20, 5, 56, 22, 17, 6, 55, 61, 8, 44, 33, 12, 35, 24, 63, 25, 62, 36, 43, 13, 49, 32, 54, 45, 3]
客户端数：62	时间：0.02096724510192871	客户端：[15, 19, 42, 50, 57, 39, 26, 38, 40, 37, 47, 64, 60, 11, 51, 59, 28, 48, 30, 21, 41, 4, 10, 29, 16, 23, 18, 31, 14, 27, 9, 1, 58, 34, 46, 20, 5, 56, 22, 17, 6, 55, 61, 8, 44, 33, 12, 35, 24, 63, 25, 62, 36, 43, 13, 49, 32, 54, 45, 3, 52, 53]
T3
客户端数：10	时间：13.566675186157227	客户端：[15, 19, 42, 50, 57, 39, 26, 38, 40, 37]
客户端数：20	时间：53.55939817428589	客户端：[15, 19, 42, 50, 57, 39, 26, 38, 40, 37, 47, 64, 60, 11, 51, 59, 28, 48, 30, 21]
客户端数：30	时间：119.4797523021698	客户端：[15, 19, 42, 50, 57, 39, 26, 38, 40, 37, 47, 64, 60, 11, 51, 59, 28, 48, 30, 21, 41, 4, 10, 29, 16, 23, 18, 31, 14, 27]
客户端数：40	时间：211.45577931404114	客户端：[15, 19, 42, 50, 57, 39, 26, 38, 40, 37, 47, 64, 60, 11, 51, 59, 28, 48, 30, 21, 41, 4, 10, 29, 16, 23, 18, 31, 14, 27, 9, 1, 58, 34, 46, 20, 5, 56, 22, 17]
客户端数：50	时间：331.35969161987305	客户端：[15, 19, 42, 50, 57, 39, 26, 38, 40, 37, 47, 64, 60, 11, 51, 59, 28, 48, 30, 21, 41, 4, 10, 29, 16, 23, 18, 31, 14, 27, 9, 1, 58, 34, 46, 20, 5, 56, 22, 17, 6, 55, 61, 8, 44, 33, 12, 35, 24, 63]
客户端数：60	时间：479.73427629470825	客户端：[15, 19, 42, 50, 57, 39, 26, 38, 40, 37, 47, 64, 60, 11, 51, 59, 28, 48, 30, 21, 41, 4, 10, 29, 16, 23, 18, 31, 14, 27, 9, 1, 58, 34, 46, 20, 5, 56, 22, 17, 6, 55, 61, 8, 44, 33, 12, 35, 24, 63, 25, 62, 36, 43, 13, 49, 32, 54, 45, 3]
客户端数：62	时间：512.5876286029816	客户端：[15, 19, 42, 50, 57, 39, 26, 38, 40, 37, 47, 64, 60, 11, 51, 59, 28, 48, 30, 21, 41, 4, 10, 29, 16, 23, 18, 31, 14, 27, 9, 1, 58, 34, 46, 20, 5, 56, 22, 17, 6, 55, 61, 8, 44, 33, 12, 35, 24, 63, 25, 62, 36, 43, 13, 49, 32, 54, 45, 3, 52, 53]
BYTE
客户端数：10	字节数：3200000	客户端：[57, 46, 12, 49, 64, 36, 59, 41, 47, 1]
客户端数：20	字节数：6400000	客户端：[57, 46, 12, 49, 64, 36, 59, 41, 47, 1, 37, 15, 30, 40, 54, 11, 34, 48, 23, 38]
客户端数：30	字节数：9600000	客户端：[57, 46, 12, 49, 64, 36, 59, 41, 47, 1, 37, 15, 30, 40, 54, 11, 34, 48, 23, 38, 35, 14, 43, 22, 4, 31, 45, 33, 62, 20]
客户端数：40	字节数：12800000	客户端：[57, 46, 12, 49, 64, 36, 59, 41, 47, 1, 37, 15, 30, 40, 54, 11, 34, 48, 23, 38, 35, 14, 43, 22, 4, 31, 45, 33, 62, 20, 44, 13, 9, 39, 60, 24, 3, 58, 55, 63]
客户端数：50	字节数：16000000	客户端：[57, 46, 12, 49, 64, 36, 59, 41, 47, 1, 37, 15, 30, 40, 54, 11, 34, 48, 23, 38, 35, 14, 43, 22, 4, 31, 45, 33, 62, 20, 44, 13, 9, 39, 60, 24, 3, 58, 55, 63, 19, 5, 10, 53, 32, 6, 51, 50, 25, 16]
客户端数：60	字节数：19200000	客户端：[57, 46, 12, 49, 64, 36, 59, 41, 47, 1, 37, 15, 30, 40, 54, 11, 34, 48, 23, 38, 35, 14, 43, 22, 4, 31, 45, 33, 62, 20, 44, 13, 9, 39, 60, 24, 3, 58, 55, 63, 19, 5, 10, 53, 32, 6, 51, 50, 25, 16, 56, 21, 61, 28, 26, 29, 8, 52, 42, 27]
客户端数：62	字节数：19840000	客户端：[57, 46, 12, 49, 64, 36, 59, 41, 47, 1, 37, 15, 30, 40, 54, 11, 34, 48, 23, 38, 35, 14, 43, 22, 4, 31, 45, 33, 62, 20, 44, 13, 9, 39, 60, 24, 3, 58, 55, 63, 19, 5, 10, 53, 32, 6, 51, 50, 25, 16, 56, 21, 61, 28, 26, 29, 8, 52, 42, 27, 18, 17]
PRO_LEN：320000
score：0.9612698412698413
loss rate：0.038730158730158726
finished iteration：2023-01-01 00:01:35.786368

Number of rounds 4
T1
客户端数：10	时间：0.00399017333984375	客户端：[50, 15, 19, 64, 30, 10, 57, 38, 26, 41]
客户端数：20	时间：0.004987955093383789	客户端：[50, 15, 19, 64, 30, 10, 57, 38, 26, 41, 4, 28, 21, 18, 48, 40, 46, 27, 23, 34]
客户端数：30	时间：0.008976936340332031	客户端：[50, 15, 19, 64, 30, 10, 57, 38, 26, 41, 4, 28, 21, 18, 48, 40, 46, 27, 23, 34, 17, 22, 56, 58, 14, 60, 61, 39, 5, 9]
客户端数：40	时间：0.009974956512451172	客户端：[50, 15, 19, 64, 30, 10, 57, 38, 26, 41, 4, 28, 21, 18, 48, 40, 46, 27, 23, 34, 17, 22, 56, 58, 14, 60, 61, 39, 5, 9, 51, 1, 55, 11, 12, 8, 44, 29, 47, 6]
客户端数：50	时间：0.011969566345214844	客户端：[50, 15, 19, 64, 30, 10, 57, 38, 26, 41, 4, 28, 21, 18, 48, 40, 46, 27, 23, 34, 17, 22, 56, 58, 14, 60, 61, 39, 5, 9, 51, 1, 55, 11, 12, 8, 44, 29, 47, 6, 24, 31, 33, 63, 37, 25, 62, 36, 43, 13]
客户端数：60	时间：0.01396322250366211	客户端：[50, 15, 19, 64, 30, 10, 57, 38, 26, 41, 4, 28, 21, 18, 48, 40, 46, 27, 23, 34, 17, 22, 56, 58, 14, 60, 61, 39, 5, 9, 51, 1, 55, 11, 12, 8, 44, 29, 47, 6, 24, 31, 33, 63, 37, 25, 62, 36, 43, 13, 20, 42, 49, 32, 54, 45, 59, 16, 52, 3]
客户端数：61	时间：0.014961481094360352	客户端：[50, 15, 19, 64, 30, 10, 57, 38, 26, 41, 4, 28, 21, 18, 48, 40, 46, 27, 23, 34, 17, 22, 56, 58, 14, 60, 61, 39, 5, 9, 51, 1, 55, 11, 12, 8, 44, 29, 47, 6, 24, 31, 33, 63, 37, 25, 62, 36, 43, 13, 20, 42, 49, 32, 54, 45, 59, 16, 52, 3, 53]
T2
客户端数：10	时间：0.0010159015655517578	客户端：[15, 50, 46, 40, 26, 29, 57, 37, 25, 39]
客户端数：20	时间：0.0030105113983154297	客户端：[15, 50, 46, 40, 26, 29, 57, 37, 25, 39, 12, 56, 38, 60, 4, 55, 21, 1, 42, 30]
客户端数：30	时间：0.007040500640869141	客户端：[15, 50, 46, 40, 26, 29, 57, 37, 25, 39, 12, 56, 38, 60, 4, 55, 21, 1, 42, 30, 10, 45, 28, 20, 36, 62, 18, 9, 27, 16]
客户端数：40	时间：0.009034872055053711	客户端：[15, 50, 46, 40, 26, 29, 57, 37, 25, 39, 12, 56, 38, 60, 4, 55, 21, 1, 42, 30, 10, 45, 28, 20, 36, 62, 18, 9, 27, 16, 8, 63, 31, 41, 22, 53, 6, 17, 48, 54]
客户端数：50	时间：0.014022350311279297	客户端：[15, 50, 46, 40, 26, 29, 57, 37, 25, 39, 12, 56, 38, 60, 4, 55, 21, 1, 42, 30, 10, 45, 28, 20, 36, 62, 18, 9, 27, 16, 8, 63, 31, 41, 22, 53, 6, 17, 48, 54, 49, 33, 58, 61, 43, 3, 51, 14, 59, 23]
客户端数：60	时间：0.017039060592651367	客户端：[15, 50, 46, 40, 26, 29, 57, 37, 25, 39, 12, 56, 38, 60, 4, 55, 21, 1, 42, 30, 10, 45, 28, 20, 36, 62, 18, 9, 27, 16, 8, 63, 31, 41, 22, 53, 6, 17, 48, 54, 49, 33, 58, 61, 43, 3, 51, 14, 59, 23, 5, 13, 32, 52, 64, 19, 24, 44, 34, 11]
客户端数：61	时间：0.017039060592651367	客户端：[15, 50, 46, 40, 26, 29, 57, 37, 25, 39, 12, 56, 38, 60, 4, 55, 21, 1, 42, 30, 10, 45, 28, 20, 36, 62, 18, 9, 27, 16, 8, 63, 31, 41, 22, 53, 6, 17, 48, 54, 49, 33, 58, 61, 43, 3, 51, 14, 59, 23, 5, 13, 32, 52, 64, 19, 24, 44, 34, 11, 47]
T3
客户端数：10	时间：12.984165906906128	客户端：[15, 50, 46, 40, 26, 29, 57, 37, 25, 39]
客户端数：20	时间：51.72531580924988	客户端：[15, 50, 46, 40, 26, 29, 57, 37, 25, 39, 12, 56, 38, 60, 4, 55, 21, 1, 42, 30]
客户端数：30	时间：117.16631889343262	客户端：[15, 50, 46, 40, 26, 29, 57, 37, 25, 39, 12, 56, 38, 60, 4, 55, 21, 1, 42, 30, 10, 45, 28, 20, 36, 62, 18, 9, 27, 16]
客户端数：40	时间：209.28666424751282	客户端：[15, 50, 46, 40, 26, 29, 57, 37, 25, 39, 12, 56, 38, 60, 4, 55, 21, 1, 42, 30, 10, 45, 28, 20, 36, 62, 18, 9, 27, 16, 8, 63, 31, 41, 22, 53, 6, 17, 48, 54]
客户端数：50	时间：327.64901852607727	客户端：[15, 50, 46, 40, 26, 29, 57, 37, 25, 39, 12, 56, 38, 60, 4, 55, 21, 1, 42, 30, 10, 45, 28, 20, 36, 62, 18, 9, 27, 16, 8, 63, 31, 41, 22, 53, 6, 17, 48, 54, 49, 33, 58, 61, 43, 3, 51, 14, 59, 23]
客户端数：60	时间：471.85898303985596	客户端：[15, 50, 46, 40, 26, 29, 57, 37, 25, 39, 12, 56, 38, 60, 4, 55, 21, 1, 42, 30, 10, 45, 28, 20, 36, 62, 18, 9, 27, 16, 8, 63, 31, 41, 22, 53, 6, 17, 48, 54, 49, 33, 58, 61, 43, 3, 51, 14, 59, 23, 5, 13, 32, 52, 64, 19, 24, 44, 34, 11]
客户端数：61	时间：487.70410561561584	客户端：[15, 50, 46, 40, 26, 29, 57, 37, 25, 39, 12, 56, 38, 60, 4, 55, 21, 1, 42, 30, 10, 45, 28, 20, 36, 62, 18, 9, 27, 16, 8, 63, 31, 41, 22, 53, 6, 17, 48, 54, 49, 33, 58, 61, 43, 3, 51, 14, 59, 23, 5, 13, 32, 52, 64, 19, 24, 44, 34, 11, 47]
BYTE
客户端数：10	字节数：3200000	客户端：[50, 15, 19, 64, 30, 10, 57, 38, 26, 41]
客户端数：20	字节数：6400000	客户端：[50, 15, 19, 64, 30, 10, 57, 38, 26, 41, 4, 28, 21, 18, 48, 40, 46, 27, 23, 34]
客户端数：30	字节数：9600000	客户端：[50, 15, 19, 64, 30, 10, 57, 38, 26, 41, 4, 28, 21, 18, 48, 40, 46, 27, 23, 34, 17, 22, 56, 58, 14, 60, 61, 39, 5, 9]
客户端数：40	字节数：12800000	客户端：[50, 15, 19, 64, 30, 10, 57, 38, 26, 41, 4, 28, 21, 18, 48, 40, 46, 27, 23, 34, 17, 22, 56, 58, 14, 60, 61, 39, 5, 9, 51, 1, 55, 11, 12, 8, 44, 29, 47, 6]
客户端数：50	字节数：16000000	客户端：[50, 15, 19, 64, 30, 10, 57, 38, 26, 41, 4, 28, 21, 18, 48, 40, 46, 27, 23, 34, 17, 22, 56, 58, 14, 60, 61, 39, 5, 9, 51, 1, 55, 11, 12, 8, 44, 29, 47, 6, 24, 31, 33, 63, 37, 25, 62, 36, 43, 13]
客户端数：60	字节数：19200000	客户端：[50, 15, 19, 64, 30, 10, 57, 38, 26, 41, 4, 28, 21, 18, 48, 40, 46, 27, 23, 34, 17, 22, 56, 58, 14, 60, 61, 39, 5, 9, 51, 1, 55, 11, 12, 8, 44, 29, 47, 6, 24, 31, 33, 63, 37, 25, 62, 36, 43, 13, 20, 42, 49, 32, 54, 45, 59, 16, 52, 3]
客户端数：61	字节数：19520000	客户端：[50, 15, 19, 64, 30, 10, 57, 38, 26, 41, 4, 28, 21, 18, 48, 40, 46, 27, 23, 34, 17, 22, 56, 58, 14, 60, 61, 39, 5, 9, 51, 1, 55, 11, 12, 8, 44, 29, 47, 6, 24, 31, 33, 63, 37, 25, 62, 36, 43, 13, 20, 42, 49, 32, 54, 45, 59, 16, 52, 3, 53]
PRO_LEN：320000
score：0.9627301587301588
loss rate：0.03726984126984123
finished iteration：2023-01-01 00:02:06.216686

Number of rounds 5
T1
客户端数：10	时间：0.001995563507080078	客户端：[50, 46, 37, 12, 10, 30, 4, 26, 36, 25]
客户端数：20	时间：0.00399017333984375	客户端：[50, 46, 37, 12, 10, 30, 4, 26, 36, 25, 21, 42, 55, 56, 22, 28, 17, 27, 15, 60]
客户端数：30	时间：0.006981611251831055	客户端：[50, 46, 37, 12, 10, 30, 4, 26, 36, 25, 21, 42, 55, 56, 22, 28, 17, 27, 15, 60, 39, 63, 16, 8, 41, 49, 18, 9, 6, 20]
客户端数：40	时间：0.007978677749633789	客户端：[50, 46, 37, 12, 10, 30, 4, 26, 36, 25, 21, 42, 55, 56, 22, 28, 17, 27, 15, 60, 39, 63, 16, 8, 41, 49, 18, 9, 6, 20, 45, 61, 62, 33, 53, 48, 58, 31, 14, 3]
客户端数：50	时间：0.009973764419555664	客户端：[50, 46, 37, 12, 10, 30, 4, 26, 36, 25, 21, 42, 55, 56, 22, 28, 17, 27, 15, 60, 39, 63, 16, 8, 41, 49, 18, 9, 6, 20, 45, 61, 62, 33, 53, 48, 58, 31, 14, 3, 51, 59, 1, 57, 5, 32, 40, 23, 64, 52]
客户端数：60	时间：0.011968851089477539	客户端：[50, 46, 37, 12, 10, 30, 4, 26, 36, 25, 21, 42, 55, 56, 22, 28, 17, 27, 15, 60, 39, 63, 16, 8, 41, 49, 18, 9, 6, 20, 45, 61, 62, 33, 53, 48, 58, 31, 14, 3, 51, 59, 1, 57, 5, 32, 40, 23, 64, 52, 24, 38, 19, 44, 43, 13, 34, 11, 54, 29]
客户端数：61	时间：0.011968851089477539	客户端：[50, 46, 37, 12, 10, 30, 4, 26, 36, 25, 21, 42, 55, 56, 22, 28, 17, 27, 15, 60, 39, 63, 16, 8, 41, 49, 18, 9, 6, 20, 45, 61, 62, 33, 53, 48, 58, 31, 14, 3, 51, 59, 1, 57, 5, 32, 40, 23, 64, 52, 24, 38, 19, 44, 43, 13, 34, 11, 54, 29, 47]
T2
客户端数：10	时间：0.003989458084106445	客户端：[19, 15, 42, 46, 60, 39, 38, 44, 25, 13]
客户端数：20	时间：0.00797891616821289	客户端：[19, 15, 42, 46, 60, 39, 38, 44, 25, 13, 37, 36, 51, 41, 28, 27, 48, 59, 64, 11]
客户端数：30	时间：0.009973287582397461	客户端：[19, 15, 42, 46, 60, 39, 38, 44, 25, 13, 37, 36, 51, 41, 28, 27, 48, 59, 64, 11, 12, 49, 50, 1, 16, 30, 5, 62, 55, 14]
客户端数：40	时间：0.011993408203125	客户端：[19, 15, 42, 46, 60, 39, 38, 44, 25, 13, 37, 36, 51, 41, 28, 27, 48, 59, 64, 11, 12, 49, 50, 1, 16, 30, 5, 62, 55, 14, 32, 54, 31, 3, 47, 29, 26, 43, 17, 53]
客户端数：50	时间：0.015983104705810547	客户端：[19, 15, 42, 46, 60, 39, 38, 44, 25, 13, 37, 36, 51, 41, 28, 27, 48, 59, 64, 11, 12, 49, 50, 1, 16, 30, 5, 62, 55, 14, 32, 54, 31, 3, 47, 29, 26, 43, 17, 53, 10, 6, 45, 18, 20, 61, 34, 58, 4, 9]
客户端数：60	时间：0.01895761489868164	客户端：[19, 15, 42, 46, 60, 39, 38, 44, 25, 13, 37, 36, 51, 41, 28, 27, 48, 59, 64, 11, 12, 49, 50, 1, 16, 30, 5, 62, 55, 14, 32, 54, 31, 3, 47, 29, 26, 43, 17, 53, 10, 6, 45, 18, 20, 61, 34, 58, 4, 9, 21, 33, 23, 40, 22, 57, 56, 52, 24, 63]
T3
客户端数：10	时间：13.38036298751831	客户端：[19, 15, 42, 46, 60, 39, 38, 44, 25, 13]
客户端数：20	时间：53.24319911003113	客户端：[19, 15, 42, 46, 60, 39, 38, 44, 25, 13, 37, 36, 51, 41, 28, 27, 48, 59, 64, 11]
客户端数：30	时间：119.20951843261719	客户端：[19, 15, 42, 46, 60, 39, 38, 44, 25, 13, 37, 36, 51, 41, 28, 27, 48, 59, 64, 11, 12, 49, 50, 1, 16, 30, 5, 62, 55, 14]
客户端数：40	时间：211.30060744285583	客户端：[19, 15, 42, 46, 60, 39, 38, 44, 25, 13, 37, 36, 51, 41, 28, 27, 48, 59, 64, 11, 12, 49, 50, 1, 16, 30, 5, 62, 55, 14, 32, 54, 31, 3, 47, 29, 26, 43, 17, 53]
客户端数：50	时间：331.25943183898926	客户端：[19, 15, 42, 46, 60, 39, 38, 44, 25, 13, 37, 36, 51, 41, 28, 27, 48, 59, 64, 11, 12, 49, 50, 1, 16, 30, 5, 62, 55, 14, 32, 54, 31, 3, 47, 29, 26, 43, 17, 53, 10, 6, 45, 18, 20, 61, 34, 58, 4, 9]
客户端数：60	时间：478.64300441741943	客户端：[19, 15, 42, 46, 60, 39, 38, 44, 25, 13, 37, 36, 51, 41, 28, 27, 48, 59, 64, 11, 12, 49, 50, 1, 16, 30, 5, 62, 55, 14, 32, 54, 31, 3, 47, 29, 26, 43, 17, 53, 10, 6, 45, 18, 20, 61, 34, 58, 4, 9, 21, 33, 23, 40, 22, 57, 56, 52, 24, 63]
BYTE
客户端数：10	字节数：3200000	客户端：[50, 46, 37, 12, 10, 30, 4, 26, 36, 25]
客户端数：20	字节数：6400000	客户端：[50, 46, 37, 12, 10, 30, 4, 26, 36, 25, 21, 42, 55, 56, 22, 28, 17, 27, 15, 60]
客户端数：30	字节数：9600000	客户端：[50, 46, 37, 12, 10, 30, 4, 26, 36, 25, 21, 42, 55, 56, 22, 28, 17, 27, 15, 60, 39, 63, 16, 8, 41, 49, 18, 9, 6, 20]
客户端数：40	字节数：12800000	客户端：[50, 46, 37, 12, 10, 30, 4, 26, 36, 25, 21, 42, 55, 56, 22, 28, 17, 27, 15, 60, 39, 63, 16, 8, 41, 49, 18, 9, 6, 20, 45, 61, 62, 33, 53, 48, 58, 31, 14, 3]
客户端数：50	字节数：16000000	客户端：[50, 46, 37, 12, 10, 30, 4, 26, 36, 25, 21, 42, 55, 56, 22, 28, 17, 27, 15, 60, 39, 63, 16, 8, 41, 49, 18, 9, 6, 20, 45, 61, 62, 33, 53, 48, 58, 31, 14, 3, 51, 59, 1, 57, 5, 32, 40, 23, 64, 52]
客户端数：60	字节数：19200000	客户端：[50, 46, 37, 12, 10, 30, 4, 26, 36, 25, 21, 42, 55, 56, 22, 28, 17, 27, 15, 60, 39, 63, 16, 8, 41, 49, 18, 9, 6, 20, 45, 61, 62, 33, 53, 48, 58, 31, 14, 3, 51, 59, 1, 57, 5, 32, 40, 23, 64, 52, 24, 38, 19, 44, 43, 13, 34, 11, 54, 29]
客户端数：61	字节数：19520000	客户端：[50, 46, 37, 12, 10, 30, 4, 26, 36, 25, 21, 42, 55, 56, 22, 28, 17, 27, 15, 60, 39, 63, 16, 8, 41, 49, 18, 9, 6, 20, 45, 61, 62, 33, 53, 48, 58, 31, 14, 3, 51, 59, 1, 57, 5, 32, 40, 23, 64, 52, 24, 38, 19, 44, 43, 13, 34, 11, 54, 29, 47]
PRO_LEN：320000
score：0.9645714285714285
loss rate：0.035428571428571476
finished iteration：2023-01-01 00:02:30.454334

Number of rounds 6
T1
客户端数：10	时间：0.001994609832763672	客户端：[15, 19, 42, 64, 50, 13, 36, 44, 49, 41]
客户端数：20	时间：0.003988981246948242	客户端：[15, 19, 42, 64, 50, 13, 36, 44, 49, 41, 59, 27, 32, 54, 17, 16, 38, 10, 11, 37]
客户端数：30	时间：0.0059833526611328125	客户端：[15, 19, 42, 64, 50, 13, 36, 44, 49, 41, 59, 27, 32, 54, 17, 16, 38, 10, 11, 37, 39, 43, 14, 47, 26, 55, 62, 6, 18, 61]
客户端数：40	时间：0.007978439331054688	客户端：[15, 19, 42, 64, 50, 13, 36, 44, 49, 41, 59, 27, 32, 54, 17, 16, 38, 10, 11, 37, 39, 43, 14, 47, 26, 55, 62, 6, 18, 61, 20, 12, 53, 45, 29, 51, 1, 34, 25, 5]
客户端数：50	时间：0.011968135833740234	客户端：[15, 19, 42, 64, 50, 13, 36, 44, 49, 41, 59, 27, 32, 54, 17, 16, 38, 10, 11, 37, 39, 43, 14, 47, 26, 55, 62, 6, 18, 61, 20, 12, 53, 45, 29, 51, 1, 34, 25, 5, 4, 46, 3, 58, 60, 23, 9, 40, 22, 57]
客户端数：60	时间：0.013962745666503906	客户端：[15, 19, 42, 64, 50, 13, 36, 44, 49, 41, 59, 27, 32, 54, 17, 16, 38, 10, 11, 37, 39, 43, 14, 47, 26, 55, 62, 6, 18, 61, 20, 12, 53, 45, 29, 51, 1, 34, 25, 5, 4, 46, 3, 58, 60, 23, 9, 40, 22, 57, 33, 31, 56, 52, 21, 28, 30, 24, 48, 63]
T2
客户端数：10	时间：0.003962039947509766	客户端：[8, 15, 19, 42, 56, 26, 40, 49, 38, 57]
客户端数：20	时间：0.006953716278076172	客户端：[8, 15, 19, 42, 56, 26, 40, 49, 38, 57, 39, 29, 51, 25, 47, 36, 37, 59, 12, 41]
客户端数：30	时间：0.008949041366577148	客户端：[8, 15, 19, 42, 56, 26, 40, 49, 38, 57, 39, 29, 51, 25, 47, 36, 37, 59, 12, 41, 44, 21, 55, 64, 23, 10, 32, 45, 31, 43]
客户端数：40	时间：0.012943506240844727	客户端：[8, 15, 19, 42, 56, 26, 40, 49, 38, 57, 39, 29, 51, 25, 47, 36, 37, 59, 12, 41, 44, 21, 55, 64, 23, 10, 32, 45, 31, 43, 54, 3, 5, 17, 20, 46, 53, 24, 18, 48]
客户端数：50	时间：0.014938831329345703	客户端：[8, 15, 19, 42, 56, 26, 40, 49, 38, 57, 39, 29, 51, 25, 47, 36, 37, 59, 12, 41, 44, 21, 55, 64, 23, 10, 32, 45, 31, 43, 54, 3, 5, 17, 20, 46, 53, 24, 18, 48, 62, 22, 28, 63, 11, 14, 30, 13, 4, 6]
客户端数：60	时间：0.017962217330932617	客户端：[8, 15, 19, 42, 56, 26, 40, 49, 38, 57, 39, 29, 51, 25, 47, 36, 37, 59, 12, 41, 44, 21, 55, 64, 23, 10, 32, 45, 31, 43, 54, 3, 5, 17, 20, 46, 53, 24, 18, 48, 62, 22, 28, 63, 11, 14, 30, 13, 4, 6, 9, 60, 16, 52, 34, 27, 1, 33, 58, 50]
客户端数：61	时间：0.017962217330932617	客户端：[8, 15, 19, 42, 56, 26, 40, 49, 38, 57, 39, 29, 51, 25, 47, 36, 37, 59, 12, 41, 44, 21, 55, 64, 23, 10, 32, 45, 31, 43, 54, 3, 5, 17, 20, 46, 53, 24, 18, 48, 62, 22, 28, 63, 11, 14, 30, 13, 4, 6, 9, 60, 16, 52, 34, 27, 1, 33, 58, 50, 61]
T3
客户端数：10	时间：28.428927421569824	客户端：[8, 15, 19, 42, 56, 26, 40, 49, 38, 57]
客户端数：20	时间：64.74856400489807	客户端：[8, 15, 19, 42, 56, 26, 40, 49, 38, 57, 39, 29, 51, 25, 47, 36, 37, 59, 12, 41]
客户端数：30	时间：127.13787531852722	客户端：[8, 15, 19, 42, 56, 26, 40, 49, 38, 57, 39, 29, 51, 25, 47, 36, 37, 59, 12, 41, 44, 21, 55, 64, 23, 10, 32, 45, 31, 43]
客户端数：40	时间：215.60011649131775	客户端：[8, 15, 19, 42, 56, 26, 40, 49, 38, 57, 39, 29, 51, 25, 47, 36, 37, 59, 12, 41, 44, 21, 55, 64, 23, 10, 32, 45, 31, 43, 54, 3, 5, 17, 20, 46, 53, 24, 18, 48]
客户端数：50	时间：330.55792450904846	客户端：[8, 15, 19, 42, 56, 26, 40, 49, 38, 57, 39, 29, 51, 25, 47, 36, 37, 59, 12, 41, 44, 21, 55, 64, 23, 10, 32, 45, 31, 43, 54, 3, 5, 17, 20, 46, 53, 24, 18, 48, 62, 22, 28, 63, 11, 14, 30, 13, 4, 6]
客户端数：60	时间：471.71823620796204	客户端：[8, 15, 19, 42, 56, 26, 40, 49, 38, 57, 39, 29, 51, 25, 47, 36, 37, 59, 12, 41, 44, 21, 55, 64, 23, 10, 32, 45, 31, 43, 54, 3, 5, 17, 20, 46, 53, 24, 18, 48, 62, 22, 28, 63, 11, 14, 30, 13, 4, 6, 9, 60, 16, 52, 34, 27, 1, 33, 58, 50]
客户端数：61	时间：487.3154785633087	客户端：[8, 15, 19, 42, 56, 26, 40, 49, 38, 57, 39, 29, 51, 25, 47, 36, 37, 59, 12, 41, 44, 21, 55, 64, 23, 10, 32, 45, 31, 43, 54, 3, 5, 17, 20, 46, 53, 24, 18, 48, 62, 22, 28, 63, 11, 14, 30, 13, 4, 6, 9, 60, 16, 52, 34, 27, 1, 33, 58, 50, 61]
BYTE
客户端数：10	字节数：3200000	客户端：[15, 19, 42, 64, 50, 13, 36, 44, 49, 41]
客户端数：20	字节数：6400000	客户端：[15, 19, 42, 64, 50, 13, 36, 44, 49, 41, 59, 27, 32, 54, 17, 16, 38, 10, 11, 37]
客户端数：30	字节数：9600000	客户端：[15, 19, 42, 64, 50, 13, 36, 44, 49, 41, 59, 27, 32, 54, 17, 16, 38, 10, 11, 37, 39, 43, 14, 47, 26, 55, 62, 6, 18, 61]
客户端数：40	字节数：12800000	客户端：[15, 19, 42, 64, 50, 13, 36, 44, 49, 41, 59, 27, 32, 54, 17, 16, 38, 10, 11, 37, 39, 43, 14, 47, 26, 55, 62, 6, 18, 61, 20, 12, 53, 45, 29, 51, 1, 34, 25, 5]
客户端数：50	字节数：16000000	客户端：[15, 19, 42, 64, 50, 13, 36, 44, 49, 41, 59, 27, 32, 54, 17, 16, 38, 10, 11, 37, 39, 43, 14, 47, 26, 55, 62, 6, 18, 61, 20, 12, 53, 45, 29, 51, 1, 34, 25, 5, 4, 46, 3, 58, 60, 23, 9, 40, 22, 57]
客户端数：60	字节数：19200000	客户端：[15, 19, 42, 64, 50, 13, 36, 44, 49, 41, 59, 27, 32, 54, 17, 16, 38, 10, 11, 37, 39, 43, 14, 47, 26, 55, 62, 6, 18, 61, 20, 12, 53, 45, 29, 51, 1, 34, 25, 5, 4, 46, 3, 58, 60, 23, 9, 40, 22, 57, 33, 31, 56, 52, 21, 28, 30, 24, 48, 63]
PRO_LEN：320000
score：0.9646984126984127
loss rate：0.03530158730158728
finished iteration：2023-01-01 00:02:54.723522

Number of rounds 7
T1
客户端数：10	时间：0.002992868423461914	客户端：[19, 49, 37, 36, 56, 59, 29, 10, 47, 64]
客户端数：20	时间：0.004987239837646484	客户端：[19, 49, 37, 36, 56, 59, 29, 10, 47, 64, 44, 21, 42, 41, 38, 40, 17, 26, 39, 23]
客户端数：30	时间：0.007978677749633789	客户端：[19, 49, 37, 36, 56, 59, 29, 10, 47, 64, 44, 21, 42, 41, 38, 40, 17, 26, 39, 23, 55, 46, 51, 32, 3, 5, 45, 18, 22, 62]
客户端数：40	时间：0.010971307754516602	客户端：[19, 49, 37, 36, 56, 59, 29, 10, 47, 64, 44, 21, 42, 41, 38, 40, 17, 26, 39, 23, 55, 46, 51, 32, 3, 5, 45, 18, 22, 62, 28, 43, 48, 12, 30, 31, 11, 54, 14, 13]
客户端数：50	时间：0.011968612670898438	客户端：[19, 49, 37, 36, 56, 59, 29, 10, 47, 64, 44, 21, 42, 41, 38, 40, 17, 26, 39, 23, 55, 46, 51, 32, 3, 5, 45, 18, 22, 62, 28, 43, 48, 12, 30, 31, 11, 54, 14, 13, 63, 53, 9, 16, 57, 15, 60, 4, 52, 6]
客户端数：60	时间：0.01396322250366211	客户端：[19, 49, 37, 36, 56, 59, 29, 10, 47, 64, 44, 21, 42, 41, 38, 40, 17, 26, 39, 23, 55, 46, 51, 32, 3, 5, 45, 18, 22, 62, 28, 43, 48, 12, 30, 31, 11, 54, 14, 13, 63, 53, 9, 16, 57, 15, 60, 4, 52, 6, 27, 34, 1, 24, 25, 33, 20, 50, 58, 61]
T2
客户端数：10	时间：0.001995563507080078	客户端：[42, 19, 60, 46, 13, 26, 56, 57, 39, 44]
客户端数：20	时间：0.0059587955474853516	客户端：[42, 19, 60, 46, 13, 26, 56, 57, 39, 44, 38, 47, 12, 50, 11, 48, 41, 52, 4, 55]
客户端数：30	时间：0.007953643798828125	客户端：[42, 19, 60, 46, 13, 26, 56, 57, 39, 44, 38, 47, 12, 50, 11, 48, 41, 52, 4, 55, 40, 28, 20, 23, 37, 14, 1, 18, 62, 31]
客户端数：40	时间：0.010947227478027344	客户端：[42, 19, 60, 46, 13, 26, 56, 57, 39, 44, 38, 47, 12, 50, 11, 48, 41, 52, 4, 55, 40, 28, 20, 23, 37, 14, 1, 18, 62, 31, 64, 29, 34, 59, 5, 58, 63, 51, 27, 24]
客户端数：50	时间：0.013963937759399414	客户端：[42, 19, 60, 46, 13, 26, 56, 57, 39, 44, 38, 47, 12, 50, 11, 48, 41, 52, 4, 55, 40, 28, 20, 23, 37, 14, 1, 18, 62, 31, 64, 29, 34, 59, 5, 58, 63, 51, 27, 24, 61, 30, 45, 36, 43, 25, 21, 16, 53, 3]
客户端数：59	时间：0.019948959350585938	客户端：[42, 19, 60, 46, 13, 26, 56, 57, 39, 44, 38, 47, 12, 50, 11, 48, 41, 52, 4, 55, 40, 28, 20, 23, 37, 14, 1, 18, 62, 31, 64, 29, 34, 59, 5, 58, 63, 51, 27, 24, 61, 30, 45, 36, 43, 25, 21, 16, 53, 3, 15, 17, 32, 10, 33, 54, 22, 9, 49]
T3
客户端数：10	时间：13.218462944030762	客户端：[42, 19, 60, 46, 13, 26, 56, 57, 39, 44]
客户端数：20	时间：52.84811544418335	客户端：[42, 19, 60, 46, 13, 26, 56, 57, 39, 44, 38, 47, 12, 50, 11, 48, 41, 52, 4, 55]
客户端数：30	时间：119.46922945976257	客户端：[42, 19, 60, 46, 13, 26, 56, 57, 39, 44, 38, 47, 12, 50, 11, 48, 41, 52, 4, 55, 40, 28, 20, 23, 37, 14, 1, 18, 62, 31]
客户端数：40	时间：212.13414549827576	客户端：[42, 19, 60, 46, 13, 26, 56, 57, 39, 44, 38, 47, 12, 50, 11, 48, 41, 52, 4, 55, 40, 28, 20, 23, 37, 14, 1, 18, 62, 31, 64, 29, 34, 59, 5, 58, 63, 51, 27, 24]
客户端数：50	时间：330.6222150325775	客户端：[42, 19, 60, 46, 13, 26, 56, 57, 39, 44, 38, 47, 12, 50, 11, 48, 41, 52, 4, 55, 40, 28, 20, 23, 37, 14, 1, 18, 62, 31, 64, 29, 34, 59, 5, 58, 63, 51, 27, 24, 61, 30, 45, 36, 43, 25, 21, 16, 53, 3]
客户端数：59	时间：459.6452386379242	客户端：[42, 19, 60, 46, 13, 26, 56, 57, 39, 44, 38, 47, 12, 50, 11, 48, 41, 52, 4, 55, 40, 28, 20, 23, 37, 14, 1, 18, 62, 31, 64, 29, 34, 59, 5, 58, 63, 51, 27, 24, 61, 30, 45, 36, 43, 25, 21, 16, 53, 3, 15, 17, 32, 10, 33, 54, 22, 9, 49]
BYTE
客户端数：10	字节数：3200000	客户端：[19, 49, 37, 36, 56, 59, 29, 10, 47, 64]
客户端数：20	字节数：6400000	客户端：[19, 49, 37, 36, 56, 59, 29, 10, 47, 64, 44, 21, 42, 41, 38, 40, 17, 26, 39, 23]
客户端数：30	字节数：9600000	客户端：[19, 49, 37, 36, 56, 59, 29, 10, 47, 64, 44, 21, 42, 41, 38, 40, 17, 26, 39, 23, 55, 46, 51, 32, 3, 5, 45, 18, 22, 62]
客户端数：40	字节数：12800000	客户端：[19, 49, 37, 36, 56, 59, 29, 10, 47, 64, 44, 21, 42, 41, 38, 40, 17, 26, 39, 23, 55, 46, 51, 32, 3, 5, 45, 18, 22, 62, 28, 43, 48, 12, 30, 31, 11, 54, 14, 13]
客户端数：50	字节数：16000000	客户端：[19, 49, 37, 36, 56, 59, 29, 10, 47, 64, 44, 21, 42, 41, 38, 40, 17, 26, 39, 23, 55, 46, 51, 32, 3, 5, 45, 18, 22, 62, 28, 43, 48, 12, 30, 31, 11, 54, 14, 13, 63, 53, 9, 16, 57, 15, 60, 4, 52, 6]
客户端数：60	字节数：19200000	客户端：[19, 49, 37, 36, 56, 59, 29, 10, 47, 64, 44, 21, 42, 41, 38, 40, 17, 26, 39, 23, 55, 46, 51, 32, 3, 5, 45, 18, 22, 62, 28, 43, 48, 12, 30, 31, 11, 54, 14, 13, 63, 53, 9, 16, 57, 15, 60, 4, 52, 6, 27, 34, 1, 24, 25, 33, 20, 50, 58, 61]
PRO_LEN：320000
score：0.9654603174603175
loss rate：0.03453968253968254
finished iteration：2023-01-01 00:03:18.989477

Number of rounds 8
T1
客户端数：10	时间：0.001982450485229492	客户端：[57, 42, 50, 19, 13, 44, 46, 37, 12, 56]
客户端数：20	时间：0.003977060317993164	客户端：[57, 42, 50, 19, 13, 44, 46, 37, 12, 56, 23, 26, 47, 18, 64, 11, 59, 48, 60, 28]
客户端数：30	时间：0.005972146987915039	客户端：[57, 42, 50, 19, 13, 44, 46, 37, 12, 56, 23, 26, 47, 18, 64, 11, 59, 48, 60, 28, 58, 61, 27, 30, 31, 62, 36, 5, 43, 21]
客户端数：40	时间：0.008975505828857422	客户端：[57, 42, 50, 19, 13, 44, 46, 37, 12, 56, 23, 26, 47, 18, 64, 11, 59, 48, 60, 28, 58, 61, 27, 30, 31, 62, 36, 5, 43, 21, 40, 25, 45, 16, 51, 15, 20, 17, 3, 29]
客户端数：50	时间：0.010970115661621094	客户端：[57, 42, 50, 19, 13, 44, 46, 37, 12, 56, 23, 26, 47, 18, 64, 11, 59, 48, 60, 28, 58, 61, 27, 30, 31, 62, 36, 5, 43, 21, 40, 25, 45, 16, 51, 15, 20, 17, 3, 29, 24, 32, 4, 53, 41, 10, 33, 14, 54, 63]
客户端数：59	时间：0.012966156005859375	客户端：[57, 42, 50, 19, 13, 44, 46, 37, 12, 56, 23, 26, 47, 18, 64, 11, 59, 48, 60, 28, 58, 61, 27, 30, 31, 62, 36, 5, 43, 21, 40, 25, 45, 16, 51, 15, 20, 17, 3, 29, 24, 32, 4, 53, 41, 10, 33, 14, 54, 63, 1, 34, 38, 22, 9, 55, 52, 39, 49]
T2
客户端数：10	时间：0.004993438720703125	客户端：[6, 19, 50, 42, 57, 56, 49, 47, 51, 15]
客户端数：20	时间：0.009998559951782227	客户端：[6, 19, 50, 42, 57, 56, 49, 47, 51, 15, 64, 36, 44, 40, 25, 12, 39, 41, 46, 28]
客户端数：30	时间：0.012990713119506836	客户端：[6, 19, 50, 42, 57, 56, 49, 47, 51, 15, 64, 36, 44, 40, 25, 12, 39, 41, 46, 28, 48, 38, 1, 21, 4, 23, 26, 52, 18, 20]
客户端数：40	时间：0.013988018035888672	客户端：[6, 19, 50, 42, 57, 56, 49, 47, 51, 15, 64, 36, 44, 40, 25, 12, 39, 41, 46, 28, 48, 38, 1, 21, 4, 23, 26, 52, 18, 20, 32, 60, 13, 37, 10, 27, 30, 54, 55, 29]
客户端数：50	时间：0.016980648040771484	客户端：[6, 19, 50, 42, 57, 56, 49, 47, 51, 15, 64, 36, 44, 40, 25, 12, 39, 41, 46, 28, 48, 38, 1, 21, 4, 23, 26, 52, 18, 20, 32, 60, 13, 37, 10, 27, 30, 54, 55, 29, 3, 53, 17, 5, 45, 34, 63, 59, 11, 9]
客户端数：60	时间：0.016980648040771484	客户端：[6, 19, 50, 42, 57, 56, 49, 47, 51, 15, 64, 36, 44, 40, 25, 12, 39, 41, 46, 28, 48, 38, 1, 21, 4, 23, 26, 52, 18, 20, 32, 60, 13, 37, 10, 27, 30, 54, 55, 29, 3, 53, 17, 5, 45, 34, 63, 59, 11, 9, 62, 16, 24, 22, 58, 61, 14, 43, 33, 31]
T3
客户端数：10	时间：28.383432149887085	客户端：[6, 19, 50, 42, 57, 56, 49, 47, 51, 15]
客户端数：20	时间：65.66341423988342	客户端：[6, 19, 50, 42, 57, 56, 49, 47, 51, 15, 64, 36, 44, 40, 25, 12, 39, 41, 46, 28]
客户端数：30	时间：128.81642651557922	客户端：[6, 19, 50, 42, 57, 56, 49, 47, 51, 15, 64, 36, 44, 40, 25, 12, 39, 41, 46, 28, 48, 38, 1, 21, 4, 23, 26, 52, 18, 20]
客户端数：40	时间：217.99609923362732	客户端：[6, 19, 50, 42, 57, 56, 49, 47, 51, 15, 64, 36, 44, 40, 25, 12, 39, 41, 46, 28, 48, 38, 1, 21, 4, 23, 26, 52, 18, 20, 32, 60, 13, 37, 10, 27, 30, 54, 55, 29]
客户端数：50	时间：333.9302644729614	客户端：[6, 19, 50, 42, 57, 56, 49, 47, 51, 15, 64, 36, 44, 40, 25, 12, 39, 41, 46, 28, 48, 38, 1, 21, 4, 23, 26, 52, 18, 20, 32, 60, 13, 37, 10, 27, 30, 54, 55, 29, 3, 53, 17, 5, 45, 34, 63, 59, 11, 9]
客户端数：60	时间：475.83513164520264	客户端：[6, 19, 50, 42, 57, 56, 49, 47, 51, 15, 64, 36, 44, 40, 25, 12, 39, 41, 46, 28, 48, 38, 1, 21, 4, 23, 26, 52, 18, 20, 32, 60, 13, 37, 10, 27, 30, 54, 55, 29, 3, 53, 17, 5, 45, 34, 63, 59, 11, 9, 62, 16, 24, 22, 58, 61, 14, 43, 33, 31]
BYTE
客户端数：10	字节数：3200000	客户端：[57, 42, 50, 19, 13, 44, 46, 37, 12, 56]
客户端数：20	字节数：6400000	客户端：[57, 42, 50, 19, 13, 44, 46, 37, 12, 56, 23, 26, 47, 18, 64, 11, 59, 48, 60, 28]
客户端数：30	字节数：9600000	客户端：[57, 42, 50, 19, 13, 44, 46, 37, 12, 56, 23, 26, 47, 18, 64, 11, 59, 48, 60, 28, 58, 61, 27, 30, 31, 62, 36, 5, 43, 21]
客户端数：40	字节数：12800000	客户端：[57, 42, 50, 19, 13, 44, 46, 37, 12, 56, 23, 26, 47, 18, 64, 11, 59, 48, 60, 28, 58, 61, 27, 30, 31, 62, 36, 5, 43, 21, 40, 25, 45, 16, 51, 15, 20, 17, 3, 29]
客户端数：50	字节数：16000000	客户端：[57, 42, 50, 19, 13, 44, 46, 37, 12, 56, 23, 26, 47, 18, 64, 11, 59, 48, 60, 28, 58, 61, 27, 30, 31, 62, 36, 5, 43, 21, 40, 25, 45, 16, 51, 15, 20, 17, 3, 29, 24, 32, 4, 53, 41, 10, 33, 14, 54, 63]
客户端数：59	字节数：18880000	客户端：[57, 42, 50, 19, 13, 44, 46, 37, 12, 56, 23, 26, 47, 18, 64, 11, 59, 48, 60, 28, 58, 61, 27, 30, 31, 62, 36, 5, 43, 21, 40, 25, 45, 16, 51, 15, 20, 17, 3, 29, 24, 32, 4, 53, 41, 10, 33, 14, 54, 63, 1, 34, 38, 22, 9, 55, 52, 39, 49]
PRO_LEN：320000
score：0.9660952380952381
loss rate：0.03390476190476188
finished iteration：2023-01-01 00:03:43.293833

Number of rounds 9
T1
客户端数：10	时间：0.002991914749145508	客户端：[50, 42, 49, 12, 64, 15, 32, 56, 57, 48]
客户端数：20	时间：0.005984783172607422	客户端：[50, 42, 49, 12, 64, 15, 32, 56, 57, 48, 1, 13, 28, 19, 30, 10, 25, 38, 52, 23]
客户端数：30	时间：0.006981611251831055	客户端：[50, 42, 49, 12, 64, 15, 32, 56, 57, 48, 1, 13, 28, 19, 30, 10, 25, 38, 52, 23, 34, 47, 41, 39, 20, 17, 46, 21, 29, 18]
客户端数：40	时间：0.008976459503173828	客户端：[50, 42, 49, 12, 64, 15, 32, 56, 57, 48, 1, 13, 28, 19, 30, 10, 25, 38, 52, 23, 34, 47, 41, 39, 20, 17, 46, 21, 29, 18, 63, 37, 3, 44, 5, 11, 53, 55, 9, 16]
客户端数：50	时间：0.011968374252319336	客户端：[50, 42, 49, 12, 64, 15, 32, 56, 57, 48, 1, 13, 28, 19, 30, 10, 25, 38, 52, 23, 34, 47, 41, 39, 20, 17, 46, 21, 29, 18, 63, 37, 3, 44, 5, 11, 53, 55, 9, 16, 24, 27, 22, 61, 59, 26, 58, 51, 62, 14]
客户端数：59	时间：0.012965679168701172	客户端：[50, 42, 49, 12, 64, 15, 32, 56, 57, 48, 1, 13, 28, 19, 30, 10, 25, 38, 52, 23, 34, 47, 41, 39, 20, 17, 46, 21, 29, 18, 63, 37, 3, 44, 5, 11, 53, 55, 9, 16, 24, 27, 22, 61, 59, 26, 58, 51, 62, 14, 43, 60, 40, 54, 36, 4, 31, 45, 33]
T2
客户端数：10	时间：0.00398707389831543	客户端：[15, 19, 26, 46, 56, 29, 49, 51, 64, 36]
客户端数：20	时间：0.006978273391723633	客户端：[15, 19, 26, 46, 56, 29, 49, 51, 64, 36, 44, 57, 4, 55, 59, 21, 10, 14, 28, 23]
客户端数：30	时间：0.008942365646362305	客户端：[15, 19, 26, 46, 56, 29, 49, 51, 64, 36, 44, 57, 4, 55, 59, 21, 10, 14, 28, 23, 12, 5, 1, 31, 45, 63, 47, 24, 17, 34]
客户端数：40	时间：0.009939432144165039	客户端：[15, 19, 26, 46, 56, 29, 49, 51, 64, 36, 44, 57, 4, 55, 59, 21, 10, 14, 28, 23, 12, 5, 1, 31, 45, 63, 47, 24, 17, 34, 11, 16, 9, 52, 54, 53, 32, 33, 27, 22]
客户端数：50	时间：0.009939432144165039	客户端：[15, 19, 26, 46, 56, 29, 49, 51, 64, 36, 44, 57, 4, 55, 59, 21, 10, 14, 28, 23, 12, 5, 1, 31, 45, 63, 47, 24, 17, 34, 11, 16, 9, 52, 54, 53, 32, 33, 27, 22, 48, 61, 30, 62, 60, 18, 25, 3, 20, 39]
客户端数：59	时间：0.014909744262695312	客户端：[15, 19, 26, 46, 56, 29, 49, 51, 64, 36, 44, 57, 4, 55, 59, 21, 10, 14, 28, 23, 12, 5, 1, 31, 45, 63, 47, 24, 17, 34, 11, 16, 9, 52, 54, 53, 32, 33, 27, 22, 48, 61, 30, 62, 60, 18, 25, 3, 20, 39, 13, 50, 40, 37, 41, 42, 38, 43, 58]
T3
客户端数：10	时间：13.32146954536438	客户端：[15, 19, 26, 46, 56, 29, 49, 51, 64, 36]
客户端数：20	时间：52.42764210700989	客户端：[15, 19, 26, 46, 56, 29, 49, 51, 64, 36, 44, 57, 4, 55, 59, 21, 10, 14, 28, 23]
客户端数：30	时间：117.48578357696533	客户端：[15, 19, 26, 46, 56, 29, 49, 51, 64, 36, 44, 57, 4, 55, 59, 21, 10, 14, 28, 23, 12, 5, 1, 31, 45, 63, 47, 24, 17, 34]
客户端数：40	时间：208.98694348335266	客户端：[15, 19, 26, 46, 56, 29, 49, 51, 64, 36, 44, 57, 4, 55, 59, 21, 10, 14, 28, 23, 12, 5, 1, 31, 45, 63, 47, 24, 17, 34, 11, 16, 9, 52, 54, 53, 32, 33, 27, 22]
客户端数：50	时间：327.15767645835876	客户端：[15, 19, 26, 46, 56, 29, 49, 51, 64, 36, 44, 57, 4, 55, 59, 21, 10, 14, 28, 23, 12, 5, 1, 31, 45, 63, 47, 24, 17, 34, 11, 16, 9, 52, 54, 53, 32, 33, 27, 22, 48, 61, 30, 62, 60, 18, 25, 3, 20, 39]
客户端数：59	时间：455.83175826072693	客户端：[15, 19, 26, 46, 56, 29, 49, 51, 64, 36, 44, 57, 4, 55, 59, 21, 10, 14, 28, 23, 12, 5, 1, 31, 45, 63, 47, 24, 17, 34, 11, 16, 9, 52, 54, 53, 32, 33, 27, 22, 48, 61, 30, 62, 60, 18, 25, 3, 20, 39, 13, 50, 40, 37, 41, 42, 38, 43, 58]
BYTE
客户端数：10	字节数：3200000	客户端：[50, 42, 49, 12, 64, 15, 32, 56, 57, 48]
客户端数：20	字节数：6400000	客户端：[50, 42, 49, 12, 64, 15, 32, 56, 57, 48, 1, 13, 28, 19, 30, 10, 25, 38, 52, 23]
客户端数：30	字节数：9600000	客户端：[50, 42, 49, 12, 64, 15, 32, 56, 57, 48, 1, 13, 28, 19, 30, 10, 25, 38, 52, 23, 34, 47, 41, 39, 20, 17, 46, 21, 29, 18]
客户端数：40	字节数：12800000	客户端：[50, 42, 49, 12, 64, 15, 32, 56, 57, 48, 1, 13, 28, 19, 30, 10, 25, 38, 52, 23, 34, 47, 41, 39, 20, 17, 46, 21, 29, 18, 63, 37, 3, 44, 5, 11, 53, 55, 9, 16]
客户端数：50	字节数：16000000	客户端：[50, 42, 49, 12, 64, 15, 32, 56, 57, 48, 1, 13, 28, 19, 30, 10, 25, 38, 52, 23, 34, 47, 41, 39, 20, 17, 46, 21, 29, 18, 63, 37, 3, 44, 5, 11, 53, 55, 9, 16, 24, 27, 22, 61, 59, 26, 58, 51, 62, 14]
客户端数：59	字节数：18880000	客户端：[50, 42, 49, 12, 64, 15, 32, 56, 57, 48, 1, 13, 28, 19, 30, 10, 25, 38, 52, 23, 34, 47, 41, 39, 20, 17, 46, 21, 29, 18, 63, 37, 3, 44, 5, 11, 53, 55, 9, 16, 24, 27, 22, 61, 59, 26, 58, 51, 62, 14, 43, 60, 40, 54, 36, 4, 31, 45, 33]
PRO_LEN：320000
score：0.964
loss rate：0.03600000000000003
finished iteration：2023-01-01 00:04:07.596095

Number of rounds 10
T1
客户端数：10	时间：0.0029916763305664062	客户端：[64, 19, 57, 46, 49, 44, 36, 15, 12, 56]
客户端数：20	时间：0.005984306335449219	客户端：[64, 19, 57, 46, 49, 44, 36, 15, 12, 56, 21, 1, 17, 59, 55, 34, 63, 24, 5, 54]
客户端数：30	时间：0.006981611251831055	客户端：[64, 19, 57, 46, 49, 44, 36, 15, 12, 56, 21, 1, 17, 59, 55, 34, 63, 24, 5, 54, 45, 47, 16, 4, 14, 31, 32, 52, 11, 22]
客户端数：40	时间：0.008975982666015625	客户端：[64, 19, 57, 46, 49, 44, 36, 15, 12, 56, 21, 1, 17, 59, 55, 34, 63, 24, 5, 54, 45, 47, 16, 4, 14, 31, 32, 52, 11, 22, 10, 9, 30, 33, 48, 62, 18, 3, 29, 20]
客户端数：50	时间：0.011968135833740234	客户端：[64, 19, 57, 46, 49, 44, 36, 15, 12, 56, 21, 1, 17, 59, 55, 34, 63, 24, 5, 54, 45, 47, 16, 4, 14, 31, 32, 52, 11, 22, 10, 9, 30, 33, 48, 62, 18, 3, 29, 20, 60, 53, 23, 61, 39, 13, 51, 25, 28, 26]
客户端数：59	时间：0.01296544075012207	客户端：[64, 19, 57, 46, 49, 44, 36, 15, 12, 56, 21, 1, 17, 59, 55, 34, 63, 24, 5, 54, 45, 47, 16, 4, 14, 31, 32, 52, 11, 22, 10, 9, 30, 33, 48, 62, 18, 3, 29, 20, 60, 53, 23, 61, 39, 13, 51, 25, 28, 26, 50, 40, 37, 41, 42, 38, 43, 27, 58]
T2
客户端数：10	时间：0.0	客户端：[19, 60, 13, 46, 38, 49, 51, 29, 44, 26]
客户端数：20	时间：0.000997304916381836	客户端：[19, 60, 13, 46, 38, 49, 51, 29, 44, 26, 47, 25, 37, 56, 64, 36, 12, 41, 57, 52]
客户端数：30	时间：0.0029921531677246094	客户端：[19, 60, 13, 46, 38, 49, 51, 29, 44, 26, 47, 25, 37, 56, 64, 36, 12, 41, 57, 52, 48, 21, 14, 1, 10, 45, 5, 18, 42, 27]
客户端数：40	时间：0.004987001419067383	客户端：[19, 60, 13, 46, 38, 49, 51, 29, 44, 26, 47, 25, 37, 56, 64, 36, 12, 41, 57, 52, 48, 21, 14, 1, 10, 45, 5, 18, 42, 27, 30, 32, 59, 20, 54, 15, 40, 9, 11, 23]
客户端数：50	时间：0.006982088088989258	客户端：[19, 60, 13, 46, 38, 49, 51, 29, 44, 26, 47, 25, 37, 56, 64, 36, 12, 41, 57, 52, 48, 21, 14, 1, 10, 45, 5, 18, 42, 27, 30, 32, 59, 20, 54, 15, 40, 9, 11, 23, 50, 63, 17, 61, 3, 43, 4, 24, 53, 58]
客户端数：59	时间：0.008976221084594727	客户端：[19, 60, 13, 46, 38, 49, 51, 29, 44, 26, 47, 25, 37, 56, 64, 36, 12, 41, 57, 52, 48, 21, 14, 1, 10, 45, 5, 18, 42, 27, 30, 32, 59, 20, 54, 15, 40, 9, 11, 23, 50, 63, 17, 61, 3, 43, 4, 24, 53, 58, 34, 62, 55, 28, 33, 39, 22, 31, 16]
T3
客户端数：10	时间：1.1186370849609375	客户端：[19, 60, 13, 46, 38, 49, 51, 29, 44, 26]
客户端数：20	时间：2.25921368598938	客户端：[19, 60, 13, 46, 38, 49, 51, 29, 44, 26, 47, 25, 37, 56, 64, 36, 12, 41, 57, 52]
客户端数：30	时间：3.41974139213562	客户端：[19, 60, 13, 46, 38, 49, 51, 29, 44, 26, 47, 25, 37, 56, 64, 36, 12, 41, 57, 52, 48, 21, 14, 1, 10, 45, 5, 18, 42, 27]
客户端数：40	时间：4.602224349975586	客户端：[19, 60, 13, 46, 38, 49, 51, 29, 44, 26, 47, 25, 37, 56, 64, 36, 12, 41, 57, 52, 48, 21, 14, 1, 10, 45, 5, 18, 42, 27, 30, 32, 59, 20, 54, 15, 40, 9, 11, 23]
客户端数：50	时间：5.804650783538818	客户端：[19, 60, 13, 46, 38, 49, 51, 29, 44, 26, 47, 25, 37, 56, 64, 36, 12, 41, 57, 52, 48, 21, 14, 1, 10, 45, 5, 18, 42, 27, 30, 32, 59, 20, 54, 15, 40, 9, 11, 23, 50, 63, 17, 61, 3, 43, 4, 24, 53, 58]
客户端数：59	时间：6.906078815460205	客户端：[19, 60, 13, 46, 38, 49, 51, 29, 44, 26, 47, 25, 37, 56, 64, 36, 12, 41, 57, 52, 48, 21, 14, 1, 10, 45, 5, 18, 42, 27, 30, 32, 59, 20, 54, 15, 40, 9, 11, 23, 50, 63, 17, 61, 3, 43, 4, 24, 53, 58, 34, 62, 55, 28, 33, 39, 22, 31, 16]
BYTE
客户端数：10	字节数：3200000	客户端：[64, 19, 57, 46, 49, 44, 36, 15, 12, 56]
客户端数：20	字节数：6400000	客户端：[64, 19, 57, 46, 49, 44, 36, 15, 12, 56, 21, 1, 17, 59, 55, 34, 63, 24, 5, 54]
客户端数：30	字节数：9600000	客户端：[64, 19, 57, 46, 49, 44, 36, 15, 12, 56, 21, 1, 17, 59, 55, 34, 63, 24, 5, 54, 45, 47, 16, 4, 14, 31, 32, 52, 11, 22]
客户端数：40	字节数：12800000	客户端：[64, 19, 57, 46, 49, 44, 36, 15, 12, 56, 21, 1, 17, 59, 55, 34, 63, 24, 5, 54, 45, 47, 16, 4, 14, 31, 32, 52, 11, 22, 10, 9, 30, 33, 48, 62, 18, 3, 29, 20]
客户端数：50	字节数：16000000	客户端：[64, 19, 57, 46, 49, 44, 36, 15, 12, 56, 21, 1, 17, 59, 55, 34, 63, 24, 5, 54, 45, 47, 16, 4, 14, 31, 32, 52, 11, 22, 10, 9, 30, 33, 48, 62, 18, 3, 29, 20, 60, 53, 23, 61, 39, 13, 51, 25, 28, 26]
客户端数：59	字节数：18880000	客户端：[64, 19, 57, 46, 49, 44, 36, 15, 12, 56, 21, 1, 17, 59, 55, 34, 63, 24, 5, 54, 45, 47, 16, 4, 14, 31, 32, 52, 11, 22, 10, 9, 30, 33, 48, 62, 18, 3, 29, 20, 60, 53, 23, 61, 39, 13, 51, 25, 28, 26, 50, 40, 37, 41, 42, 38, 43, 27, 58]
PRO_LEN：320000
score：0.9624761904761905
loss rate：0.037523809523809515
finished iteration：2023-01-01 00:04:31.937970

