Number of rounds 1
T1
客户端数：0	时间：0	客户端：[]
T2
客户端数：10	时间：0.0	客户端：[49, 25, 33, 50, 40, 57, 55, 43, 52, 64]
客户端数：20	时间：0.0	客户端：[49, 25, 33, 50, 40, 57, 55, 43, 52, 64, 21, 24, 34, 23, 60, 61, 44, 29, 48, 32]
客户端数：30	时间：0.0	客户端：[49, 25, 33, 50, 40, 57, 55, 43, 52, 64, 21, 24, 34, 23, 60, 61, 44, 29, 48, 32, 36, 37, 20, 47, 3, 63, 38, 28, 39, 12]
客户端数：40	时间：0.0	客户端：[49, 25, 33, 50, 40, 57, 55, 43, 52, 64, 21, 24, 34, 23, 60, 61, 44, 29, 48, 32, 36, 37, 20, 47, 3, 63, 38, 28, 39, 12, 19, 41, 51, 42, 46, 22, 4, 27, 1, 59]
客户端数：50	时间：0.0	客户端：[49, 25, 33, 50, 40, 57, 55, 43, 52, 64, 21, 24, 34, 23, 60, 61, 44, 29, 48, 32, 36, 37, 20, 47, 3, 63, 38, 28, 39, 12, 19, 41, 51, 42, 46, 22, 4, 27, 1, 59, 17, 30, 58, 45, 6, 31, 2, 26, 9, 10]
客户端数：60	时间：0.0	客户端：[49, 25, 33, 50, 40, 57, 55, 43, 52, 64, 21, 24, 34, 23, 60, 61, 44, 29, 48, 32, 36, 37, 20, 47, 3, 63, 38, 28, 39, 12, 19, 41, 51, 42, 46, 22, 4, 27, 1, 59, 17, 30, 58, 45, 6, 31, 2, 26, 9, 10, 8, 13, 18, 56, 7, 53, 5, 11, 54, 14]
T3
客户端数：10	时间：9.570395946502686	客户端：[49, 25, 33, 50, 40, 57, 55, 43, 52, 64]
客户端数：20	时间：35.66028022766113	客户端：[49, 25, 33, 50, 40, 57, 55, 43, 52, 64, 21, 24, 34, 23, 60, 61, 44, 29, 48, 32]
客户端数：30	时间：78.18808364868164	客户端：[49, 25, 33, 50, 40, 57, 55, 43, 52, 64, 21, 24, 34, 23, 60, 61, 44, 29, 48, 32, 36, 37, 20, 47, 3, 63, 38, 28, 39, 12]
客户端数：40	时间：136.89484238624573	客户端：[49, 25, 33, 50, 40, 57, 55, 43, 52, 64, 21, 24, 34, 23, 60, 61, 44, 29, 48, 32, 36, 37, 20, 47, 3, 63, 38, 28, 39, 12, 19, 41, 51, 42, 46, 22, 4, 27, 1, 59]
客户端数：50	时间：213.35714054107666	客户端：[49, 25, 33, 50, 40, 57, 55, 43, 52, 64, 21, 24, 34, 23, 60, 61, 44, 29, 48, 32, 36, 37, 20, 47, 3, 63, 38, 28, 39, 12, 19, 41, 51, 42, 46, 22, 4, 27, 1, 59, 17, 30, 58, 45, 6, 31, 2, 26, 9, 10]
客户端数：60	时间：306.67624521255493	客户端：[49, 25, 33, 50, 40, 57, 55, 43, 52, 64, 21, 24, 34, 23, 60, 61, 44, 29, 48, 32, 36, 37, 20, 47, 3, 63, 38, 28, 39, 12, 19, 41, 51, 42, 46, 22, 4, 27, 1, 59, 17, 30, 58, 45, 6, 31, 2, 26, 9, 10, 8, 13, 18, 56, 7, 53, 5, 11, 54, 14]
BYTE
客户端数：0	字节数：0	客户端：[]
MAE：17174647.333333332
RMSE：17174647.339490943
finished iteration：2023-01-01 00:00:14.009199

Number of rounds 2
T1
客户端数：0	时间：0	客户端：[]
T2
客户端数：10	时间：0.0	客户端：[33, 44, 25, 50, 34, 60, 43, 49, 52, 29]
客户端数：20	时间：0.0009970664978027344	客户端：[33, 44, 25, 50, 34, 60, 43, 49, 52, 29, 63, 13, 5, 38, 57, 26, 32, 31, 9, 45]
客户端数：30	时间：0.0019941329956054688	客户端：[33, 44, 25, 50, 34, 60, 43, 49, 52, 29, 63, 13, 5, 38, 57, 26, 32, 31, 9, 45, 3, 10, 41, 37, 18, 6, 54, 19, 53, 46]
客户端数：40	时间：0.0019941329956054688	客户端：[33, 44, 25, 50, 34, 60, 43, 49, 52, 29, 63, 13, 5, 38, 57, 26, 32, 31, 9, 45, 3, 10, 41, 37, 18, 6, 54, 19, 53, 46, 21, 39, 7, 22, 64, 1, 51, 30, 8, 17]
客户端数：50	时间：0.0019941329956054688	客户端：[33, 44, 25, 50, 34, 60, 43, 49, 52, 29, 63, 13, 5, 38, 57, 26, 32, 31, 9, 45, 3, 10, 41, 37, 18, 6, 54, 19, 53, 46, 21, 39, 7, 22, 64, 1, 51, 30, 8, 17, 56, 47, 36, 27, 58, 59, 20, 40, 11, 2]
客户端数：59	时间：0.0019941329956054688	客户端：[33, 44, 25, 50, 34, 60, 43, 49, 52, 29, 63, 13, 5, 38, 57, 26, 32, 31, 9, 45, 3, 10, 41, 37, 18, 6, 54, 19, 53, 46, 21, 39, 7, 22, 64, 1, 51, 30, 8, 17, 56, 47, 36, 27, 58, 59, 20, 40, 11, 2, 55, 48, 4, 42, 12, 61, 28, 24, 23]
T3
客户端数：10	时间：7.6882569789886475	客户端：[33, 44, 25, 50, 34, 60, 43, 49, 52, 29]
客户端数：20	时间：32.03686881065369	客户端：[33, 44, 25, 50, 34, 60, 43, 49, 52, 29, 63, 13, 5, 38, 57, 26, 32, 31, 9, 45]
客户端数：30	时间：72.91911840438843	客户端：[33, 44, 25, 50, 34, 60, 43, 49, 52, 29, 63, 13, 5, 38, 57, 26, 32, 31, 9, 45, 3, 10, 41, 37, 18, 6, 54, 19, 53, 46]
客户端数：40	时间：130.3265302181244	客户端：[33, 44, 25, 50, 34, 60, 43, 49, 52, 29, 63, 13, 5, 38, 57, 26, 32, 31, 9, 45, 3, 10, 41, 37, 18, 6, 54, 19, 53, 46, 21, 39, 7, 22, 64, 1, 51, 30, 8, 17]
客户端数：50	时间：204.64410257339478	客户端：[33, 44, 25, 50, 34, 60, 43, 49, 52, 29, 63, 13, 5, 38, 57, 26, 32, 31, 9, 45, 3, 10, 41, 37, 18, 6, 54, 19, 53, 46, 21, 39, 7, 22, 64, 1, 51, 30, 8, 17, 56, 47, 36, 27, 58, 59, 20, 40, 11, 2]
客户端数：59	时间：286.3492126464844	客户端：[33, 44, 25, 50, 34, 60, 43, 49, 52, 29, 63, 13, 5, 38, 57, 26, 32, 31, 9, 45, 3, 10, 41, 37, 18, 6, 54, 19, 53, 46, 21, 39, 7, 22, 64, 1, 51, 30, 8, 17, 56, 47, 36, 27, 58, 59, 20, 40, 11, 2, 55, 48, 4, 42, 12, 61, 28, 24, 23]
BYTE
客户端数：0	字节数：0	客户端：[]
MAE：76313294.0
RMSE：76313298.67451842
finished iteration：2023-01-01 00:00:35.308042

Number of rounds 3
T1
客户端数：0	时间：0	客户端：[]
T2
客户端数：10	时间：0.0	客户端：[40, 44, 34, 55, 52, 60, 24, 26, 43, 25]
客户端数：20	时间：0.001995563507080078	客户端：[40, 44, 34, 55, 52, 60, 24, 26, 43, 25, 30, 48, 23, 31, 64, 5, 57, 59, 36, 9]
客户端数：30	时间：0.003004789352416992	客户端：[40, 44, 34, 55, 52, 60, 24, 26, 43, 25, 30, 48, 23, 31, 64, 5, 57, 59, 36, 9, 10, 20, 2, 37, 39, 12, 1, 27, 3, 41]
客户端数：40	时间：0.003004789352416992	客户端：[40, 44, 34, 55, 52, 60, 24, 26, 43, 25, 30, 48, 23, 31, 64, 5, 57, 59, 36, 9, 10, 20, 2, 37, 39, 12, 1, 27, 3, 41, 4, 49, 11, 47, 7, 28, 58, 54, 22, 42]
客户端数：50	时间：0.00400233268737793	客户端：[40, 44, 34, 55, 52, 60, 24, 26, 43, 25, 30, 48, 23, 31, 64, 5, 57, 59, 36, 9, 10, 20, 2, 37, 39, 12, 1, 27, 3, 41, 4, 49, 11, 47, 7, 28, 58, 54, 22, 42, 32, 33, 29, 51, 18, 56, 13, 19, 17, 61]
客户端数：58	时间：0.00400233268737793	客户端：[40, 44, 34, 55, 52, 60, 24, 26, 43, 25, 30, 48, 23, 31, 64, 5, 57, 59, 36, 9, 10, 20, 2, 37, 39, 12, 1, 27, 3, 41, 4, 49, 11, 47, 7, 28, 58, 54, 22, 42, 32, 33, 29, 51, 18, 56, 13, 19, 17, 61, 21, 46, 50, 38, 53, 45, 6, 8]
T3
客户端数：10	时间：7.676524877548218	客户端：[40, 44, 34, 55, 52, 60, 24, 26, 43, 25]
客户端数：20	时间：31.943874835968018	客户端：[40, 44, 34, 55, 52, 60, 24, 26, 43, 25, 30, 48, 23, 31, 64, 5, 57, 59, 36, 9]
客户端数：30	时间：73.05583000183105	客户端：[40, 44, 34, 55, 52, 60, 24, 26, 43, 25, 30, 48, 23, 31, 64, 5, 57, 59, 36, 9, 10, 20, 2, 37, 39, 12, 1, 27, 3, 41]
客户端数：40	时间：130.85711336135864	客户端：[40, 44, 34, 55, 52, 60, 24, 26, 43, 25, 30, 48, 23, 31, 64, 5, 57, 59, 36, 9, 10, 20, 2, 37, 39, 12, 1, 27, 3, 41, 4, 49, 11, 47, 7, 28, 58, 54, 22, 42]
客户端数：50	时间：205.4303493499756	客户端：[40, 44, 34, 55, 52, 60, 24, 26, 43, 25, 30, 48, 23, 31, 64, 5, 57, 59, 36, 9, 10, 20, 2, 37, 39, 12, 1, 27, 3, 41, 4, 49, 11, 47, 7, 28, 58, 54, 22, 42, 32, 33, 29, 51, 18, 56, 13, 19, 17, 61]
客户端数：58	时间：277.030544757843	客户端：[40, 44, 34, 55, 52, 60, 24, 26, 43, 25, 30, 48, 23, 31, 64, 5, 57, 59, 36, 9, 10, 20, 2, 37, 39, 12, 1, 27, 3, 41, 4, 49, 11, 47, 7, 28, 58, 54, 22, 42, 32, 33, 29, 51, 18, 56, 13, 19, 17, 61, 21, 46, 50, 38, 53, 45, 6, 8]
BYTE
客户端数：0	字节数：0	客户端：[]
MAE：54946457.97948718
RMSE：54968294.90936141
finished iteration：2023-01-01 00:00:56.731043

Number of rounds 4
T1
客户端数：0	时间：0	客户端：[]
T2
客户端数：10	时间：0.0	客户端：[44, 33, 25, 34, 49, 40, 57, 52, 60, 43]
客户端数：20	时间：0.0	客户端：[44, 33, 25, 34, 49, 40, 57, 52, 60, 43, 64, 29, 5, 48, 50, 23, 31, 61, 53, 9]
客户端数：30	时间：0.0	客户端：[44, 33, 25, 34, 49, 40, 57, 52, 60, 43, 64, 29, 5, 48, 50, 23, 31, 61, 53, 9, 45, 37, 47, 1, 10, 46, 26, 56, 28, 6]
客户端数：40	时间：0.0	客户端：[44, 33, 25, 34, 49, 40, 57, 52, 60, 43, 64, 29, 5, 48, 50, 23, 31, 61, 53, 9, 45, 37, 47, 1, 10, 46, 26, 56, 28, 6, 58, 36, 2, 22, 17, 3, 27, 42, 39, 21]
客户端数：50	时间：0.0	客户端：[44, 33, 25, 34, 49, 40, 57, 52, 60, 43, 64, 29, 5, 48, 50, 23, 31, 61, 53, 9, 45, 37, 47, 1, 10, 46, 26, 56, 28, 6, 58, 36, 2, 22, 17, 3, 27, 42, 39, 21, 13, 11, 51, 18, 4, 38, 7, 8, 20, 55]
客户端数：57	时间：0.0	客户端：[44, 33, 25, 34, 49, 40, 57, 52, 60, 43, 64, 29, 5, 48, 50, 23, 31, 61, 53, 9, 45, 37, 47, 1, 10, 46, 26, 56, 28, 6, 58, 36, 2, 22, 17, 3, 27, 42, 39, 21, 13, 11, 51, 18, 4, 38, 7, 8, 20, 55, 41, 30, 59, 32, 54, 24, 12]
T3
客户端数：10	时间：7.539041519165039	客户端：[44, 33, 25, 34, 49, 40, 57, 52, 60, 43]
客户端数：20	时间：31.960198879241943	客户端：[44, 33, 25, 34, 49, 40, 57, 52, 60, 43, 64, 29, 5, 48, 50, 23, 31, 61, 53, 9]
客户端数：30	时间：73.22853446006775	客户端：[44, 33, 25, 34, 49, 40, 57, 52, 60, 43, 64, 29, 5, 48, 50, 23, 31, 61, 53, 9, 45, 37, 47, 1, 10, 46, 26, 56, 28, 6]
客户端数：40	时间：131.782399892807	客户端：[44, 33, 25, 34, 49, 40, 57, 52, 60, 43, 64, 29, 5, 48, 50, 23, 31, 61, 53, 9, 45, 37, 47, 1, 10, 46, 26, 56, 28, 6, 58, 36, 2, 22, 17, 3, 27, 42, 39, 21]
客户端数：50	时间：206.9894437789917	客户端：[44, 33, 25, 34, 49, 40, 57, 52, 60, 43, 64, 29, 5, 48, 50, 23, 31, 61, 53, 9, 45, 37, 47, 1, 10, 46, 26, 56, 28, 6, 58, 36, 2, 22, 17, 3, 27, 42, 39, 21, 13, 11, 51, 18, 4, 38, 7, 8, 20, 55]
客户端数：57	时间：269.3230266571045	客户端：[44, 33, 25, 34, 49, 40, 57, 52, 60, 43, 64, 29, 5, 48, 50, 23, 31, 61, 53, 9, 45, 37, 47, 1, 10, 46, 26, 56, 28, 6, 58, 36, 2, 22, 17, 3, 27, 42, 39, 21, 13, 11, 51, 18, 4, 38, 7, 8, 20, 55, 41, 30, 59, 32, 54, 24, 12]
BYTE
客户端数：0	字节数：0	客户端：[]
MAE：99061270.94358975
RMSE：99240130.05859886
finished iteration：2023-01-01 00:01:18.053146

Number of rounds 5
T1
客户端数：0	时间：0	客户端：[]
T2
客户端数：10	时间：0.0	客户端：[33, 40, 49, 34, 50, 55, 26, 24, 43, 64]
客户端数：20	时间：0.0	客户端：[33, 40, 49, 34, 50, 55, 26, 24, 43, 64, 29, 13, 30, 31, 44, 61, 5, 23, 45, 57]
客户端数：30	时间：0.0	客户端：[33, 40, 49, 34, 50, 55, 26, 24, 43, 64, 29, 13, 30, 31, 44, 61, 5, 23, 45, 57, 38, 60, 20, 37, 11, 1, 41, 36, 54, 21]
客户端数：40	时间：0.0	客户端：[33, 40, 49, 34, 50, 55, 26, 24, 43, 64, 29, 13, 30, 31, 44, 61, 5, 23, 45, 57, 38, 60, 20, 37, 11, 1, 41, 36, 54, 21, 47, 4, 6, 32, 18, 58, 46, 27, 42, 56]
客户端数：50	时间：0.0	客户端：[33, 40, 49, 34, 50, 55, 26, 24, 43, 64, 29, 13, 30, 31, 44, 61, 5, 23, 45, 57, 38, 60, 20, 37, 11, 1, 41, 36, 54, 21, 47, 4, 6, 32, 18, 58, 46, 27, 42, 56, 28, 51, 17, 25, 22, 8, 9, 12, 52, 53]
客户端数：58	时间：0.0	客户端：[33, 40, 49, 34, 50, 55, 26, 24, 43, 64, 29, 13, 30, 31, 44, 61, 5, 23, 45, 57, 38, 60, 20, 37, 11, 1, 41, 36, 54, 21, 47, 4, 6, 32, 18, 58, 46, 27, 42, 56, 28, 51, 17, 25, 22, 8, 9, 12, 52, 53, 2, 7, 19, 59, 10, 48, 39, 3]
T3
客户端数：10	时间：7.939915180206299	客户端：[33, 40, 49, 34, 50, 55, 26, 24, 43, 64]
客户端数：20	时间：33.381829261779785	客户端：[33, 40, 49, 34, 50, 55, 26, 24, 43, 64, 29, 13, 30, 31, 44, 61, 5, 23, 45, 57]
客户端数：30	时间：75.17137432098389	客户端：[33, 40, 49, 34, 50, 55, 26, 24, 43, 64, 29, 13, 30, 31, 44, 61, 5, 23, 45, 57, 38, 60, 20, 37, 11, 1, 41, 36, 54, 21]
客户端数：40	时间：134.34415984153748	客户端：[33, 40, 49, 34, 50, 55, 26, 24, 43, 64, 29, 13, 30, 31, 44, 61, 5, 23, 45, 57, 38, 60, 20, 37, 11, 1, 41, 36, 54, 21, 47, 4, 6, 32, 18, 58, 46, 27, 42, 56]
客户端数：50	时间：209.92083716392517	客户端：[33, 40, 49, 34, 50, 55, 26, 24, 43, 64, 29, 13, 30, 31, 44, 61, 5, 23, 45, 57, 38, 60, 20, 37, 11, 1, 41, 36, 54, 21, 47, 4, 6, 32, 18, 58, 46, 27, 42, 56, 28, 51, 17, 25, 22, 8, 9, 12, 52, 53]
客户端数：58	时间：300.1345634460449	客户端：[33, 40, 49, 34, 50, 55, 26, 24, 43, 64, 29, 13, 30, 31, 44, 61, 5, 23, 45, 57, 38, 60, 20, 37, 11, 1, 41, 36, 54, 21, 47, 4, 6, 32, 18, 58, 46, 27, 42, 56, 28, 51, 17, 25, 22, 8, 9, 12, 52, 53, 2, 7, 19, 59, 10, 48, 39, 3]
BYTE
客户端数：0	字节数：0	客户端：[]
MAE：91732729.85641025
RMSE：91869502.85248785
finished iteration：2023-01-01 00:01:39.445327

Number of rounds 6
T1
客户端数：0	时间：0	客户端：[]
T2
客户端数：10	时间：0.0	客户端：[49, 34, 25, 40, 52, 24, 29, 30, 5, 33]
客户端数：20	时间：0.0	客户端：[49, 34, 25, 40, 52, 24, 29, 30, 5, 33, 21, 2, 55, 60, 13, 61, 59, 64, 36, 1]
客户端数：30	时间：0.0	客户端：[49, 34, 25, 40, 52, 24, 29, 30, 5, 33, 21, 2, 55, 60, 13, 61, 59, 64, 36, 1, 32, 56, 6, 23, 18, 27, 42, 46, 54, 43]
客户端数：40	时间：0.0	客户端：[49, 34, 25, 40, 52, 24, 29, 30, 5, 33, 21, 2, 55, 60, 13, 61, 59, 64, 36, 1, 32, 56, 6, 23, 18, 27, 42, 46, 54, 43, 28, 4, 9, 39, 17, 48, 51, 7, 11, 10]
客户端数：50	时间：0.0009970664978027344	客户端：[49, 34, 25, 40, 52, 24, 29, 30, 5, 33, 21, 2, 55, 60, 13, 61, 59, 64, 36, 1, 32, 56, 6, 23, 18, 27, 42, 46, 54, 43, 28, 4, 9, 39, 17, 48, 51, 7, 11, 10, 41, 20, 45, 8, 31, 44, 12, 22, 53, 3]
客户端数：57	时间：0.0009970664978027344	客户端：[49, 34, 25, 40, 52, 24, 29, 30, 5, 33, 21, 2, 55, 60, 13, 61, 59, 64, 36, 1, 32, 56, 6, 23, 18, 27, 42, 46, 54, 43, 28, 4, 9, 39, 17, 48, 51, 7, 11, 10, 41, 20, 45, 8, 31, 44, 12, 22, 53, 3, 58, 50, 47, 57, 26, 38, 37]
T3
客户端数：10	时间：7.896218538284302	客户端：[49, 34, 25, 40, 52, 24, 29, 30, 5, 33]
客户端数：20	时间：32.67832660675049	客户端：[49, 34, 25, 40, 52, 24, 29, 30, 5, 33, 21, 2, 55, 60, 13, 61, 59, 64, 36, 1]
客户端数：30	时间：74.81419038772583	客户端：[49, 34, 25, 40, 52, 24, 29, 30, 5, 33, 21, 2, 55, 60, 13, 61, 59, 64, 36, 1, 32, 56, 6, 23, 18, 27, 42, 46, 54, 43]
客户端数：40	时间：133.7891960144043	客户端：[49, 34, 25, 40, 52, 24, 29, 30, 5, 33, 21, 2, 55, 60, 13, 61, 59, 64, 36, 1, 32, 56, 6, 23, 18, 27, 42, 46, 54, 43, 28, 4, 9, 39, 17, 48, 51, 7, 11, 10]
客户端数：50	时间：209.07444047927856	客户端：[49, 34, 25, 40, 52, 24, 29, 30, 5, 33, 21, 2, 55, 60, 13, 61, 59, 64, 36, 1, 32, 56, 6, 23, 18, 27, 42, 46, 54, 43, 28, 4, 9, 39, 17, 48, 51, 7, 11, 10, 41, 20, 45, 8, 31, 44, 12, 22, 53, 3]
客户端数：57	时间：271.8301122188568	客户端：[49, 34, 25, 40, 52, 24, 29, 30, 5, 33, 21, 2, 55, 60, 13, 61, 59, 64, 36, 1, 32, 56, 6, 23, 18, 27, 42, 46, 54, 43, 28, 4, 9, 39, 17, 48, 51, 7, 11, 10, 41, 20, 45, 8, 31, 44, 12, 22, 53, 3, 58, 50, 47, 57, 26, 38, 37]
BYTE
客户端数：0	字节数：0	客户端：[]
MAE：97349189.26153846
RMSE：97637768.9960871
finished iteration：2023-01-01 00:02:00.915838

Number of rounds 7
T1
客户端数：0	时间：0	客户端：[]
T2
客户端数：10	时间：0.0	客户端：[44, 49, 34, 52, 60, 50, 40, 48, 29, 43]
客户端数：20	时间：0.0	客户端：[44, 49, 34, 52, 60, 50, 40, 48, 29, 43, 23, 53, 9, 32, 64, 59, 3, 5, 20, 56]
客户端数：30	时间：0.0	客户端：[44, 49, 34, 52, 60, 50, 40, 48, 29, 43, 23, 53, 9, 32, 64, 59, 3, 5, 20, 56, 36, 11, 21, 31, 17, 6, 54, 55, 25, 7]
客户端数：40	时间：0.0	客户端：[44, 49, 34, 52, 60, 50, 40, 48, 29, 43, 23, 53, 9, 32, 64, 59, 3, 5, 20, 56, 36, 11, 21, 31, 17, 6, 54, 55, 25, 7, 39, 4, 18, 24, 13, 26, 51, 58, 30, 2]
客户端数：50	时间：0.0	客户端：[44, 49, 34, 52, 60, 50, 40, 48, 29, 43, 23, 53, 9, 32, 64, 59, 3, 5, 20, 56, 36, 11, 21, 31, 17, 6, 54, 55, 25, 7, 39, 4, 18, 24, 13, 26, 51, 58, 30, 2, 41, 8, 27, 10, 28, 22, 42, 12, 45, 1]
客户端数：55	时间：0.0	客户端：[44, 49, 34, 52, 60, 50, 40, 48, 29, 43, 23, 53, 9, 32, 64, 59, 3, 5, 20, 56, 36, 11, 21, 31, 17, 6, 54, 55, 25, 7, 39, 4, 18, 24, 13, 26, 51, 58, 30, 2, 41, 8, 27, 10, 28, 22, 42, 12, 45, 1, 33, 57, 38, 37, 47]
T3
客户端数：10	时间：8.10024380683899	客户端：[44, 49, 34, 52, 60, 50, 40, 48, 29, 43]
客户端数：20	时间：32.485313177108765	客户端：[44, 49, 34, 52, 60, 50, 40, 48, 29, 43, 23, 53, 9, 32, 64, 59, 3, 5, 20, 56]
客户端数：30	时间：73.57335996627808	客户端：[44, 49, 34, 52, 60, 50, 40, 48, 29, 43, 23, 53, 9, 32, 64, 59, 3, 5, 20, 56, 36, 11, 21, 31, 17, 6, 54, 55, 25, 7]
客户端数：40	时间：131.15413427352905	客户端：[44, 49, 34, 52, 60, 50, 40, 48, 29, 43, 23, 53, 9, 32, 64, 59, 3, 5, 20, 56, 36, 11, 21, 31, 17, 6, 54, 55, 25, 7, 39, 4, 18, 24, 13, 26, 51, 58, 30, 2]
客户端数：50	时间：204.70679473876953	客户端：[44, 49, 34, 52, 60, 50, 40, 48, 29, 43, 23, 53, 9, 32, 64, 59, 3, 5, 20, 56, 36, 11, 21, 31, 17, 6, 54, 55, 25, 7, 39, 4, 18, 24, 13, 26, 51, 58, 30, 2, 41, 8, 27, 10, 28, 22, 42, 12, 45, 1]
客户端数：55	时间：247.57578682899475	客户端：[44, 49, 34, 52, 60, 50, 40, 48, 29, 43, 23, 53, 9, 32, 64, 59, 3, 5, 20, 56, 36, 11, 21, 31, 17, 6, 54, 55, 25, 7, 39, 4, 18, 24, 13, 26, 51, 58, 30, 2, 41, 8, 27, 10, 28, 22, 42, 12, 45, 1, 33, 57, 38, 37, 47]
BYTE
客户端数：0	字节数：0	客户端：[]
MAE：98177991.27179487
RMSE：99401564.89720479
finished iteration：2023-01-01 00:02:22.523107

Number of rounds 8
T1
客户端数：0	时间：0	客户端：[]
T2
客户端数：10	时间：0.000997781753540039	客户端：[61, 49, 34, 50, 44, 40, 29, 26, 64, 23]
客户端数：20	时间：0.000997781753540039	客户端：[61, 49, 34, 50, 44, 40, 29, 26, 64, 23, 21, 52, 31, 9, 30, 32, 25, 5, 48, 43]
客户端数：30	时间：0.001995086669921875	客户端：[61, 49, 34, 50, 44, 40, 29, 26, 64, 23, 21, 52, 31, 9, 30, 32, 25, 5, 48, 43, 3, 38, 39, 28, 11, 36, 59, 1, 20, 10]
客户端数：40	时间：0.001995086669921875	客户端：[61, 49, 34, 50, 44, 40, 29, 26, 64, 23, 21, 52, 31, 9, 30, 32, 25, 5, 48, 43, 3, 38, 39, 28, 11, 36, 59, 1, 20, 10, 41, 8, 55, 47, 56, 42, 33, 51, 17, 54]
客户端数：50	时间：0.002992868423461914	客户端：[61, 49, 34, 50, 44, 40, 29, 26, 64, 23, 21, 52, 31, 9, 30, 32, 25, 5, 48, 43, 3, 38, 39, 28, 11, 36, 59, 1, 20, 10, 41, 8, 55, 47, 56, 42, 33, 51, 17, 54, 18, 4, 7, 27, 58, 12, 2, 37, 53, 45]
客户端数：54	时间：0.002992868423461914	客户端：[61, 49, 34, 50, 44, 40, 29, 26, 64, 23, 21, 52, 31, 9, 30, 32, 25, 5, 48, 43, 3, 38, 39, 28, 11, 36, 59, 1, 20, 10, 41, 8, 55, 47, 56, 42, 33, 51, 17, 54, 18, 4, 7, 27, 58, 12, 2, 37, 53, 45, 57, 60, 24, 13]
T3
客户端数：10	时间：15.73458981513977	客户端：[61, 49, 34, 50, 44, 40, 29, 26, 64, 23]
客户端数：20	时间：39.16217064857483	客户端：[61, 49, 34, 50, 44, 40, 29, 26, 64, 23, 21, 52, 31, 9, 30, 32, 25, 5, 48, 43]
客户端数：30	时间：79.71749949455261	客户端：[61, 49, 34, 50, 44, 40, 29, 26, 64, 23, 21, 52, 31, 9, 30, 32, 25, 5, 48, 43, 3, 38, 39, 28, 11, 36, 59, 1, 20, 10]
客户端数：40	时间：139.00722312927246	客户端：[61, 49, 34, 50, 44, 40, 29, 26, 64, 23, 21, 52, 31, 9, 30, 32, 25, 5, 48, 43, 3, 38, 39, 28, 11, 36, 59, 1, 20, 10, 41, 8, 55, 47, 56, 42, 33, 51, 17, 54]
客户端数：50	时间：215.4912531375885	客户端：[61, 49, 34, 50, 44, 40, 29, 26, 64, 23, 21, 52, 31, 9, 30, 32, 25, 5, 48, 43, 3, 38, 39, 28, 11, 36, 59, 1, 20, 10, 41, 8, 55, 47, 56, 42, 33, 51, 17, 54, 18, 4, 7, 27, 58, 12, 2, 37, 53, 45]
客户端数：54	时间：250.79864048957825	客户端：[61, 49, 34, 50, 44, 40, 29, 26, 64, 23, 21, 52, 31, 9, 30, 32, 25, 5, 48, 43, 3, 38, 39, 28, 11, 36, 59, 1, 20, 10, 41, 8, 55, 47, 56, 42, 33, 51, 17, 54, 18, 4, 7, 27, 58, 12, 2, 37, 53, 45, 57, 60, 24, 13]
BYTE
客户端数：0	字节数：0	客户端：[]
MAE：88139175.6
RMSE：88612599.0677979
finished iteration：2023-01-01 00:02:44.184946

Number of rounds 9
T1
客户端数：0	时间：0	客户端：[]
T2
客户端数：10	时间：0.0	客户端：[46, 40, 34, 60, 26, 64, 29, 24, 21, 50]
客户端数：20	时间：0.0	客户端：[46, 40, 34, 60, 26, 64, 29, 24, 21, 50, 5, 48, 13, 31, 43, 23, 9, 32, 2, 52]
客户端数：30	时间：0.0	客户端：[46, 40, 34, 60, 26, 64, 29, 24, 21, 50, 5, 48, 13, 31, 43, 23, 9, 32, 2, 52, 55, 39, 47, 12, 1, 20, 8, 17, 51, 28]
客户端数：40	时间：0.0009975433349609375	客户端：[46, 40, 34, 60, 26, 64, 29, 24, 21, 50, 5, 48, 13, 31, 43, 23, 9, 32, 2, 52, 55, 39, 47, 12, 1, 20, 8, 17, 51, 28, 11, 3, 49, 53, 36, 18, 44, 59, 37, 4]
客户端数：50	时间：0.0029921531677246094	客户端：[46, 40, 34, 60, 26, 64, 29, 24, 21, 50, 5, 48, 13, 31, 43, 23, 9, 32, 2, 52, 55, 39, 47, 12, 1, 20, 8, 17, 51, 28, 11, 3, 49, 53, 36, 18, 44, 59, 37, 4, 54, 56, 10, 41, 45, 42, 38, 27, 6, 25]
客户端数：54	时间：0.0029921531677246094	客户端：[46, 40, 34, 60, 26, 64, 29, 24, 21, 50, 5, 48, 13, 31, 43, 23, 9, 32, 2, 52, 55, 39, 47, 12, 1, 20, 8, 17, 51, 28, 11, 3, 49, 53, 36, 18, 44, 59, 37, 4, 54, 56, 10, 41, 45, 42, 38, 27, 6, 25, 57, 7, 30, 58]
T3
客户端数：10	时间：34.329567432403564	客户端：[46, 40, 34, 60, 26, 64, 29, 24, 21, 50]
客户端数：20	时间：58.495795249938965	客户端：[46, 40, 34, 60, 26, 64, 29, 24, 21, 50, 5, 48, 13, 31, 43, 23, 9, 32, 2, 52]
客户端数：30	时间：99.506995677948	客户端：[46, 40, 34, 60, 26, 64, 29, 24, 21, 50, 5, 48, 13, 31, 43, 23, 9, 32, 2, 52, 55, 39, 47, 12, 1, 20, 8, 17, 51, 28]
客户端数：40	时间：157.10354256629944	客户端：[46, 40, 34, 60, 26, 64, 29, 24, 21, 50, 5, 48, 13, 31, 43, 23, 9, 32, 2, 52, 55, 39, 47, 12, 1, 20, 8, 17, 51, 28, 11, 3, 49, 53, 36, 18, 44, 59, 37, 4]
客户端数：50	时间：251.14378714561462	客户端：[46, 40, 34, 60, 26, 64, 29, 24, 21, 50, 5, 48, 13, 31, 43, 23, 9, 32, 2, 52, 55, 39, 47, 12, 1, 20, 8, 17, 51, 28, 11, 3, 49, 53, 36, 18, 44, 59, 37, 4, 54, 56, 10, 41, 45, 42, 38, 27, 6, 25]
客户端数：54	时间：286.0625970363617	客户端：[46, 40, 34, 60, 26, 64, 29, 24, 21, 50, 5, 48, 13, 31, 43, 23, 9, 32, 2, 52, 55, 39, 47, 12, 1, 20, 8, 17, 51, 28, 11, 3, 49, 53, 36, 18, 44, 59, 37, 4, 54, 56, 10, 41, 45, 42, 38, 27, 6, 25, 57, 7, 30, 58]
BYTE
客户端数：0	字节数：0	客户端：[]
MAE：102909842.71794872
RMSE：103390488.91856518
finished iteration：2023-01-01 00:03:05.835864

Number of rounds 10
T1
客户端数：0	时间：0	客户端：[]
T2
客户端数：10	时间：0.0	客户端：[25, 40, 55, 60, 24, 43, 50, 30, 53, 2]
客户端数：20	时间：0.0	客户端：[25, 40, 55, 60, 24, 43, 50, 30, 53, 2, 38, 57, 23, 48, 32, 59, 36, 20, 26, 64]
客户端数：30	时间：0.0009975433349609375	客户端：[25, 40, 55, 60, 24, 43, 50, 30, 53, 2, 38, 57, 23, 48, 32, 59, 36, 20, 26, 64, 41, 37, 28, 11, 8, 42, 4, 7, 52, 3]
客户端数：40	时间：0.0009975433349609375	客户端：[25, 40, 55, 60, 24, 43, 50, 30, 53, 2, 38, 57, 23, 48, 32, 59, 36, 20, 26, 64, 41, 37, 28, 11, 8, 42, 4, 7, 52, 3, 10, 45, 56, 34, 58, 39, 27, 21, 9, 31]
客户端数：50	时间：0.0009975433349609375	客户端：[25, 40, 55, 60, 24, 43, 50, 30, 53, 2, 38, 57, 23, 48, 32, 59, 36, 20, 26, 64, 41, 37, 28, 11, 8, 42, 4, 7, 52, 3, 10, 45, 56, 34, 58, 39, 27, 21, 9, 31, 44, 54, 18, 49, 13, 51, 12, 5, 17, 1]
客户端数：52	时间：0.0019948482513427734	客户端：[25, 40, 55, 60, 24, 43, 50, 30, 53, 2, 38, 57, 23, 48, 32, 59, 36, 20, 26, 64, 41, 37, 28, 11, 8, 42, 4, 7, 52, 3, 10, 45, 56, 34, 58, 39, 27, 21, 9, 31, 44, 54, 18, 49, 13, 51, 12, 5, 17, 1, 47, 29]
T3
客户端数：10	时间：7.68566107749939	客户端：[25, 40, 55, 60, 24, 43, 50, 30, 53, 2]
客户端数：20	时间：32.12286639213562	客户端：[25, 40, 55, 60, 24, 43, 50, 30, 53, 2, 38, 57, 23, 48, 32, 59, 36, 20, 26, 64]
客户端数：30	时间：73.11101078987122	客户端：[25, 40, 55, 60, 24, 43, 50, 30, 53, 2, 38, 57, 23, 48, 32, 59, 36, 20, 26, 64, 41, 37, 28, 11, 8, 42, 4, 7, 52, 3]
客户端数：40	时间：130.50003933906555	客户端：[25, 40, 55, 60, 24, 43, 50, 30, 53, 2, 38, 57, 23, 48, 32, 59, 36, 20, 26, 64, 41, 37, 28, 11, 8, 42, 4, 7, 52, 3, 10, 45, 56, 34, 58, 39, 27, 21, 9, 31]
客户端数：50	时间：204.18491435050964	客户端：[25, 40, 55, 60, 24, 43, 50, 30, 53, 2, 38, 57, 23, 48, 32, 59, 36, 20, 26, 64, 41, 37, 28, 11, 8, 42, 4, 7, 52, 3, 10, 45, 56, 34, 58, 39, 27, 21, 9, 31, 44, 54, 18, 49, 13, 51, 12, 5, 17, 1]
客户端数：52	时间：220.86767601966858	客户端：[25, 40, 55, 60, 24, 43, 50, 30, 53, 2, 38, 57, 23, 48, 32, 59, 36, 20, 26, 64, 41, 37, 28, 11, 8, 42, 4, 7, 52, 3, 10, 45, 56, 34, 58, 39, 27, 21, 9, 31, 44, 54, 18, 49, 13, 51, 12, 5, 17, 1, 47, 29]
BYTE
客户端数：0	字节数：0	客户端：[]
MAE：96093724.6051282
RMSE：96185774.5969217
finished iteration：2023-01-01 00:03:27.757517

Number of rounds 11
T1
客户端数：0	时间：0	客户端：[]
T2
客户端数：10	时间：0.0009970664978027344	客户端：[49, 44, 34, 57, 25, 50, 40, 55, 24, 52]
客户端数：20	时间：0.0009970664978027344	客户端：[49, 44, 34, 57, 25, 50, 40, 55, 24, 52, 64, 26, 48, 13, 30, 2, 38, 45, 59, 5]
客户端数：30	时间：0.0019943714141845703	客户端：[49, 44, 34, 57, 25, 50, 40, 55, 24, 52, 64, 26, 48, 13, 30, 2, 38, 45, 59, 5, 39, 10, 28, 53, 41, 11, 1, 36, 7, 12]
客户端数：40	时间：0.0019943714141845703	客户端：[49, 44, 34, 57, 25, 50, 40, 55, 24, 52, 64, 26, 48, 13, 30, 2, 38, 45, 59, 5, 39, 10, 28, 53, 41, 11, 1, 36, 7, 12, 17, 20, 4, 42, 54, 56, 18, 8, 21, 47]
客户端数：50	时间：0.0019943714141845703	客户端：[49, 44, 34, 57, 25, 50, 40, 55, 24, 52, 64, 26, 48, 13, 30, 2, 38, 45, 59, 5, 39, 10, 28, 53, 41, 11, 1, 36, 7, 12, 17, 20, 4, 42, 54, 56, 18, 8, 21, 47, 23, 32, 3, 9, 27, 58, 37, 60, 51, 43]
客户端数：51	时间：0.0019943714141845703	客户端：[49, 44, 34, 57, 25, 50, 40, 55, 24, 52, 64, 26, 48, 13, 30, 2, 38, 45, 59, 5, 39, 10, 28, 53, 41, 11, 1, 36, 7, 12, 17, 20, 4, 42, 54, 56, 18, 8, 21, 47, 23, 32, 3, 9, 27, 58, 37, 60, 51, 43, 31]
T3
客户端数：10	时间：7.771544694900513	客户端：[49, 44, 34, 57, 25, 50, 40, 55, 24, 52]
客户端数：20	时间：32.92845439910889	客户端：[49, 44, 34, 57, 25, 50, 40, 55, 24, 52, 64, 26, 48, 13, 30, 2, 38, 45, 59, 5]
客户端数：30	时间：75.59945440292358	客户端：[49, 44, 34, 57, 25, 50, 40, 55, 24, 52, 64, 26, 48, 13, 30, 2, 38, 45, 59, 5, 39, 10, 28, 53, 41, 11, 1, 36, 7, 12]
客户端数：40	时间：134.22585248947144	客户端：[49, 44, 34, 57, 25, 50, 40, 55, 24, 52, 64, 26, 48, 13, 30, 2, 38, 45, 59, 5, 39, 10, 28, 53, 41, 11, 1, 36, 7, 12, 17, 20, 4, 42, 54, 56, 18, 8, 21, 47]
客户端数：50	时间：209.61299920082092	客户端：[49, 44, 34, 57, 25, 50, 40, 55, 24, 52, 64, 26, 48, 13, 30, 2, 38, 45, 59, 5, 39, 10, 28, 53, 41, 11, 1, 36, 7, 12, 17, 20, 4, 42, 54, 56, 18, 8, 21, 47, 23, 32, 3, 9, 27, 58, 37, 60, 51, 43]
客户端数：51	时间：218.13970351219177	客户端：[49, 44, 34, 57, 25, 50, 40, 55, 24, 52, 64, 26, 48, 13, 30, 2, 38, 45, 59, 5, 39, 10, 28, 53, 41, 11, 1, 36, 7, 12, 17, 20, 4, 42, 54, 56, 18, 8, 21, 47, 23, 32, 3, 9, 27, 58, 37, 60, 51, 43, 31]
BYTE
客户端数：0	字节数：0	客户端：[]
MAE：92060125.95897436
RMSE：92161508.42458358
finished iteration：2023-01-01 00:03:49.688289

Number of rounds 12
T1
客户端数：0	时间：0	客户端：[]
T2
客户端数：10	时间：0.0	客户端：[49, 44, 34, 40, 57, 55, 60, 26, 64, 21]
客户端数：20	时间：0.000997304916381836	客户端：[49, 44, 34, 40, 57, 55, 60, 26, 64, 21, 50, 48, 52, 24, 23, 31, 5, 45, 59, 36]
客户端数：30	时间：0.000997304916381836	客户端：[49, 44, 34, 40, 57, 55, 60, 26, 64, 21, 50, 48, 52, 24, 23, 31, 5, 45, 59, 36, 11, 3, 47, 41, 8, 39, 17, 51, 18, 58]
客户端数：40	时间：0.0020024776458740234	客户端：[49, 44, 34, 40, 57, 55, 60, 26, 64, 21, 50, 48, 52, 24, 23, 31, 5, 45, 59, 36, 11, 3, 47, 41, 8, 39, 17, 51, 18, 58, 54, 53, 4, 38, 7, 20, 2, 9, 56, 30]
客户端数：49	时间：0.0020024776458740234	客户端：[49, 44, 34, 40, 57, 55, 60, 26, 64, 21, 50, 48, 52, 24, 23, 31, 5, 45, 59, 36, 11, 3, 47, 41, 8, 39, 17, 51, 18, 58, 54, 53, 4, 38, 7, 20, 2, 9, 56, 30, 10, 27, 43, 32, 42, 37, 25, 13, 12]
T3
客户端数：10	时间：7.628800630569458	客户端：[49, 44, 34, 40, 57, 55, 60, 26, 64, 21]
客户端数：20	时间：31.83415412902832	客户端：[49, 44, 34, 40, 57, 55, 60, 26, 64, 21, 50, 48, 52, 24, 23, 31, 5, 45, 59, 36]
客户端数：30	时间：73.25656652450562	客户端：[49, 44, 34, 40, 57, 55, 60, 26, 64, 21, 50, 48, 52, 24, 23, 31, 5, 45, 59, 36, 11, 3, 47, 41, 8, 39, 17, 51, 18, 58]
客户端数：40	时间：131.05680203437805	客户端：[49, 44, 34, 40, 57, 55, 60, 26, 64, 21, 50, 48, 52, 24, 23, 31, 5, 45, 59, 36, 11, 3, 47, 41, 8, 39, 17, 51, 18, 58, 54, 53, 4, 38, 7, 20, 2, 9, 56, 30]
客户端数：49	时间：197.7651879787445	客户端：[49, 44, 34, 40, 57, 55, 60, 26, 64, 21, 50, 48, 52, 24, 23, 31, 5, 45, 59, 36, 11, 3, 47, 41, 8, 39, 17, 51, 18, 58, 54, 53, 4, 38, 7, 20, 2, 9, 56, 30, 10, 27, 43, 32, 42, 37, 25, 13, 12]
BYTE
客户端数：0	字节数：0	客户端：[]
MAE：96426447.1076923
RMSE：96573830.19200851
finished iteration：2023-01-01 00:04:11.534649

Number of rounds 13
T1
客户端数：0	时间：0	客户端：[]
T2
客户端数：10	时间：0.0	客户端：[1, 28, 44, 50, 34, 25, 55, 60, 64, 24]
客户端数：20	时间：0.0	客户端：[1, 28, 44, 50, 34, 25, 55, 60, 64, 24, 53, 52, 21, 2, 23, 48, 38, 31, 5, 11]
客户端数：30	时间：1.1920928955078125e-05	客户端：[1, 28, 44, 50, 34, 25, 55, 60, 64, 24, 53, 52, 21, 2, 23, 48, 38, 31, 5, 11, 49, 47, 36, 37, 3, 20, 17, 42, 58, 18]
客户端数：40	时间：1.1920928955078125e-05	客户端：[1, 28, 44, 50, 34, 25, 55, 60, 64, 24, 53, 52, 21, 2, 23, 48, 38, 31, 5, 11, 49, 47, 36, 37, 3, 20, 17, 42, 58, 18, 32, 27, 54, 4, 43, 45, 59, 10, 56, 9]
客户端数：50	时间：6.818771362304688e-05	客户端：[1, 28, 44, 50, 34, 25, 55, 60, 64, 24, 53, 52, 21, 2, 23, 48, 38, 31, 5, 11, 49, 47, 36, 37, 3, 20, 17, 42, 58, 18, 32, 27, 54, 4, 43, 45, 59, 10, 56, 9, 40, 30, 26, 51, 8, 7, 39, 12, 57, 41]
客户端数：51	时间：6.818771362304688e-05	客户端：[1, 28, 44, 50, 34, 25, 55, 60, 64, 24, 53, 52, 21, 2, 23, 48, 38, 31, 5, 11, 49, 47, 36, 37, 3, 20, 17, 42, 58, 18, 32, 27, 54, 4, 43, 45, 59, 10, 56, 9, 40, 30, 26, 51, 8, 7, 39, 12, 57, 41, 13]
T3
客户端数：10	时间：31.716799020767212	客户端：[1, 28, 44, 50, 34, 25, 55, 60, 64, 24]
客户端数：20	时间：53.60784935951233	客户端：[1, 28, 44, 50, 34, 25, 55, 60, 64, 24, 53, 52, 21, 2, 23, 48, 38, 31, 5, 11]
客户端数：30	时间：92.3669741153717	客户端：[1, 28, 44, 50, 34, 25, 55, 60, 64, 24, 53, 52, 21, 2, 23, 48, 38, 31, 5, 11, 49, 47, 36, 37, 3, 20, 17, 42, 58, 18]
客户端数：40	时间：147.66949653625488	客户端：[1, 28, 44, 50, 34, 25, 55, 60, 64, 24, 53, 52, 21, 2, 23, 48, 38, 31, 5, 11, 49, 47, 36, 37, 3, 20, 17, 42, 58, 18, 32, 27, 54, 4, 43, 45, 59, 10, 56, 9]
客户端数：50	时间：219.70123839378357	客户端：[1, 28, 44, 50, 34, 25, 55, 60, 64, 24, 53, 52, 21, 2, 23, 48, 38, 31, 5, 11, 49, 47, 36, 37, 3, 20, 17, 42, 58, 18, 32, 27, 54, 4, 43, 45, 59, 10, 56, 9, 40, 30, 26, 51, 8, 7, 39, 12, 57, 41]
客户端数：51	时间：227.7597532272339	客户端：[1, 28, 44, 50, 34, 25, 55, 60, 64, 24, 53, 52, 21, 2, 23, 48, 38, 31, 5, 11, 49, 47, 36, 37, 3, 20, 17, 42, 58, 18, 32, 27, 54, 4, 43, 45, 59, 10, 56, 9, 40, 30, 26, 51, 8, 7, 39, 12, 57, 41, 13]
BYTE
客户端数：0	字节数：0	客户端：[]
MAE：95448224.9948718
RMSE：95566097.41291353
finished iteration：2023-01-01 00:04:33.632406

Number of rounds 14
T1
客户端数：0	时间：0	客户端：[]
T2
客户端数：10	时间：0.0010094642639160156	客户端：[44, 40, 25, 49, 50, 34, 60, 52, 57, 21]
客户端数：20	时间：0.0010094642639160156	客户端：[44, 40, 25, 49, 50, 34, 60, 52, 57, 21, 38, 24, 64, 48, 13, 5, 9, 32, 30, 3]
客户端数：30	时间：0.0010094642639160156	客户端：[44, 40, 25, 49, 50, 34, 60, 52, 57, 21, 38, 24, 64, 48, 13, 5, 9, 32, 30, 3, 10, 39, 11, 55, 41, 42, 47, 12, 56, 7]
客户端数：40	时间：0.002075672149658203	客户端：[44, 40, 25, 49, 50, 34, 60, 52, 57, 21, 38, 24, 64, 48, 13, 5, 9, 32, 30, 3, 10, 39, 11, 55, 41, 42, 47, 12, 56, 7, 54, 8, 43, 26, 20, 4, 45, 27, 2, 18]
客户端数：49	时间：0.002075672149658203	客户端：[44, 40, 25, 49, 50, 34, 60, 52, 57, 21, 38, 24, 64, 48, 13, 5, 9, 32, 30, 3, 10, 39, 11, 55, 41, 42, 47, 12, 56, 7, 54, 8, 43, 26, 20, 4, 45, 27, 2, 18, 58, 17, 36, 31, 51, 59, 23, 53, 37]
T3
客户端数：10	时间：7.439064979553223	客户端：[44, 40, 25, 49, 50, 34, 60, 52, 57, 21]
客户端数：20	时间：31.334015130996704	客户端：[44, 40, 25, 49, 50, 34, 60, 52, 57, 21, 38, 24, 64, 48, 13, 5, 9, 32, 30, 3]
客户端数：30	时间：71.90024924278259	客户端：[44, 40, 25, 49, 50, 34, 60, 52, 57, 21, 38, 24, 64, 48, 13, 5, 9, 32, 30, 3, 10, 39, 11, 55, 41, 42, 47, 12, 56, 7]
客户端数：40	时间：129.53551173210144	客户端：[44, 40, 25, 49, 50, 34, 60, 52, 57, 21, 38, 24, 64, 48, 13, 5, 9, 32, 30, 3, 10, 39, 11, 55, 41, 42, 47, 12, 56, 7, 54, 8, 43, 26, 20, 4, 45, 27, 2, 18]
客户端数：49	时间：195.9289677143097	客户端：[44, 40, 25, 49, 50, 34, 60, 52, 57, 21, 38, 24, 64, 48, 13, 5, 9, 32, 30, 3, 10, 39, 11, 55, 41, 42, 47, 12, 56, 7, 54, 8, 43, 26, 20, 4, 45, 27, 2, 18, 58, 17, 36, 31, 51, 59, 23, 53, 37]
BYTE
客户端数：0	字节数：0	客户端：[]
MAE：95038158.16410257
RMSE：95224803.14012218
finished iteration：2023-01-01 00:04:55.783936

Number of rounds 15
T1
客户端数：0	时间：0	客户端：[]
T2
客户端数：10	时间：0.0	客户端：[44, 57, 50, 25, 49, 43, 26, 38, 13, 55]
客户端数：20	时间：0.0	客户端：[44, 57, 50, 25, 49, 43, 26, 38, 13, 55, 60, 21, 64, 23, 45, 52, 59, 5, 36, 3]
客户端数：30	时间：0.0009970664978027344	客户端：[44, 57, 50, 25, 49, 43, 26, 38, 13, 55, 60, 21, 64, 23, 45, 52, 59, 5, 36, 3, 10, 32, 11, 37, 8, 9, 40, 42, 18, 27]
客户端数：40	时间：0.0009970664978027344	客户端：[44, 57, 50, 25, 49, 43, 26, 38, 13, 55, 60, 21, 64, 23, 45, 52, 59, 5, 36, 3, 10, 32, 11, 37, 8, 9, 40, 42, 18, 27, 54, 24, 31, 53, 56, 30, 17, 2, 4, 47]
客户端数：48	时间：0.0029914379119873047	客户端：[44, 57, 50, 25, 49, 43, 26, 38, 13, 55, 60, 21, 64, 23, 45, 52, 59, 5, 36, 3, 10, 32, 11, 37, 8, 9, 40, 42, 18, 27, 54, 24, 31, 53, 56, 30, 17, 2, 4, 47, 51, 41, 48, 58, 39, 34, 20, 12]
T3
客户端数：10	时间：7.5533928871154785	客户端：[44, 57, 50, 25, 49, 43, 26, 38, 13, 55]
客户端数：20	时间：31.662527799606323	客户端：[44, 57, 50, 25, 49, 43, 26, 38, 13, 55, 60, 21, 64, 23, 45, 52, 59, 5, 36, 3]
客户端数：30	时间：72.27951216697693	客户端：[44, 57, 50, 25, 49, 43, 26, 38, 13, 55, 60, 21, 64, 23, 45, 52, 59, 5, 36, 3, 10, 32, 11, 37, 8, 9, 40, 42, 18, 27]
客户端数：40	时间：129.33867621421814	客户端：[44, 57, 50, 25, 49, 43, 26, 38, 13, 55, 60, 21, 64, 23, 45, 52, 59, 5, 36, 3, 10, 32, 11, 37, 8, 9, 40, 42, 18, 27, 54, 24, 31, 53, 56, 30, 17, 2, 4, 47]
客户端数：48	时间：187.64897203445435	客户端：[44, 57, 50, 25, 49, 43, 26, 38, 13, 55, 60, 21, 64, 23, 45, 52, 59, 5, 36, 3, 10, 32, 11, 37, 8, 9, 40, 42, 18, 27, 54, 24, 31, 53, 56, 30, 17, 2, 4, 47, 51, 41, 48, 58, 39, 34, 20, 12]
BYTE
客户端数：0	字节数：0	客户端：[]
MAE：98046665.24102564
RMSE：98111032.19328667
finished iteration：2023-01-01 00:05:17.589878

Number of rounds 16
T1
客户端数：0	时间：0	客户端：[]
T2
客户端数：10	时间：0.0009970664978027344	客户端：[7, 34, 57, 49, 25, 50, 24, 21, 48, 52]
客户端数：20	时间：0.0009970664978027344	客户端：[7, 34, 57, 49, 25, 50, 24, 21, 48, 52, 13, 53, 31, 32, 5, 43, 45, 3, 26, 37]
客户端数：30	时间：0.0009970664978027344	客户端：[7, 34, 57, 49, 25, 50, 24, 21, 48, 52, 13, 53, 31, 32, 5, 43, 45, 3, 26, 37, 11, 47, 58, 51, 10, 56, 54, 55, 8, 59]
客户端数：40	时间：0.0009970664978027344	客户端：[7, 34, 57, 49, 25, 50, 24, 21, 48, 52, 13, 53, 31, 32, 5, 43, 45, 3, 26, 37, 11, 47, 58, 51, 10, 56, 54, 55, 8, 59, 18, 39, 17, 20, 64, 4, 44, 12, 2, 23]
客户端数：48	时间：0.0019943714141845703	客户端：[7, 34, 57, 49, 25, 50, 24, 21, 48, 52, 13, 53, 31, 32, 5, 43, 45, 3, 26, 37, 11, 47, 58, 51, 10, 56, 54, 55, 8, 59, 18, 39, 17, 20, 64, 4, 44, 12, 2, 23, 38, 9, 40, 42, 60, 30, 41, 36]
T3
客户端数：10	时间：18.239442110061646	客户端：[7, 34, 57, 49, 25, 50, 24, 21, 48, 52]
客户端数：20	时间：41.033607721328735	客户端：[7, 34, 57, 49, 25, 50, 24, 21, 48, 52, 13, 53, 31, 32, 5, 43, 45, 3, 26, 37]
客户端数：30	时间：80.49690914154053	客户端：[7, 34, 57, 49, 25, 50, 24, 21, 48, 52, 13, 53, 31, 32, 5, 43, 45, 3, 26, 37, 11, 47, 58, 51, 10, 56, 54, 55, 8, 59]
客户端数：40	时间：136.7493691444397	客户端：[7, 34, 57, 49, 25, 50, 24, 21, 48, 52, 13, 53, 31, 32, 5, 43, 45, 3, 26, 37, 11, 47, 58, 51, 10, 56, 54, 55, 8, 59, 18, 39, 17, 20, 64, 4, 44, 12, 2, 23]
客户端数：48	时间：193.35809636116028	客户端：[7, 34, 57, 49, 25, 50, 24, 21, 48, 52, 13, 53, 31, 32, 5, 43, 45, 3, 26, 37, 11, 47, 58, 51, 10, 56, 54, 55, 8, 59, 18, 39, 17, 20, 64, 4, 44, 12, 2, 23, 38, 9, 40, 42, 60, 30, 41, 36]
BYTE
客户端数：0	字节数：0	客户端：[]
MAE：91254845.42564103
RMSE：91645078.70978835
finished iteration：2023-01-01 00:05:39.473386

Number of rounds 17
T1
客户端数：0	时间：0	客户端：[]
T2
客户端数：10	时间：0.0	客户端：[27, 49, 34, 50, 25, 57, 60, 44, 24, 21]
客户端数：20	时间：0.0	客户端：[27, 49, 34, 50, 25, 57, 60, 44, 24, 21, 64, 26, 38, 9, 30, 13, 5, 45, 59, 37]
客户端数：30	时间：0.0	客户端：[27, 49, 34, 50, 25, 57, 60, 44, 24, 21, 64, 26, 38, 9, 30, 13, 5, 45, 59, 37, 43, 40, 41, 54, 11, 58, 51, 47, 36, 39]
客户端数：40	时间：0.0	客户端：[27, 49, 34, 50, 25, 57, 60, 44, 24, 21, 64, 26, 38, 9, 30, 13, 5, 45, 59, 37, 43, 40, 41, 54, 11, 58, 51, 47, 36, 39, 2, 42, 8, 23, 32, 56, 55, 12, 52, 17]
客户端数：45	时间：0.0	客户端：[27, 49, 34, 50, 25, 57, 60, 44, 24, 21, 64, 26, 38, 9, 30, 13, 5, 45, 59, 37, 43, 40, 41, 54, 11, 58, 51, 47, 36, 39, 2, 42, 8, 23, 32, 56, 55, 12, 52, 17, 18, 3, 48, 4, 10]
T3
客户端数：10	时间：13.978087902069092	客户端：[27, 49, 34, 50, 25, 57, 60, 44, 24, 21]
客户端数：20	时间：36.239290952682495	客户端：[27, 49, 34, 50, 25, 57, 60, 44, 24, 21, 64, 26, 38, 9, 30, 13, 5, 45, 59, 37]
客户端数：30	时间：75.04018139839172	客户端：[27, 49, 34, 50, 25, 57, 60, 44, 24, 21, 64, 26, 38, 9, 30, 13, 5, 45, 59, 37, 43, 40, 41, 54, 11, 58, 51, 47, 36, 39]
客户端数：40	时间：130.934903383255	客户端：[27, 49, 34, 50, 25, 57, 60, 44, 24, 21, 64, 26, 38, 9, 30, 13, 5, 45, 59, 37, 43, 40, 41, 54, 11, 58, 51, 47, 36, 39, 2, 42, 8, 23, 32, 56, 55, 12, 52, 17]
客户端数：45	时间：165.2853536605835	客户端：[27, 49, 34, 50, 25, 57, 60, 44, 24, 21, 64, 26, 38, 9, 30, 13, 5, 45, 59, 37, 43, 40, 41, 54, 11, 58, 51, 47, 36, 39, 2, 42, 8, 23, 32, 56, 55, 12, 52, 17, 18, 3, 48, 4, 10]
BYTE
客户端数：0	字节数：0	客户端：[]
MAE：95072694.86153845
RMSE：95277566.20428824
finished iteration：2023-01-01 00:06:01.925630

Number of rounds 18
T1
客户端数：0	时间：0	客户端：[]
T2
客户端数：10	时间：0.0	客户端：[20, 44, 25, 34, 50, 40, 55, 60, 24, 64]
客户端数：20	时间：0.0	客户端：[20, 44, 25, 34, 50, 40, 55, 60, 24, 64, 52, 38, 48, 5, 30, 23, 45, 3, 39, 10]
客户端数：30	时间：0.0	客户端：[20, 44, 25, 34, 50, 40, 55, 60, 24, 64, 52, 38, 48, 5, 30, 23, 45, 3, 39, 10, 41, 8, 9, 42, 12, 51, 54, 59, 36, 4]
客户端数：40	时间：0.0	客户端：[20, 44, 25, 34, 50, 40, 55, 60, 24, 64, 52, 38, 48, 5, 30, 23, 45, 3, 39, 10, 41, 8, 9, 42, 12, 51, 54, 59, 36, 4, 47, 58, 11, 17, 21, 49, 13, 18, 37, 26]
客户端数：45	时间：0.0	客户端：[20, 44, 25, 34, 50, 40, 55, 60, 24, 64, 52, 38, 48, 5, 30, 23, 45, 3, 39, 10, 41, 8, 9, 42, 12, 51, 54, 59, 36, 4, 47, 58, 11, 17, 21, 49, 13, 18, 37, 26, 2, 32, 56, 57, 43]
T3
客户端数：10	时间：18.076260328292847	客户端：[20, 44, 25, 34, 50, 40, 55, 60, 24, 64]
客户端数：20	时间：41.0740749835968	客户端：[20, 44, 25, 34, 50, 40, 55, 60, 24, 64, 52, 38, 48, 5, 30, 23, 45, 3, 39, 10]
客户端数：30	时间：81.04312944412231	客户端：[20, 44, 25, 34, 50, 40, 55, 60, 24, 64, 52, 38, 48, 5, 30, 23, 45, 3, 39, 10, 41, 8, 9, 42, 12, 51, 54, 59, 36, 4]
客户端数：40	时间：137.721417427063	客户端：[20, 44, 25, 34, 50, 40, 55, 60, 24, 64, 52, 38, 48, 5, 30, 23, 45, 3, 39, 10, 41, 8, 9, 42, 12, 51, 54, 59, 36, 4, 47, 58, 11, 17, 21, 49, 13, 18, 37, 26]
客户端数：45	时间：172.48422360420227	客户端：[20, 44, 25, 34, 50, 40, 55, 60, 24, 64, 52, 38, 48, 5, 30, 23, 45, 3, 39, 10, 41, 8, 9, 42, 12, 51, 54, 59, 36, 4, 47, 58, 11, 17, 21, 49, 13, 18, 37, 26, 2, 32, 56, 57, 43]
BYTE
客户端数：0	字节数：0	客户端：[]
MAE：102130176.5025641
RMSE：102738968.9180054
finished iteration：2023-01-01 00:06:24.303019

Number of rounds 19
T1
客户端数：0	时间：0	客户端：[]
T2
客户端数：10	时间：0.0	客户端：[34, 40, 25, 49, 21, 23, 30, 13, 5, 43]
客户端数：20	时间：0.000997781753540039	客户端：[34, 40, 25, 49, 21, 23, 30, 13, 5, 43, 50, 64, 2, 38, 44, 48, 45, 39, 41, 37]
客户端数：30	时间：0.000997781753540039	客户端：[34, 40, 25, 49, 21, 23, 30, 13, 5, 43, 50, 64, 2, 38, 44, 48, 45, 39, 41, 37, 24, 12, 42, 36, 60, 17, 18, 58, 47, 3]
客户端数：40	时间：0.000997781753540039	客户端：[34, 40, 25, 49, 21, 23, 30, 13, 5, 43, 50, 64, 2, 38, 44, 48, 45, 39, 41, 37, 24, 12, 42, 36, 60, 17, 18, 58, 47, 3, 8, 59, 10, 11, 52, 26, 55, 57, 9, 54]
客户端数：44	时间：0.001995086669921875	客户端：[34, 40, 25, 49, 21, 23, 30, 13, 5, 43, 50, 64, 2, 38, 44, 48, 45, 39, 41, 37, 24, 12, 42, 36, 60, 17, 18, 58, 47, 3, 8, 59, 10, 11, 52, 26, 55, 57, 9, 54, 4, 32, 51, 56]
T3
客户端数：10	时间：7.7528510093688965	客户端：[34, 40, 25, 49, 21, 23, 30, 13, 5, 43]
客户端数：20	时间：32.65582990646362	客户端：[34, 40, 25, 49, 21, 23, 30, 13, 5, 43, 50, 64, 2, 38, 44, 48, 45, 39, 41, 37]
客户端数：30	时间：74.3753068447113	客户端：[34, 40, 25, 49, 21, 23, 30, 13, 5, 43, 50, 64, 2, 38, 44, 48, 45, 39, 41, 37, 24, 12, 42, 36, 60, 17, 18, 58, 47, 3]
客户端数：40	时间：133.4837987422943	客户端：[34, 40, 25, 49, 21, 23, 30, 13, 5, 43, 50, 64, 2, 38, 44, 48, 45, 39, 41, 37, 24, 12, 42, 36, 60, 17, 18, 58, 47, 3, 8, 59, 10, 11, 52, 26, 55, 57, 9, 54]
客户端数：44	时间：161.70024991035461	客户端：[34, 40, 25, 49, 21, 23, 30, 13, 5, 43, 50, 64, 2, 38, 44, 48, 45, 39, 41, 37, 24, 12, 42, 36, 60, 17, 18, 58, 47, 3, 8, 59, 10, 11, 52, 26, 55, 57, 9, 54, 4, 32, 51, 56]
BYTE
客户端数：0	字节数：0	客户端：[]
MAE：95304705.2
RMSE：96067045.49916428
finished iteration：2023-01-01 00:06:46.338027

Number of rounds 20
T1
客户端数：0	时间：0	客户端：[]
T2
客户端数：10	时间：0.0	客户端：[49, 40, 25, 57, 55, 60, 50, 24, 21, 44]
客户端数：20	时间：0.0	客户端：[49, 40, 25, 57, 55, 60, 50, 24, 21, 44, 5, 64, 43, 32, 23, 59, 45, 39, 26, 17]
客户端数：30	时间：0.000997781753540039	客户端：[49, 40, 25, 57, 55, 60, 50, 24, 21, 44, 5, 64, 43, 32, 23, 59, 45, 39, 26, 17, 47, 8, 56, 2, 51, 12, 58, 4, 18, 54]
客户端数：40	时间：0.000997781753540039	客户端：[49, 40, 25, 57, 55, 60, 50, 24, 21, 44, 5, 64, 43, 32, 23, 59, 45, 39, 26, 17, 47, 8, 56, 2, 51, 12, 58, 4, 18, 54, 11, 42, 37, 38, 41, 52, 48, 34, 13, 30]
客户端数：44	时间：0.001995086669921875	客户端：[49, 40, 25, 57, 55, 60, 50, 24, 21, 44, 5, 64, 43, 32, 23, 59, 45, 39, 26, 17, 47, 8, 56, 2, 51, 12, 58, 4, 18, 54, 11, 42, 37, 38, 41, 52, 48, 34, 13, 30, 9, 10, 3, 36]
T3
客户端数：10	时间：7.812119960784912	客户端：[49, 40, 25, 57, 55, 60, 50, 24, 21, 44]
客户端数：20	时间：32.348024129867554	客户端：[49, 40, 25, 57, 55, 60, 50, 24, 21, 44, 5, 64, 43, 32, 23, 59, 45, 39, 26, 17]
客户端数：30	时间：73.41129517555237	客户端：[49, 40, 25, 57, 55, 60, 50, 24, 21, 44, 5, 64, 43, 32, 23, 59, 45, 39, 26, 17, 47, 8, 56, 2, 51, 12, 58, 4, 18, 54]
客户端数：40	时间：131.7675802707672	客户端：[49, 40, 25, 57, 55, 60, 50, 24, 21, 44, 5, 64, 43, 32, 23, 59, 45, 39, 26, 17, 47, 8, 56, 2, 51, 12, 58, 4, 18, 54, 11, 42, 37, 38, 41, 52, 48, 34, 13, 30]
客户端数：44	时间：159.79969024658203	客户端：[49, 40, 25, 57, 55, 60, 50, 24, 21, 44, 5, 64, 43, 32, 23, 59, 45, 39, 26, 17, 47, 8, 56, 2, 51, 12, 58, 4, 18, 54, 11, 42, 37, 38, 41, 52, 48, 34, 13, 30, 9, 10, 3, 36]
BYTE
客户端数：0	字节数：0	客户端：[]
MAE：93671000.62564103
RMSE：93714417.04081462
finished iteration：2023-01-01 00:07:08.492897

Number of rounds 21
T1
客户端数：0	时间：0	客户端：[]
T2
客户端数：10	时间：0.000997304916381836	客户端：[49, 40, 50, 57, 25, 26, 52, 21, 23, 2]
客户端数：20	时间：0.001994609832763672	客户端：[49, 40, 50, 57, 25, 26, 52, 21, 23, 2, 45, 48, 60, 36, 59, 24, 10, 41, 18, 4]
客户端数：30	时间：0.002991914749145508	客户端：[49, 40, 50, 57, 25, 26, 52, 21, 23, 2, 45, 48, 60, 36, 59, 24, 10, 41, 18, 4, 42, 43, 30, 32, 34, 3, 58, 8, 55, 56]
客户端数：40	时间：0.002991914749145508	客户端：[49, 40, 50, 57, 25, 26, 52, 21, 23, 2, 45, 48, 60, 36, 59, 24, 10, 41, 18, 4, 42, 43, 30, 32, 34, 3, 58, 8, 55, 56, 11, 64, 47, 5, 13, 12, 37, 38, 44, 9]
客户端数：41	时间：0.002991914749145508	客户端：[49, 40, 50, 57, 25, 26, 52, 21, 23, 2, 45, 48, 60, 36, 59, 24, 10, 41, 18, 4, 42, 43, 30, 32, 34, 3, 58, 8, 55, 56, 11, 64, 47, 5, 13, 12, 37, 38, 44, 9, 39]
T3
客户端数：10	时间：7.8621766567230225	客户端：[49, 40, 50, 57, 25, 26, 52, 21, 23, 2]
客户端数：20	时间：32.253111839294434	客户端：[49, 40, 50, 57, 25, 26, 52, 21, 23, 2, 45, 48, 60, 36, 59, 24, 10, 41, 18, 4]
客户端数：30	时间：73.14380836486816	客户端：[49, 40, 50, 57, 25, 26, 52, 21, 23, 2, 45, 48, 60, 36, 59, 24, 10, 41, 18, 4, 42, 43, 30, 32, 34, 3, 58, 8, 55, 56]
客户端数：40	时间：130.62019419670105	客户端：[49, 40, 50, 57, 25, 26, 52, 21, 23, 2, 45, 48, 60, 36, 59, 24, 10, 41, 18, 4, 42, 43, 30, 32, 34, 3, 58, 8, 55, 56, 11, 64, 47, 5, 13, 12, 37, 38, 44, 9]
客户端数：41	时间：137.26143980026245	客户端：[49, 40, 50, 57, 25, 26, 52, 21, 23, 2, 45, 48, 60, 36, 59, 24, 10, 41, 18, 4, 42, 43, 30, 32, 34, 3, 58, 8, 55, 56, 11, 64, 47, 5, 13, 12, 37, 38, 44, 9, 39]
BYTE
客户端数：0	字节数：0	客户端：[]
MAE：98865773.05641025
RMSE：99119143.62328213
finished iteration：2023-01-01 00:07:30.693588

Number of rounds 22
T1
客户端数：0	时间：0	客户端：[]
T2
客户端数：10	时间：0.0	客户端：[25, 49, 26, 60, 40, 50, 38, 24, 23, 2]
客户端数：20	时间：0.0009980201721191406	客户端：[25, 49, 26, 60, 40, 50, 38, 24, 23, 2, 52, 9, 32, 45, 36, 37, 59, 30, 41, 10]
客户端数：30	时间：0.0009980201721191406	客户端：[25, 49, 26, 60, 40, 50, 38, 24, 23, 2, 52, 9, 32, 45, 36, 37, 59, 30, 41, 10, 42, 8, 58, 12, 4, 56, 5, 21, 48, 18]
客户端数：40	时间：0.0009980201721191406	客户端：[25, 49, 26, 60, 40, 50, 38, 24, 23, 2, 52, 9, 32, 45, 36, 37, 59, 30, 41, 10, 42, 8, 58, 12, 4, 56, 5, 21, 48, 18, 34, 39, 3, 11, 44, 57, 47, 13, 43, 64]
客户端数：43	时间：0.0009980201721191406	客户端：[25, 49, 26, 60, 40, 50, 38, 24, 23, 2, 52, 9, 32, 45, 36, 37, 59, 30, 41, 10, 42, 8, 58, 12, 4, 56, 5, 21, 48, 18, 34, 39, 3, 11, 44, 57, 47, 13, 43, 64, 55, 51, 54]
T3
客户端数：10	时间：7.7325758934021	客户端：[25, 49, 26, 60, 40, 50, 38, 24, 23, 2]
客户端数：20	时间：32.51187491416931	客户端：[25, 49, 26, 60, 40, 50, 38, 24, 23, 2, 52, 9, 32, 45, 36, 37, 59, 30, 41, 10]
客户端数：30	时间：73.72589373588562	客户端：[25, 49, 26, 60, 40, 50, 38, 24, 23, 2, 52, 9, 32, 45, 36, 37, 59, 30, 41, 10, 42, 8, 58, 12, 4, 56, 5, 21, 48, 18]
客户端数：40	时间：131.36670565605164	客户端：[25, 49, 26, 60, 40, 50, 38, 24, 23, 2, 52, 9, 32, 45, 36, 37, 59, 30, 41, 10, 42, 8, 58, 12, 4, 56, 5, 21, 48, 18, 34, 39, 3, 11, 44, 57, 47, 13, 43, 64]
客户端数：43	时间：188.30100870132446	客户端：[25, 49, 26, 60, 40, 50, 38, 24, 23, 2, 52, 9, 32, 45, 36, 37, 59, 30, 41, 10, 42, 8, 58, 12, 4, 56, 5, 21, 48, 18, 34, 39, 3, 11, 44, 57, 47, 13, 43, 64, 55, 51, 54]
BYTE
客户端数：0	字节数：0	客户端：[]
MAE：102632472.09230769
RMSE：103151499.19899787
finished iteration：2023-01-01 00:07:52.862065

Number of rounds 23
T1
客户端数：0	时间：0	客户端：[]
T2
客户端数：10	时间：0.0	客户端：[17, 44, 50, 49, 55, 60, 43, 52, 64, 24]
客户端数：20	时间：0.0	客户端：[17, 44, 50, 49, 55, 60, 43, 52, 64, 24, 21, 5, 2, 30, 23, 45, 59, 12, 8, 18]
客户端数：30	时间：0.0	客户端：[17, 44, 50, 49, 55, 60, 43, 52, 64, 24, 21, 5, 2, 30, 23, 45, 59, 12, 8, 18, 36, 10, 4, 56, 9, 58, 57, 39, 11, 32]
客户端数：38	时间：0.0	客户端：[17, 44, 50, 49, 55, 60, 43, 52, 64, 24, 21, 5, 2, 30, 23, 45, 59, 12, 8, 18, 36, 10, 4, 56, 9, 58, 57, 39, 11, 32, 25, 42, 3, 41, 37, 40, 13, 34]
T3
客户端数：10	时间：36.611074686050415	客户端：[17, 44, 50, 49, 55, 60, 43, 52, 64, 24]
客户端数：20	时间：59.65085530281067	客户端：[17, 44, 50, 49, 55, 60, 43, 52, 64, 24, 21, 5, 2, 30, 23, 45, 59, 12, 8, 18]
客户端数：30	时间：99.21939706802368	客户端：[17, 44, 50, 49, 55, 60, 43, 52, 64, 24, 21, 5, 2, 30, 23, 45, 59, 12, 8, 18, 36, 10, 4, 56, 9, 58, 57, 39, 11, 32]
客户端数：38	时间：142.887216091156	客户端：[17, 44, 50, 49, 55, 60, 43, 52, 64, 24, 21, 5, 2, 30, 23, 45, 59, 12, 8, 18, 36, 10, 4, 56, 9, 58, 57, 39, 11, 32, 25, 42, 3, 41, 37, 40, 13, 34]
BYTE
客户端数：0	字节数：0	客户端：[]
MAE：95601743.55897436
RMSE：95684786.1465627
finished iteration：2023-01-01 00:08:15.216647

Number of rounds 24
T1
客户端数：0	时间：0	客户端：[]
T2
客户端数：10	时间：0.0	客户端：[49, 25, 57, 34, 40, 50, 43, 24, 55, 13]
客户端数：20	时间：0.0	客户端：[49, 25, 57, 34, 40, 50, 43, 24, 55, 13, 2, 30, 23, 21, 5, 39, 10, 11, 41, 36]
客户端数：30	时间：0.0	客户端：[49, 25, 57, 34, 40, 50, 43, 24, 55, 13, 2, 30, 23, 21, 5, 39, 10, 11, 41, 36, 37, 56, 18, 52, 8, 4, 60, 3, 64, 32]
客户端数：37	时间：0.0	客户端：[49, 25, 57, 34, 40, 50, 43, 24, 55, 13, 2, 30, 23, 21, 5, 39, 10, 11, 41, 36, 37, 56, 18, 52, 8, 4, 60, 3, 64, 32, 44, 59, 12, 42, 58, 45, 9]
T3
客户端数：10	时间：7.806461811065674	客户端：[49, 25, 57, 34, 40, 50, 43, 24, 55, 13]
客户端数：20	时间：32.87815618515015	客户端：[49, 25, 57, 34, 40, 50, 43, 24, 55, 13, 2, 30, 23, 21, 5, 39, 10, 11, 41, 36]
客户端数：30	时间：75.03701734542847	客户端：[49, 25, 57, 34, 40, 50, 43, 24, 55, 13, 2, 30, 23, 21, 5, 39, 10, 11, 41, 36, 37, 56, 18, 52, 8, 4, 60, 3, 64, 32]
客户端数：37	时间：114.39635753631592	客户端：[49, 25, 57, 34, 40, 50, 43, 24, 55, 13, 2, 30, 23, 21, 5, 39, 10, 11, 41, 36, 37, 56, 18, 52, 8, 4, 60, 3, 64, 32, 44, 59, 12, 42, 58, 45, 9]
BYTE
客户端数：0	字节数：0	客户端：[]
MAE：81269771.6128205
RMSE：82090361.62643574
finished iteration：2023-01-01 00:08:37.504500

Number of rounds 25
T1
客户端数：0	时间：0	客户端：[]
T2
客户端数：10	时间：0.0	客户端：[49, 44, 25, 57, 55, 52, 43, 64, 50, 34]
客户端数：20	时间：0.0	客户端：[49, 44, 25, 57, 55, 52, 43, 64, 50, 34, 30, 21, 2, 40, 60, 39, 3, 59, 12, 58]
客户端数：30	时间：0.0	客户端：[49, 44, 25, 57, 55, 52, 43, 64, 50, 34, 30, 21, 2, 40, 60, 39, 3, 59, 12, 58, 56, 42, 18, 8, 4, 45, 23, 36, 32, 37]
客户端数：36	时间：0.0	客户端：[49, 44, 25, 57, 55, 52, 43, 64, 50, 34, 30, 21, 2, 40, 60, 39, 3, 59, 12, 58, 56, 42, 18, 8, 4, 45, 23, 36, 32, 37, 10, 24, 11, 5, 41, 13]
T3
客户端数：10	时间：7.5485758781433105	客户端：[49, 44, 25, 57, 55, 52, 43, 64, 50, 34]
客户端数：20	时间：31.869853734970093	客户端：[49, 44, 25, 57, 55, 52, 43, 64, 50, 34, 30, 21, 2, 40, 60, 39, 3, 59, 12, 58]
客户端数：30	时间：73.26550269126892	客户端：[49, 44, 25, 57, 55, 52, 43, 64, 50, 34, 30, 21, 2, 40, 60, 39, 3, 59, 12, 58, 56, 42, 18, 8, 4, 45, 23, 36, 32, 37]
客户端数：36	时间：105.96954703330994	客户端：[49, 44, 25, 57, 55, 52, 43, 64, 50, 34, 30, 21, 2, 40, 60, 39, 3, 59, 12, 58, 56, 42, 18, 8, 4, 45, 23, 36, 32, 37, 10, 24, 11, 5, 41, 13]
BYTE
客户端数：0	字节数：0	客户端：[]
MAE：95096779.41538462
RMSE：95743416.29410458
finished iteration：2023-01-01 00:08:59.865197

Number of rounds 26
T1
客户端数：0	时间：0	客户端：[]
T2
客户端数：10	时间：0.0	客户端：[34, 40, 50, 57, 49, 55, 52, 60, 64, 43]
客户端数：20	时间：0.0	客户端：[34, 40, 50, 57, 49, 55, 52, 60, 64, 43, 13, 2, 21, 30, 45, 37, 3, 8, 56, 5]
客户端数：30	时间：0.0	客户端：[34, 40, 50, 57, 49, 55, 52, 60, 64, 43, 13, 2, 21, 30, 45, 37, 3, 8, 56, 5, 12, 36, 11, 42, 4, 18, 10, 39, 25, 58]
客户端数：36	时间：0.0	客户端：[34, 40, 50, 57, 49, 55, 52, 60, 64, 43, 13, 2, 21, 30, 45, 37, 3, 8, 56, 5, 12, 36, 11, 42, 4, 18, 10, 39, 25, 58, 24, 41, 59, 44, 23, 32]
T3
客户端数：10	时间：7.30704665184021	客户端：[34, 40, 50, 57, 49, 55, 52, 60, 64, 43]
客户端数：20	时间：30.88703179359436	客户端：[34, 40, 50, 57, 49, 55, 52, 60, 64, 43, 13, 2, 21, 30, 45, 37, 3, 8, 56, 5]
客户端数：30	时间：71.65375399589539	客户端：[34, 40, 50, 57, 49, 55, 52, 60, 64, 43, 13, 2, 21, 30, 45, 37, 3, 8, 56, 5, 12, 36, 11, 42, 4, 18, 10, 39, 25, 58]
客户端数：36	时间：104.50087642669678	客户端：[34, 40, 50, 57, 49, 55, 52, 60, 64, 43, 13, 2, 21, 30, 45, 37, 3, 8, 56, 5, 12, 36, 11, 42, 4, 18, 10, 39, 25, 58, 24, 41, 59, 44, 23, 32]
BYTE
客户端数：0	字节数：0	客户端：[]
MAE：99954361.28205128
RMSE：100052231.640019
finished iteration：2023-01-01 00:09:22.511853

Number of rounds 27
T1
客户端数：0	时间：0	客户端：[]
T2
客户端数：10	时间：0.000997304916381836	客户端：[49, 44, 25, 57, 55, 60, 24, 52, 64, 43]
客户端数：20	时间：0.000997304916381836	客户端：[49, 44, 25, 57, 55, 60, 24, 52, 64, 43, 13, 5, 34, 3, 39, 59, 11, 41, 10, 40]
客户端数：30	时间：0.0029926300048828125	客户端：[49, 44, 25, 57, 55, 60, 24, 52, 64, 43, 13, 5, 34, 3, 39, 59, 11, 41, 10, 40, 8, 23, 56, 18, 21, 30, 50, 4, 2, 12]
客户端数：36	时间：0.0029926300048828125	客户端：[49, 44, 25, 57, 55, 60, 24, 52, 64, 43, 13, 5, 34, 3, 39, 59, 11, 41, 10, 40, 8, 23, 56, 18, 21, 30, 50, 4, 2, 12, 42, 36, 45, 32, 58, 37]
T3
客户端数：10	时间：7.63483452796936	客户端：[49, 44, 25, 57, 55, 60, 24, 52, 64, 43]
客户端数：20	时间：32.99427938461304	客户端：[49, 44, 25, 57, 55, 60, 24, 52, 64, 43, 13, 5, 34, 3, 39, 59, 11, 41, 10, 40]
客户端数：30	时间：74.69613432884216	客户端：[49, 44, 25, 57, 55, 60, 24, 52, 64, 43, 13, 5, 34, 3, 39, 59, 11, 41, 10, 40, 8, 23, 56, 18, 21, 30, 50, 4, 2, 12]
客户端数：36	时间：107.3374879360199	客户端：[49, 44, 25, 57, 55, 60, 24, 52, 64, 43, 13, 5, 34, 3, 39, 59, 11, 41, 10, 40, 8, 23, 56, 18, 21, 30, 50, 4, 2, 12, 42, 36, 45, 32, 58, 37]
BYTE
客户端数：0	字节数：0	客户端：[]
MAE：15800132.663301282
RMSE：22905621.135033756
finished iteration：2023-01-01 00:09:44.851388

Number of rounds 28
T1
客户端数：0	时间：0	客户端：[]
T2
客户端数：10	时间：0.0	客户端：[49, 34, 57, 40, 44, 52, 21, 64, 55, 13]
客户端数：20	时间：0.0	客户端：[49, 34, 57, 40, 44, 52, 21, 64, 55, 13, 5, 23, 60, 11, 36, 3, 41, 12, 10, 45]
客户端数：30	时间：0.0	客户端：[49, 34, 57, 40, 44, 52, 21, 64, 55, 13, 5, 23, 60, 11, 36, 3, 41, 12, 10, 45, 58, 18, 4, 8, 50, 30, 24, 25, 2, 32]
客户端数：36	时间：0.0	客户端：[49, 34, 57, 40, 44, 52, 21, 64, 55, 13, 5, 23, 60, 11, 36, 3, 41, 12, 10, 45, 58, 18, 4, 8, 50, 30, 24, 25, 2, 32, 43, 42, 37, 59, 56, 39]
T3
客户端数：10	时间：7.668358564376831	客户端：[49, 34, 57, 40, 44, 52, 21, 64, 55, 13]
客户端数：20	时间：32.25537657737732	客户端：[49, 34, 57, 40, 44, 52, 21, 64, 55, 13, 5, 23, 60, 11, 36, 3, 41, 12, 10, 45]
客户端数：30	时间：73.56652784347534	客户端：[49, 34, 57, 40, 44, 52, 21, 64, 55, 13, 5, 23, 60, 11, 36, 3, 41, 12, 10, 45, 58, 18, 4, 8, 50, 30, 24, 25, 2, 32]
客户端数：36	时间：106.37008380889893	客户端：[49, 34, 57, 40, 44, 52, 21, 64, 55, 13, 5, 23, 60, 11, 36, 3, 41, 12, 10, 45, 58, 18, 4, 8, 50, 30, 24, 25, 2, 32, 43, 42, 37, 59, 56, 39]
BYTE
客户端数：0	字节数：0	客户端：[]
MAE：9540680.663461538
RMSE：11720097.856298238
finished iteration：2023-01-01 00:10:07.221626

Number of rounds 29
T1
客户端数：0	时间：0	客户端：[]
T2
客户端数：10	时间：0.0	客户端：[44, 40, 25, 55, 43, 64, 21, 32, 23, 2]
客户端数：20	时间：0.0	客户端：[44, 40, 25, 55, 43, 64, 21, 32, 23, 2, 59, 37, 45, 41, 57, 50, 49, 5, 56, 58]
客户端数：30	时间：0.0	客户端：[44, 40, 25, 55, 43, 64, 21, 32, 23, 2, 59, 37, 45, 41, 57, 50, 49, 5, 56, 58, 18, 4, 30, 12, 10, 36, 42, 34, 8, 24]
客户端数：35	时间：0.0	客户端：[44, 40, 25, 55, 43, 64, 21, 32, 23, 2, 59, 37, 45, 41, 57, 50, 49, 5, 56, 58, 18, 4, 30, 12, 10, 36, 42, 34, 8, 24, 39, 3, 60, 52, 11]
T3
客户端数：10	时间：7.634537220001221	客户端：[44, 40, 25, 55, 43, 64, 21, 32, 23, 2]
客户端数：20	时间：31.96537470817566	客户端：[44, 40, 25, 55, 43, 64, 21, 32, 23, 2, 59, 37, 45, 41, 57, 50, 49, 5, 56, 58]
客户端数：30	时间：72.88471055030823	客户端：[44, 40, 25, 55, 43, 64, 21, 32, 23, 2, 59, 37, 45, 41, 57, 50, 49, 5, 56, 58, 18, 4, 30, 12, 10, 36, 42, 34, 8, 24]
客户端数：35	时间：99.68914604187012	客户端：[44, 40, 25, 55, 43, 64, 21, 32, 23, 2, 59, 37, 45, 41, 57, 50, 49, 5, 56, 58, 18, 4, 30, 12, 10, 36, 42, 34, 8, 24, 39, 3, 60, 52, 11]
BYTE
客户端数：0	字节数：0	客户端：[]
MAE：13686602.175240384
RMSE：19903639.565928925
finished iteration：2023-01-01 00:10:29.597924

Number of rounds 30
T1
客户端数：0	时间：0	客户端：[]
T2
客户端数：10	时间：0.0	客户端：[13, 44, 49, 25, 57, 52, 40, 34, 21, 23]
客户端数：20	时间：0.0	客户端：[13, 44, 49, 25, 57, 52, 40, 34, 21, 23, 64, 30, 5, 59, 50, 32, 36, 39, 3, 45]
客户端数：30	时间：0.0	客户端：[13, 44, 49, 25, 57, 52, 40, 34, 21, 23, 64, 30, 5, 59, 50, 32, 36, 39, 3, 45, 41, 12, 55, 11, 2, 37, 60, 4, 10, 42]
客户端数：35	时间：0.0	客户端：[13, 44, 49, 25, 57, 52, 40, 34, 21, 23, 64, 30, 5, 59, 50, 32, 36, 39, 3, 45, 41, 12, 55, 11, 2, 37, 60, 4, 10, 42, 58, 43, 56, 24, 8]
T3
客户端数：10	时间：12.180307865142822	客户端：[13, 44, 49, 25, 57, 52, 40, 34, 21, 23]
客户端数：20	时间：35.02272295951843	客户端：[13, 44, 49, 25, 57, 52, 40, 34, 21, 23, 64, 30, 5, 59, 50, 32, 36, 39, 3, 45]
客户端数：30	时间：74.15469312667847	客户端：[13, 44, 49, 25, 57, 52, 40, 34, 21, 23, 64, 30, 5, 59, 50, 32, 36, 39, 3, 45, 41, 12, 55, 11, 2, 37, 60, 4, 10, 42]
客户端数：35	时间：100.04185247421265	客户端：[13, 44, 49, 25, 57, 52, 40, 34, 21, 23, 64, 30, 5, 59, 50, 32, 36, 39, 3, 45, 41, 12, 55, 11, 2, 37, 60, 4, 10, 42, 58, 43, 56, 24, 8]
BYTE
客户端数：0	字节数：0	客户端：[]
MAE：18686550.99727564
RMSE：26132560.2786629
finished iteration：2023-01-01 00:10:52.153169

Number of rounds 31
T1
客户端数：0	时间：0	客户端：[]
T2
客户端数：10	时间：0.0	客户端：[18, 25, 50, 44, 40, 57, 55, 34, 49, 52]
客户端数：20	时间：0.0	客户端：[18, 25, 50, 44, 40, 57, 55, 34, 49, 52, 64, 30, 5, 60, 32, 45, 41, 8, 43, 10]
客户端数：30	时间：0.0	客户端：[18, 25, 50, 44, 40, 57, 55, 34, 49, 52, 64, 30, 5, 60, 32, 45, 41, 8, 43, 10, 56, 2, 42, 3, 59, 4, 36, 11, 23, 58]
客户端数：35	时间：0.0009644031524658203	客户端：[18, 25, 50, 44, 40, 57, 55, 34, 49, 52, 64, 30, 5, 60, 32, 45, 41, 8, 43, 10, 56, 2, 42, 3, 59, 4, 36, 11, 23, 58, 24, 39, 21, 37, 12]
T3
客户端数：10	时间：12.077628374099731	客户端：[18, 25, 50, 44, 40, 57, 55, 34, 49, 52]
客户端数：20	时间：34.887054681777954	客户端：[18, 25, 50, 44, 40, 57, 55, 34, 49, 52, 64, 30, 5, 60, 32, 45, 41, 8, 43, 10]
客户端数：30	时间：74.52341914176941	客户端：[18, 25, 50, 44, 40, 57, 55, 34, 49, 52, 64, 30, 5, 60, 32, 45, 41, 8, 43, 10, 56, 2, 42, 3, 59, 4, 36, 11, 23, 58]
客户端数：35	时间：100.86212491989136	客户端：[18, 25, 50, 44, 40, 57, 55, 34, 49, 52, 64, 30, 5, 60, 32, 45, 41, 8, 43, 10, 56, 2, 42, 3, 59, 4, 36, 11, 23, 58, 24, 39, 21, 37, 12]
BYTE
客户端数：0	字节数：0	客户端：[]
MAE：18837934.31363181
RMSE：29782457.153733805
finished iteration：2023-01-01 00:11:14.623777

Number of rounds 32
T1
客户端数：0	时间：0	客户端：[]
T2
客户端数：10	时间：0.000997304916381836	客户端：[44, 49, 40, 25, 57, 52, 23, 21, 2, 64]
客户端数：20	时间：0.000997304916381836	客户端：[44, 49, 40, 25, 57, 52, 23, 21, 2, 64, 45, 59, 3, 30, 50, 11, 10, 37, 41, 24]
客户端数：30	时间：0.000997304916381836	客户端：[44, 49, 40, 25, 57, 52, 23, 21, 2, 64, 45, 59, 3, 30, 50, 11, 10, 37, 41, 24, 34, 60, 58, 42, 43, 12, 36, 5, 56, 8]
客户端数：34	时间：0.000997304916381836	客户端：[44, 49, 40, 25, 57, 52, 23, 21, 2, 64, 45, 59, 3, 30, 50, 11, 10, 37, 41, 24, 34, 60, 58, 42, 43, 12, 36, 5, 56, 8, 39, 55, 32, 4]
T3
客户端数：10	时间：7.556918144226074	客户端：[44, 49, 40, 25, 57, 52, 23, 21, 2, 64]
客户端数：20	时间：31.576610326766968	客户端：[44, 49, 40, 25, 57, 52, 23, 21, 2, 64, 45, 59, 3, 30, 50, 11, 10, 37, 41, 24]
客户端数：30	时间：72.18495154380798	客户端：[44, 49, 40, 25, 57, 52, 23, 21, 2, 64, 45, 59, 3, 30, 50, 11, 10, 37, 41, 24, 34, 60, 58, 42, 43, 12, 36, 5, 56, 8]
客户端数：34	时间：93.49215030670166	客户端：[44, 49, 40, 25, 57, 52, 23, 21, 2, 64, 45, 59, 3, 30, 50, 11, 10, 37, 41, 24, 34, 60, 58, 42, 43, 12, 36, 5, 56, 8, 39, 55, 32, 4]
BYTE
客户端数：0	字节数：0	客户端：[]
MAE：20369939.481396485
RMSE：33781113.12656999
finished iteration：2023-01-01 00:11:37.840719

Number of rounds 33
T1
客户端数：0	时间：0	客户端：[]
T2
客户端数：10	时间：0.0	客户端：[49, 44, 34, 40, 25, 57, 60, 24, 55, 64]
客户端数：20	时间：0.0	客户端：[49, 44, 34, 40, 25, 57, 60, 24, 55, 64, 43, 30, 5, 2, 37, 39, 11, 41, 8, 56]
客户端数：30	时间：0.0	客户端：[49, 44, 34, 40, 25, 57, 60, 24, 55, 64, 43, 30, 5, 2, 37, 39, 11, 41, 8, 56, 10, 23, 32, 3, 36, 21, 59, 4, 42, 12]
客户端数：33	时间：0.0	客户端：[49, 44, 34, 40, 25, 57, 60, 24, 55, 64, 43, 30, 5, 2, 37, 39, 11, 41, 8, 56, 10, 23, 32, 3, 36, 21, 59, 4, 42, 12, 52, 58, 50]
T3
客户端数：10	时间：7.680411100387573	客户端：[49, 44, 34, 40, 25, 57, 60, 24, 55, 64]
客户端数：20	时间：31.759800672531128	客户端：[49, 44, 34, 40, 25, 57, 60, 24, 55, 64, 43, 30, 5, 2, 37, 39, 11, 41, 8, 56]
客户端数：30	时间：72.81249642372131	客户端：[49, 44, 34, 40, 25, 57, 60, 24, 55, 64, 43, 30, 5, 2, 37, 39, 11, 41, 8, 56, 10, 23, 32, 3, 36, 21, 59, 4, 42, 12]
客户端数：33	时间：88.5176727771759	客户端：[49, 44, 34, 40, 25, 57, 60, 24, 55, 64, 43, 30, 5, 2, 37, 39, 11, 41, 8, 56, 10, 23, 32, 3, 36, 21, 59, 4, 42, 12, 52, 58, 50]
BYTE
客户端数：0	字节数：0	客户端：[]
MAE：17505313.542958733
RMSE：30922046.68578287
finished iteration：2023-01-01 00:12:00.080755

Number of rounds 34
T1
客户端数：0	时间：0	客户端：[]
T2
客户端数：10	时间：0.0009975433349609375	客户端：[34, 49, 40, 57, 25, 55, 52, 64, 21, 2]
客户端数：20	时间：0.0009975433349609375	客户端：[34, 49, 40, 57, 25, 55, 52, 64, 21, 2, 23, 24, 30, 11, 12, 59, 36, 10, 56, 32]
客户端数：30	时间：0.0009975433349609375	客户端：[34, 49, 40, 57, 25, 55, 52, 64, 21, 2, 23, 24, 30, 11, 12, 59, 36, 10, 56, 32, 37, 4, 5, 41, 44, 58, 42, 60, 8, 50]
客户端数：34	时间：0.0009975433349609375	客户端：[34, 49, 40, 57, 25, 55, 52, 64, 21, 2, 23, 24, 30, 11, 12, 59, 36, 10, 56, 32, 37, 4, 5, 41, 44, 58, 42, 60, 8, 50, 3, 45, 43, 39]
T3
客户端数：10	时间：7.263834714889526	客户端：[34, 49, 40, 57, 25, 55, 52, 64, 21, 2]
客户端数：20	时间：30.763478755950928	客户端：[34, 49, 40, 57, 25, 55, 52, 64, 21, 2, 23, 24, 30, 11, 12, 59, 36, 10, 56, 32]
客户端数：30	时间：71.58781266212463	客户端：[34, 49, 40, 57, 25, 55, 52, 64, 21, 2, 23, 24, 30, 11, 12, 59, 36, 10, 56, 32, 37, 4, 5, 41, 44, 58, 42, 60, 8, 50]
客户端数：34	时间：108.75121068954468	客户端：[34, 49, 40, 57, 25, 55, 52, 64, 21, 2, 23, 24, 30, 11, 12, 59, 36, 10, 56, 32, 37, 4, 5, 41, 44, 58, 42, 60, 8, 50, 3, 45, 43, 39]
BYTE
客户端数：0	字节数：0	客户端：[]
MAE：20266112.010416668
RMSE：31707685.568272036
finished iteration：2023-01-01 00:12:22.431554

Number of rounds 35
T1
客户端数：0	时间：0	客户端：[]
T2
客户端数：10	时间：0.0	客户端：[49, 40, 50, 55, 52, 25, 44, 30, 5, 37]
客户端数：20	时间：0.0	客户端：[49, 40, 50, 55, 52, 25, 44, 30, 5, 37, 2, 10, 41, 3, 23, 56, 59, 58, 8, 42]
客户端数：30	时间：0.0009975433349609375	客户端：[49, 40, 50, 55, 52, 25, 44, 30, 5, 37, 2, 10, 41, 3, 23, 56, 59, 58, 8, 42, 36, 11, 24, 60, 43, 34, 21, 4, 64, 32]
客户端数：33	时间：0.0009975433349609375	客户端：[49, 40, 50, 55, 52, 25, 44, 30, 5, 37, 2, 10, 41, 3, 23, 56, 59, 58, 8, 42, 36, 11, 24, 60, 43, 34, 21, 4, 64, 32, 12, 57, 39]
T3
客户端数：10	时间：8.06426191329956	客户端：[49, 40, 50, 55, 52, 25, 44, 30, 5, 37]
客户端数：20	时间：33.131083250045776	客户端：[49, 40, 50, 55, 52, 25, 44, 30, 5, 37, 2, 10, 41, 3, 23, 56, 59, 58, 8, 42]
客户端数：30	时间：74.63168454170227	客户端：[49, 40, 50, 55, 52, 25, 44, 30, 5, 37, 2, 10, 41, 3, 23, 56, 59, 58, 8, 42, 36, 11, 24, 60, 43, 34, 21, 4, 64, 32]
客户端数：33	时间：90.29972815513611	客户端：[49, 40, 50, 55, 52, 25, 44, 30, 5, 37, 2, 10, 41, 3, 23, 56, 59, 58, 8, 42, 36, 11, 24, 60, 43, 34, 21, 4, 64, 32, 12, 57, 39]
BYTE
客户端数：0	字节数：0	客户端：[]
MAE：14931574.433653846
RMSE：24672332.468627807
finished iteration：2023-01-01 00:12:44.691410

Number of rounds 36
T1
客户端数：0	时间：0	客户端：[]
T2
客户端数：10	时间：0.0	客户端：[49, 40, 44, 34, 57, 55, 60, 52, 64, 2]
客户端数：20	时间：0.0	客户端：[49, 40, 44, 34, 57, 55, 60, 52, 64, 2, 23, 24, 5, 21, 59, 37, 11, 32, 10, 41]
客户端数：30	时间：0.0	客户端：[49, 40, 44, 34, 57, 55, 60, 52, 64, 2, 23, 24, 5, 21, 59, 37, 11, 32, 10, 41, 12, 4, 25, 56, 42, 43, 3, 30, 8, 50]
客户端数：33	时间：0.0	客户端：[49, 40, 44, 34, 57, 55, 60, 52, 64, 2, 23, 24, 5, 21, 59, 37, 11, 32, 10, 41, 12, 4, 25, 56, 42, 43, 3, 30, 8, 50, 58, 39, 36]
T3
客户端数：10	时间：7.617475271224976	客户端：[49, 40, 44, 34, 57, 55, 60, 52, 64, 2]
客户端数：20	时间：31.343902587890625	客户端：[49, 40, 44, 34, 57, 55, 60, 52, 64, 2, 23, 24, 5, 21, 59, 37, 11, 32, 10, 41]
客户端数：30	时间：71.76838111877441	客户端：[49, 40, 44, 34, 57, 55, 60, 52, 64, 2, 23, 24, 5, 21, 59, 37, 11, 32, 10, 41, 12, 4, 25, 56, 42, 43, 3, 30, 8, 50]
客户端数：33	时间：87.16257619857788	客户端：[49, 40, 44, 34, 57, 55, 60, 52, 64, 2, 23, 24, 5, 21, 59, 37, 11, 32, 10, 41, 12, 4, 25, 56, 42, 43, 3, 30, 8, 50, 58, 39, 36]
BYTE
客户端数：0	字节数：0	客户端：[]
MAE：19623874.629246794
RMSE：30531752.106722184
finished iteration：2023-01-01 00:13:07.052459

Number of rounds 37
T1
客户端数：0	时间：0	客户端：[]
T2
客户端数：10	时间：0.0	客户端：[44, 49, 25, 40, 50, 34, 55, 43, 24, 64]
客户端数：20	时间：0.0009970664978027344	客户端：[44, 49, 25, 40, 50, 34, 55, 43, 24, 64, 60, 23, 5, 52, 59, 21, 37, 3, 12, 36]
客户端数：30	时间：0.0009970664978027344	客户端：[44, 49, 25, 40, 50, 34, 55, 43, 24, 64, 60, 23, 5, 52, 59, 21, 37, 3, 12, 36, 41, 42, 56, 8, 30, 58, 4, 11, 39, 10]
客户端数：32	时间：0.0009970664978027344	客户端：[44, 49, 25, 40, 50, 34, 55, 43, 24, 64, 60, 23, 5, 52, 59, 21, 37, 3, 12, 36, 41, 42, 56, 8, 30, 58, 4, 11, 39, 10, 2, 57]
T3
客户端数：10	时间：7.57382607460022	客户端：[44, 49, 25, 40, 50, 34, 55, 43, 24, 64]
客户端数：20	时间：32.043710231781006	客户端：[44, 49, 25, 40, 50, 34, 55, 43, 24, 64, 60, 23, 5, 52, 59, 21, 37, 3, 12, 36]
客户端数：30	时间：73.54300832748413	客户端：[44, 49, 25, 40, 50, 34, 55, 43, 24, 64, 60, 23, 5, 52, 59, 21, 37, 3, 12, 36, 41, 42, 56, 8, 30, 58, 4, 11, 39, 10]
客户端数：32	时间：83.79432678222656	客户端：[44, 49, 25, 40, 50, 34, 55, 43, 24, 64, 60, 23, 5, 52, 59, 21, 37, 3, 12, 36, 41, 42, 56, 8, 30, 58, 4, 11, 39, 10, 2, 57]
BYTE
客户端数：0	字节数：0	客户端：[]
MAE：27938813.384615384
RMSE：30102385.61469737
finished iteration：2023-01-01 00:13:29.513519

Number of rounds 38
T1
客户端数：0	时间：0	客户端：[]
T2
客户端数：10	时间：0.0	客户端：[32, 44, 34, 50, 49, 57, 60, 24, 23, 2]
客户端数：20	时间：0.0	客户端：[32, 44, 34, 50, 49, 57, 60, 24, 23, 2, 43, 30, 55, 59, 39, 11, 36, 10, 41, 42]
客户端数：30	时间：0.0	客户端：[32, 44, 34, 50, 49, 57, 60, 24, 23, 2, 43, 30, 55, 59, 39, 11, 36, 10, 41, 42, 8, 56, 37, 58, 64, 21, 40, 4, 5, 12]
客户端数：32	时间：0.0	客户端：[32, 44, 34, 50, 49, 57, 60, 24, 23, 2, 43, 30, 55, 59, 39, 11, 36, 10, 41, 42, 8, 56, 37, 58, 64, 21, 40, 4, 5, 12, 3, 25]
T3
客户端数：10	时间：14.811954021453857	客户端：[32, 44, 34, 50, 49, 57, 60, 24, 23, 2]
客户端数：20	时间：37.1008563041687	客户端：[32, 44, 34, 50, 49, 57, 60, 24, 23, 2, 43, 30, 55, 59, 39, 11, 36, 10, 41, 42]
客户端数：30	时间：75.52992677688599	客户端：[32, 44, 34, 50, 49, 57, 60, 24, 23, 2, 43, 30, 55, 59, 39, 11, 36, 10, 41, 42, 8, 56, 37, 58, 64, 21, 40, 4, 5, 12]
客户端数：32	时间：85.1712715625763	客户端：[32, 44, 34, 50, 49, 57, 60, 24, 23, 2, 43, 30, 55, 59, 39, 11, 36, 10, 41, 42, 8, 56, 37, 58, 64, 21, 40, 4, 5, 12, 3, 25]
BYTE
客户端数：0	字节数：0	客户端：[]
MAE：23728536.470512822
RMSE：27594716.10496902
finished iteration：2023-01-01 00:13:52.115652

Number of rounds 39
T1
客户端数：0	时间：0	客户端：[]
T2
客户端数：10	时间：0.0009970664978027344	客户端：[49, 40, 34, 55, 50, 21, 60, 43, 36, 41]
客户端数：20	时间：0.0009970664978027344	客户端：[49, 40, 34, 55, 50, 21, 60, 43, 36, 41, 39, 64, 2, 59, 4, 12, 25, 3, 11, 8]
客户端数：30	时间：0.0009970664978027344	客户端：[49, 40, 34, 55, 50, 21, 60, 43, 36, 41, 39, 64, 2, 59, 4, 12, 25, 3, 11, 8, 23, 56, 5, 44, 58, 37, 24, 10, 30, 57]
客户端数：31	时间：0.0009970664978027344	客户端：[49, 40, 34, 55, 50, 21, 60, 43, 36, 41, 39, 64, 2, 59, 4, 12, 25, 3, 11, 8, 23, 56, 5, 44, 58, 37, 24, 10, 30, 57, 42]
T3
客户端数：10	时间：7.460281848907471	客户端：[49, 40, 34, 55, 50, 21, 60, 43, 36, 41]
客户端数：20	时间：31.26315450668335	客户端：[49, 40, 34, 55, 50, 21, 60, 43, 36, 41, 39, 64, 2, 59, 4, 12, 25, 3, 11, 8]
客户端数：30	时间：72.26552867889404	客户端：[49, 40, 34, 55, 50, 21, 60, 43, 36, 41, 39, 64, 2, 59, 4, 12, 25, 3, 11, 8, 23, 56, 5, 44, 58, 37, 24, 10, 30, 57]
客户端数：31	时间：77.46792411804199	客户端：[49, 40, 34, 55, 50, 21, 60, 43, 36, 41, 39, 64, 2, 59, 4, 12, 25, 3, 11, 8, 23, 56, 5, 44, 58, 37, 24, 10, 30, 57, 42]
BYTE
客户端数：0	字节数：0	客户端：[]
MAE：29263626.52307692
RMSE：31599315.336464483
finished iteration：2023-01-01 00:14:14.552613

Number of rounds 40
T1
客户端数：0	时间：0	客户端：[]
T2
客户端数：10	时间：0.0	客户端：[49, 50, 34, 55, 57, 24, 60, 21, 30, 43]
客户端数：20	时间：0.0	客户端：[49, 50, 34, 55, 57, 24, 60, 21, 30, 43, 2, 59, 64, 36, 39, 10, 42, 12, 56, 5]
客户端数：30	时间：0.0	客户端：[49, 50, 34, 55, 57, 24, 60, 21, 30, 43, 2, 59, 64, 36, 39, 10, 42, 12, 56, 5, 8, 44, 11, 25, 58, 40, 41, 23, 4, 3]
客户端数：31	时间：0.0	客户端：[49, 50, 34, 55, 57, 24, 60, 21, 30, 43, 2, 59, 64, 36, 39, 10, 42, 12, 56, 5, 8, 44, 11, 25, 58, 40, 41, 23, 4, 3, 37]
T3
客户端数：10	时间：7.549087762832642	客户端：[49, 50, 34, 55, 57, 24, 60, 21, 30, 43]
客户端数：20	时间：31.47601342201233	客户端：[49, 50, 34, 55, 57, 24, 60, 21, 30, 43, 2, 59, 64, 36, 39, 10, 42, 12, 56, 5]
客户端数：30	时间：71.58192706108093	客户端：[49, 50, 34, 55, 57, 24, 60, 21, 30, 43, 2, 59, 64, 36, 39, 10, 42, 12, 56, 5, 8, 44, 11, 25, 58, 40, 41, 23, 4, 3]
客户端数：31	时间：76.51182293891907	客户端：[49, 50, 34, 55, 57, 24, 60, 21, 30, 43, 2, 59, 64, 36, 39, 10, 42, 12, 56, 5, 8, 44, 11, 25, 58, 40, 41, 23, 4, 3, 37]
BYTE
客户端数：0	字节数：0	客户端：[]
MAE：27044611.861538462
RMSE：28865880.708886694
finished iteration：2023-01-01 00:14:36.834071

Number of rounds 41
T1
客户端数：0	时间：0	客户端：[]
T2
客户端数：10	时间：0.0009965896606445312	客户端：[44, 49, 40, 50, 57, 34, 55, 60, 23, 2]
客户端数：20	时间：0.0019941329956054688	客户端：[44, 49, 40, 50, 57, 34, 55, 60, 23, 2, 36, 59, 3, 41, 5, 39, 25, 56, 4, 10]
客户端数：30	时间：0.0019941329956054688	客户端：[44, 49, 40, 50, 57, 34, 55, 60, 23, 2, 36, 59, 3, 41, 5, 39, 25, 56, 4, 10, 24, 37, 43, 12, 64, 21, 42, 11, 30, 8]
客户端数：31	时间：0.002991914749145508	客户端：[44, 49, 40, 50, 57, 34, 55, 60, 23, 2, 36, 59, 3, 41, 5, 39, 25, 56, 4, 10, 24, 37, 43, 12, 64, 21, 42, 11, 30, 8, 58]
T3
客户端数：10	时间：8.115039587020874	客户端：[44, 49, 40, 50, 57, 34, 55, 60, 23, 2]
客户端数：20	时间：32.89228105545044	客户端：[44, 49, 40, 50, 57, 34, 55, 60, 23, 2, 36, 59, 3, 41, 5, 39, 25, 56, 4, 10]
客户端数：30	时间：74.29276657104492	客户端：[44, 49, 40, 50, 57, 34, 55, 60, 23, 2, 36, 59, 3, 41, 5, 39, 25, 56, 4, 10, 24, 37, 43, 12, 64, 21, 42, 11, 30, 8]
客户端数：31	时间：79.30252814292908	客户端：[44, 49, 40, 50, 57, 34, 55, 60, 23, 2, 36, 59, 3, 41, 5, 39, 25, 56, 4, 10, 24, 37, 43, 12, 64, 21, 42, 11, 30, 8, 58]
BYTE
客户端数：0	字节数：0	客户端：[]
MAE：23121207.222355768
RMSE：29372229.63596742
finished iteration：2023-01-01 00:14:59.286381

Number of rounds 42
T1
客户端数：0	时间：0	客户端：[]
T2
客户端数：10	时间：0.0009982585906982422	客户端：[49, 40, 57, 60, 24, 55, 64, 5, 21, 25]
客户端数：20	时间：0.0019960403442382812	客户端：[49, 40, 57, 60, 24, 55, 64, 5, 21, 25, 30, 2, 43, 23, 36, 10, 39, 37, 8, 42]
客户端数：30	时间：0.0029935836791992188	客户端：[49, 40, 57, 60, 24, 55, 64, 5, 21, 25, 30, 2, 43, 23, 36, 10, 39, 37, 8, 42, 41, 4, 12, 44, 59, 3, 50, 11, 34, 58]
客户端数：31	时间：0.0029935836791992188	客户端：[49, 40, 57, 60, 24, 55, 64, 5, 21, 25, 30, 2, 43, 23, 36, 10, 39, 37, 8, 42, 41, 4, 12, 44, 59, 3, 50, 11, 34, 58, 56]
T3
客户端数：10	时间：7.567239284515381	客户端：[49, 40, 57, 60, 24, 55, 64, 5, 21, 25]
客户端数：20	时间：31.88768243789673	客户端：[49, 40, 57, 60, 24, 55, 64, 5, 21, 25, 30, 2, 43, 23, 36, 10, 39, 37, 8, 42]
客户端数：30	时间：73.40701603889465	客户端：[49, 40, 57, 60, 24, 55, 64, 5, 21, 25, 30, 2, 43, 23, 36, 10, 39, 37, 8, 42, 41, 4, 12, 44, 59, 3, 50, 11, 34, 58]
客户端数：31	时间：78.64660406112671	客户端：[49, 40, 57, 60, 24, 55, 64, 5, 21, 25, 30, 2, 43, 23, 36, 10, 39, 37, 8, 42, 41, 4, 12, 44, 59, 3, 50, 11, 34, 58, 56]
BYTE
客户端数：0	字节数：0	客户端：[]
MAE：14203287.495592948
RMSE：21683856.14369419
finished iteration：2023-01-01 00:15:21.828009

Number of rounds 43
T1
客户端数：0	时间：0	客户端：[]
T2
客户端数：10	时间：0.0	客户端：[25, 57, 60, 43, 64, 23, 2, 5, 55, 21]
客户端数：20	时间：0.001995563507080078	客户端：[25, 57, 60, 43, 64, 23, 2, 5, 55, 21, 41, 10, 49, 58, 37, 42, 24, 11, 12, 8]
客户端数：30	时间：0.001995563507080078	客户端：[25, 57, 60, 43, 64, 23, 2, 5, 55, 21, 41, 10, 49, 58, 37, 42, 24, 11, 12, 8, 36, 56, 3, 39, 30, 44, 40, 34, 59, 4]
T3
客户端数：10	时间：7.360271215438843	客户端：[25, 57, 60, 43, 64, 23, 2, 5, 55, 21]
客户端数：20	时间：30.967009782791138	客户端：[25, 57, 60, 43, 64, 23, 2, 5, 55, 21, 41, 10, 49, 58, 37, 42, 24, 11, 12, 8]
客户端数：30	时间：71.51717615127563	客户端：[25, 57, 60, 43, 64, 23, 2, 5, 55, 21, 41, 10, 49, 58, 37, 42, 24, 11, 12, 8, 36, 56, 3, 39, 30, 44, 40, 34, 59, 4]
BYTE
客户端数：0	字节数：0	客户端：[]
MAE：14920445.031891026
RMSE：19968023.80003448
finished iteration：2023-01-01 00:15:44.423006

Number of rounds 44
T1
客户端数：0	时间：0	客户端：[]
T2
客户端数：10	时间：0.0	客户端：[44, 25, 49, 40, 34, 60, 55, 64, 23, 21]
客户端数：20	时间：0.0	客户端：[44, 25, 49, 40, 34, 60, 55, 64, 23, 21, 5, 24, 2, 3, 30, 12, 56, 43, 39, 58]
客户端数：28	时间：0.0	客户端：[44, 25, 49, 40, 34, 60, 55, 64, 23, 21, 5, 24, 2, 3, 30, 12, 56, 43, 39, 58, 10, 42, 57, 4, 41, 36, 37, 11]
T3
客户端数：10	时间：7.947553396224976	客户端：[44, 25, 49, 40, 34, 60, 55, 64, 23, 21]
客户端数：20	时间：33.04802346229553	客户端：[44, 25, 49, 40, 34, 60, 55, 64, 23, 21, 5, 24, 2, 3, 30, 12, 56, 43, 39, 58]
客户端数：28	时间：65.11243271827698	客户端：[44, 25, 49, 40, 34, 60, 55, 64, 23, 21, 5, 24, 2, 3, 30, 12, 56, 43, 39, 58, 10, 42, 57, 4, 41, 36, 37, 11]
BYTE
客户端数：0	字节数：0	客户端：[]
MAE：16338391.669230768
RMSE：20653117.645068493
finished iteration：2023-01-01 00:16:06.809350

Number of rounds 45
T1
客户端数：0	时间：0	客户端：[]
T2
客户端数：10	时间：0.0	客户端：[34, 40, 60, 57, 23, 43, 30, 2, 5, 21]
客户端数：20	时间：0.0	客户端：[34, 40, 60, 57, 23, 43, 30, 2, 5, 21, 37, 24, 25, 64, 3, 44, 12, 42, 11, 4]
客户端数：28	时间：0.0	客户端：[34, 40, 60, 57, 23, 43, 30, 2, 5, 21, 37, 24, 25, 64, 3, 44, 12, 42, 11, 4, 58, 49, 36, 55, 10, 41, 56, 59]
T3
客户端数：10	时间：7.668469190597534	客户端：[34, 40, 60, 57, 23, 43, 30, 2, 5, 21]
客户端数：20	时间：32.56776404380798	客户端：[34, 40, 60, 57, 23, 43, 30, 2, 5, 21, 37, 24, 25, 64, 3, 44, 12, 42, 11, 4]
客户端数：28	时间：79.07473826408386	客户端：[34, 40, 60, 57, 23, 43, 30, 2, 5, 21, 37, 24, 25, 64, 3, 44, 12, 42, 11, 4, 58, 49, 36, 55, 10, 41, 56, 59]
BYTE
客户端数：0	字节数：0	客户端：[]
MAE：18046654.982652243
RMSE：23039975.936307855
finished iteration：2023-01-01 00:16:29.205566

