Number of rounds 1
T1
客户端数：10	时间：0.007979631423950195	客户端：[33, 51, 39, 26, 47, 48, 15, 62, 28, 14]
客户端数：20	时间：0.010970830917358398	客户端：[33, 51, 39, 26, 47, 48, 15, 62, 28, 14, 6, 55, 12, 44, 21, 56, 58, 57, 30, 34]
客户端数：30	时间：0.01396322250366211	客户端：[33, 51, 39, 26, 47, 48, 15, 62, 28, 14, 6, 55, 12, 44, 21, 56, 58, 57, 30, 34, 25, 60, 53, 36, 9, 59, 16, 41, 46, 61]
客户端数：40	时间：0.01695561408996582	客户端：[33, 51, 39, 26, 47, 48, 15, 62, 28, 14, 6, 55, 12, 44, 21, 56, 58, 57, 30, 34, 25, 60, 53, 36, 9, 59, 16, 41, 46, 61, 3, 17, 4, 49, 18, 10, 2, 27, 37, 31]
客户端数：50	时间：0.02094435691833496	客户端：[33, 51, 39, 26, 47, 48, 15, 62, 28, 14, 6, 55, 12, 44, 21, 56, 58, 57, 30, 34, 25, 60, 53, 36, 9, 59, 16, 41, 46, 61, 3, 17, 4, 49, 18, 10, 2, 27, 37, 31, 1, 45, 32, 63, 23, 22, 54, 38, 5, 19]
客户端数：60	时间：0.022939205169677734	客户端：[33, 51, 39, 26, 47, 48, 15, 62, 28, 14, 6, 55, 12, 44, 21, 56, 58, 57, 30, 34, 25, 60, 53, 36, 9, 59, 16, 41, 46, 61, 3, 17, 4, 49, 18, 10, 2, 27, 37, 31, 1, 45, 32, 63, 23, 22, 54, 38, 5, 19, 20, 13, 8, 35, 11, 64, 43, 24, 29, 40]
客户端数：63	时间：0.023936986923217773	客户端：[33, 51, 39, 26, 47, 48, 15, 62, 28, 14, 6, 55, 12, 44, 21, 56, 58, 57, 30, 34, 25, 60, 53, 36, 9, 59, 16, 41, 46, 61, 3, 17, 4, 49, 18, 10, 2, 27, 37, 31, 1, 45, 32, 63, 23, 22, 54, 38, 5, 19, 20, 13, 8, 35, 11, 64, 43, 24, 29, 40, 50, 42, 52]
T2
客户端数：10	时间：0.005019664764404297	客户端：[5, 24, 40, 8, 43, 28, 22, 44, 45, 57]
客户端数：20	时间：0.008011817932128906	客户端：[5, 24, 40, 8, 43, 28, 22, 44, 45, 57, 33, 19, 42, 17, 11, 20, 2, 58, 31, 54]
客户端数：30	时间：0.01000666618347168	客户端：[5, 24, 40, 8, 43, 28, 22, 44, 45, 57, 33, 19, 42, 17, 11, 20, 2, 58, 31, 54, 27, 16, 38, 46, 29, 30, 61, 39, 56, 64]
客户端数：40	时间：0.013001441955566406	客户端：[5, 24, 40, 8, 43, 28, 22, 44, 45, 57, 33, 19, 42, 17, 11, 20, 2, 58, 31, 54, 27, 16, 38, 46, 29, 30, 61, 39, 56, 64, 21, 62, 1, 23, 10, 59, 14, 6, 26, 18]
客户端数：50	时间：0.016963481903076172	客户端：[5, 24, 40, 8, 43, 28, 22, 44, 45, 57, 33, 19, 42, 17, 11, 20, 2, 58, 31, 54, 27, 16, 38, 46, 29, 30, 61, 39, 56, 64, 21, 62, 1, 23, 10, 59, 14, 6, 26, 18, 32, 51, 55, 41, 35, 25, 13, 34, 9, 48]
客户端数：60	时间：0.019955873489379883	客户端：[5, 24, 40, 8, 43, 28, 22, 44, 45, 57, 33, 19, 42, 17, 11, 20, 2, 58, 31, 54, 27, 16, 38, 46, 29, 30, 61, 39, 56, 64, 21, 62, 1, 23, 10, 59, 14, 6, 26, 18, 32, 51, 55, 41, 35, 25, 13, 34, 9, 48, 63, 4, 47, 15, 36, 52, 37, 53, 49, 50]
客户端数：62	时间：0.019955873489379883	客户端：[5, 24, 40, 8, 43, 28, 22, 44, 45, 57, 33, 19, 42, 17, 11, 20, 2, 58, 31, 54, 27, 16, 38, 46, 29, 30, 61, 39, 56, 64, 21, 62, 1, 23, 10, 59, 14, 6, 26, 18, 32, 51, 55, 41, 35, 25, 13, 34, 9, 48, 63, 4, 47, 15, 36, 52, 37, 53, 49, 50, 12, 3]
T3
客户端数：10	时间：17.381165504455566	客户端：[5, 24, 40, 8, 43, 28, 22, 44, 45, 57]
客户端数：20	时间：64.17207908630371	客户端：[5, 24, 40, 8, 43, 28, 22, 44, 45, 57, 33, 19, 42, 17, 11, 20, 2, 58, 31, 54]
客户端数：30	时间：137.6781725883484	客户端：[5, 24, 40, 8, 43, 28, 22, 44, 45, 57, 33, 19, 42, 17, 11, 20, 2, 58, 31, 54, 27, 16, 38, 46, 29, 30, 61, 39, 56, 64]
客户端数：40	时间：238.59550380706787	客户端：[5, 24, 40, 8, 43, 28, 22, 44, 45, 57, 33, 19, 42, 17, 11, 20, 2, 58, 31, 54, 27, 16, 38, 46, 29, 30, 61, 39, 56, 64, 21, 62, 1, 23, 10, 59, 14, 6, 26, 18]
客户端数：50	时间：366.1903371810913	客户端：[5, 24, 40, 8, 43, 28, 22, 44, 45, 57, 33, 19, 42, 17, 11, 20, 2, 58, 31, 54, 27, 16, 38, 46, 29, 30, 61, 39, 56, 64, 21, 62, 1, 23, 10, 59, 14, 6, 26, 18, 32, 51, 55, 41, 35, 25, 13, 34, 9, 48]
客户端数：60	时间：521.426037311554	客户端：[5, 24, 40, 8, 43, 28, 22, 44, 45, 57, 33, 19, 42, 17, 11, 20, 2, 58, 31, 54, 27, 16, 38, 46, 29, 30, 61, 39, 56, 64, 21, 62, 1, 23, 10, 59, 14, 6, 26, 18, 32, 51, 55, 41, 35, 25, 13, 34, 9, 48, 63, 4, 47, 15, 36, 52, 37, 53, 49, 50]
客户端数：62	时间：555.7288928031921	客户端：[5, 24, 40, 8, 43, 28, 22, 44, 45, 57, 33, 19, 42, 17, 11, 20, 2, 58, 31, 54, 27, 16, 38, 46, 29, 30, 61, 39, 56, 64, 21, 62, 1, 23, 10, 59, 14, 6, 26, 18, 32, 51, 55, 41, 35, 25, 13, 34, 9, 48, 63, 4, 47, 15, 36, 52, 37, 53, 49, 50, 12, 3]
BYTE
客户端数：10	字节数：3200000	客户端：[33, 51, 39, 26, 47, 48, 15, 62, 28, 14]
客户端数：20	字节数：6400000	客户端：[33, 51, 39, 26, 47, 48, 15, 62, 28, 14, 6, 55, 12, 44, 21, 56, 58, 57, 30, 34]
客户端数：30	字节数：9600000	客户端：[33, 51, 39, 26, 47, 48, 15, 62, 28, 14, 6, 55, 12, 44, 21, 56, 58, 57, 30, 34, 25, 60, 53, 36, 9, 59, 16, 41, 46, 61]
客户端数：40	字节数：12800000	客户端：[33, 51, 39, 26, 47, 48, 15, 62, 28, 14, 6, 55, 12, 44, 21, 56, 58, 57, 30, 34, 25, 60, 53, 36, 9, 59, 16, 41, 46, 61, 3, 17, 4, 49, 18, 10, 2, 27, 37, 31]
客户端数：50	字节数：16000000	客户端：[33, 51, 39, 26, 47, 48, 15, 62, 28, 14, 6, 55, 12, 44, 21, 56, 58, 57, 30, 34, 25, 60, 53, 36, 9, 59, 16, 41, 46, 61, 3, 17, 4, 49, 18, 10, 2, 27, 37, 31, 1, 45, 32, 63, 23, 22, 54, 38, 5, 19]
客户端数：60	字节数：19200000	客户端：[33, 51, 39, 26, 47, 48, 15, 62, 28, 14, 6, 55, 12, 44, 21, 56, 58, 57, 30, 34, 25, 60, 53, 36, 9, 59, 16, 41, 46, 61, 3, 17, 4, 49, 18, 10, 2, 27, 37, 31, 1, 45, 32, 63, 23, 22, 54, 38, 5, 19, 20, 13, 8, 35, 11, 64, 43, 24, 29, 40]
客户端数：63	字节数：20160000	客户端：[33, 51, 39, 26, 47, 48, 15, 62, 28, 14, 6, 55, 12, 44, 21, 56, 58, 57, 30, 34, 25, 60, 53, 36, 9, 59, 16, 41, 46, 61, 3, 17, 4, 49, 18, 10, 2, 27, 37, 31, 1, 45, 32, 63, 23, 22, 54, 38, 5, 19, 20, 13, 8, 35, 11, 64, 43, 24, 29, 40, 50, 42, 52]
PRO_LEN：320000
score：0.5443809523809524
loss rate：0.4556190476190476
finished iteration：2023-01-01 00:00:20.490900

Number of rounds 2
T1
客户端数：10	时间：0.0019941329956054688	客户端：[24, 33, 44, 5, 38, 14, 26, 56, 11, 2]
客户端数：20	时间：0.004987239837646484	客户端：[24, 33, 44, 5, 38, 14, 26, 56, 11, 2, 45, 42, 51, 57, 47, 39, 23, 30, 55, 25]
客户端数：30	时间：0.007981300354003906	客户端：[24, 33, 44, 5, 38, 14, 26, 56, 11, 2, 45, 42, 51, 57, 47, 39, 23, 30, 55, 25, 41, 46, 21, 43, 35, 15, 1, 29, 18, 10]
客户端数：40	时间：0.010971546173095703	客户端：[24, 33, 44, 5, 38, 14, 26, 56, 11, 2, 45, 42, 51, 57, 47, 39, 23, 30, 55, 25, 41, 46, 21, 43, 35, 15, 1, 29, 18, 10, 8, 62, 34, 6, 59, 61, 31, 54, 22, 63]
客户端数：50	时间：0.01196908950805664	客户端：[24, 33, 44, 5, 38, 14, 26, 56, 11, 2, 45, 42, 51, 57, 47, 39, 23, 30, 55, 25, 41, 46, 21, 43, 35, 15, 1, 29, 18, 10, 8, 62, 34, 6, 59, 61, 31, 54, 22, 63, 37, 4, 16, 64, 19, 27, 53, 17, 20, 40]
客户端数：60	时间：0.014960765838623047	客户端：[24, 33, 44, 5, 38, 14, 26, 56, 11, 2, 45, 42, 51, 57, 47, 39, 23, 30, 55, 25, 41, 46, 21, 43, 35, 15, 1, 29, 18, 10, 8, 62, 34, 6, 59, 61, 31, 54, 22, 63, 37, 4, 16, 64, 19, 27, 53, 17, 20, 40, 13, 49, 58, 32, 48, 9, 36, 52, 50, 28]
客户端数：62	时间：0.014960765838623047	客户端：[24, 33, 44, 5, 38, 14, 26, 56, 11, 2, 45, 42, 51, 57, 47, 39, 23, 30, 55, 25, 41, 46, 21, 43, 35, 15, 1, 29, 18, 10, 8, 62, 34, 6, 59, 61, 31, 54, 22, 63, 37, 4, 16, 64, 19, 27, 53, 17, 20, 40, 13, 49, 58, 32, 48, 9, 36, 52, 50, 28, 12, 3]
T2
客户端数：10	时间：0.002992391586303711	客户端：[12, 5, 43, 33, 40, 45, 24, 28, 54, 42]
客户端数：20	时间：0.004987239837646484	客户端：[12, 5, 43, 33, 40, 45, 24, 28, 54, 42, 56, 19, 16, 11, 27, 8, 38, 58, 23, 46]
客户端数：30	时间：0.006981372833251953	客户端：[12, 5, 43, 33, 40, 45, 24, 28, 54, 42, 56, 19, 16, 11, 27, 8, 38, 58, 23, 46, 63, 49, 30, 36, 37, 20, 32, 57, 59, 6]
客户端数：40	时间：0.007978439331054688	客户端：[12, 5, 43, 33, 40, 45, 24, 28, 54, 42, 56, 19, 16, 11, 27, 8, 38, 58, 23, 46, 63, 49, 30, 36, 37, 20, 32, 57, 59, 6, 64, 61, 18, 34, 21, 47, 51, 15, 48, 14]
客户端数：50	时间：0.00997304916381836	客户端：[12, 5, 43, 33, 40, 45, 24, 28, 54, 42, 56, 19, 16, 11, 27, 8, 38, 58, 23, 46, 63, 49, 30, 36, 37, 20, 32, 57, 59, 6, 64, 61, 18, 34, 21, 47, 51, 15, 48, 14, 26, 35, 3, 53, 41, 22, 4, 39, 1, 31]
客户端数：60	时间：0.010970115661621094	客户端：[12, 5, 43, 33, 40, 45, 24, 28, 54, 42, 56, 19, 16, 11, 27, 8, 38, 58, 23, 46, 63, 49, 30, 36, 37, 20, 32, 57, 59, 6, 64, 61, 18, 34, 21, 47, 51, 15, 48, 14, 26, 35, 3, 53, 41, 22, 4, 39, 1, 31, 52, 60, 50, 44, 25, 29, 2, 10, 62, 9]
客户端数：63	时间：0.01196742057800293	客户端：[12, 5, 43, 33, 40, 45, 24, 28, 54, 42, 56, 19, 16, 11, 27, 8, 38, 58, 23, 46, 63, 49, 30, 36, 37, 20, 32, 57, 59, 6, 64, 61, 18, 34, 21, 47, 51, 15, 48, 14, 26, 35, 3, 53, 41, 22, 4, 39, 1, 31, 52, 60, 50, 44, 25, 29, 2, 10, 62, 9, 55, 17, 13]
T3
客户端数：10	时间：1.2576329708099365	客户端：[12, 5, 43, 33, 40, 45, 24, 28, 54, 42]
客户端数：20	时间：2.535219430923462	客户端：[12, 5, 43, 33, 40, 45, 24, 28, 54, 42, 56, 19, 16, 11, 27, 8, 38, 58, 23, 46]
客户端数：30	时间：3.832749843597412	客户端：[12, 5, 43, 33, 40, 45, 24, 28, 54, 42, 56, 19, 16, 11, 27, 8, 38, 58, 23, 46, 63, 49, 30, 36, 37, 20, 32, 57, 59, 6]
客户端数：40	时间：5.148226261138916	客户端：[12, 5, 43, 33, 40, 45, 24, 28, 54, 42, 56, 19, 16, 11, 27, 8, 38, 58, 23, 46, 63, 49, 30, 36, 37, 20, 32, 57, 59, 6, 64, 61, 18, 34, 21, 47, 51, 15, 48, 14]
客户端数：50	时间：6.4836461544036865	客户端：[12, 5, 43, 33, 40, 45, 24, 28, 54, 42, 56, 19, 16, 11, 27, 8, 38, 58, 23, 46, 63, 49, 30, 36, 37, 20, 32, 57, 59, 6, 64, 61, 18, 34, 21, 47, 51, 15, 48, 14, 26, 35, 3, 53, 41, 22, 4, 39, 1, 31]
客户端数：60	时间：36.89591407775879	客户端：[12, 5, 43, 33, 40, 45, 24, 28, 54, 42, 56, 19, 16, 11, 27, 8, 38, 58, 23, 46, 63, 49, 30, 36, 37, 20, 32, 57, 59, 6, 64, 61, 18, 34, 21, 47, 51, 15, 48, 14, 26, 35, 3, 53, 41, 22, 4, 39, 1, 31, 52, 60, 50, 44, 25, 29, 2, 10, 62, 9]
客户端数：63	时间：38.13260579109192	客户端：[12, 5, 43, 33, 40, 45, 24, 28, 54, 42, 56, 19, 16, 11, 27, 8, 38, 58, 23, 46, 63, 49, 30, 36, 37, 20, 32, 57, 59, 6, 64, 61, 18, 34, 21, 47, 51, 15, 48, 14, 26, 35, 3, 53, 41, 22, 4, 39, 1, 31, 52, 60, 50, 44, 25, 29, 2, 10, 62, 9, 55, 17, 13]
BYTE
客户端数：10	字节数：3200000	客户端：[24, 33, 44, 5, 38, 14, 26, 56, 11, 2]
客户端数：20	字节数：6400000	客户端：[24, 33, 44, 5, 38, 14, 26, 56, 11, 2, 45, 42, 51, 57, 47, 39, 23, 30, 55, 25]
客户端数：30	字节数：9600000	客户端：[24, 33, 44, 5, 38, 14, 26, 56, 11, 2, 45, 42, 51, 57, 47, 39, 23, 30, 55, 25, 41, 46, 21, 43, 35, 15, 1, 29, 18, 10]
客户端数：40	字节数：12800000	客户端：[24, 33, 44, 5, 38, 14, 26, 56, 11, 2, 45, 42, 51, 57, 47, 39, 23, 30, 55, 25, 41, 46, 21, 43, 35, 15, 1, 29, 18, 10, 8, 62, 34, 6, 59, 61, 31, 54, 22, 63]
客户端数：50	字节数：16000000	客户端：[24, 33, 44, 5, 38, 14, 26, 56, 11, 2, 45, 42, 51, 57, 47, 39, 23, 30, 55, 25, 41, 46, 21, 43, 35, 15, 1, 29, 18, 10, 8, 62, 34, 6, 59, 61, 31, 54, 22, 63, 37, 4, 16, 64, 19, 27, 53, 17, 20, 40]
客户端数：60	字节数：19200000	客户端：[24, 33, 44, 5, 38, 14, 26, 56, 11, 2, 45, 42, 51, 57, 47, 39, 23, 30, 55, 25, 41, 46, 21, 43, 35, 15, 1, 29, 18, 10, 8, 62, 34, 6, 59, 61, 31, 54, 22, 63, 37, 4, 16, 64, 19, 27, 53, 17, 20, 40, 13, 49, 58, 32, 48, 9, 36, 52, 50, 28]
客户端数：62	字节数：19840000	客户端：[24, 33, 44, 5, 38, 14, 26, 56, 11, 2, 45, 42, 51, 57, 47, 39, 23, 30, 55, 25, 41, 46, 21, 43, 35, 15, 1, 29, 18, 10, 8, 62, 34, 6, 59, 61, 31, 54, 22, 63, 37, 4, 16, 64, 19, 27, 53, 17, 20, 40, 13, 49, 58, 32, 48, 9, 36, 52, 50, 28, 12, 3]
PRO_LEN：320000
score：0.9516825396825397
loss rate：0.048317460317460315
finished iteration：2023-01-01 00:00:44.145473

