Number of rounds 1
T1
客户端数：10	时间：0.05191183090209961	客户端：[44, 51, 28, 16, 4, 5, 46, 10, 35, 55]
客户端数：20	时间：0.054903268814086914	客户端：[44, 51, 28, 16, 4, 5, 46, 10, 35, 55, 12, 25, 1, 31, 15, 2, 8, 32, 27, 60]
客户端数：30	时间：0.057895660400390625	客户端：[44, 51, 28, 16, 4, 5, 46, 10, 35, 55, 12, 25, 1, 31, 15, 2, 8, 32, 27, 60, 56, 29, 20, 17, 18, 6, 47, 40, 36, 64]
客户端数：40	时间：0.06088733673095703	客户端：[44, 51, 28, 16, 4, 5, 46, 10, 35, 55, 12, 25, 1, 31, 15, 2, 8, 32, 27, 60, 56, 29, 20, 17, 18, 6, 47, 40, 36, 64, 38, 48, 9, 58, 21, 33, 34, 3, 23, 22]
客户端数：50	时间：0.06387925148010254	客户端：[44, 51, 28, 16, 4, 5, 46, 10, 35, 55, 12, 25, 1, 31, 15, 2, 8, 32, 27, 60, 56, 29, 20, 17, 18, 6, 47, 40, 36, 64, 38, 48, 9, 58, 21, 33, 34, 3, 23, 22, 53, 7, 42, 63, 30, 61, 11, 19, 62, 59]
客户端数：60	时间：0.06687068939208984	客户端：[44, 51, 28, 16, 4, 5, 46, 10, 35, 55, 12, 25, 1, 31, 15, 2, 8, 32, 27, 60, 56, 29, 20, 17, 18, 6, 47, 40, 36, 64, 38, 48, 9, 58, 21, 33, 34, 3, 23, 22, 53, 7, 42, 63, 30, 61, 11, 19, 62, 59, 13, 52, 14, 57, 54, 41, 43, 24, 39, 50]
T2
客户端数：10	时间：0.0029561519622802734	客户端：[39, 23, 41, 60, 2, 36, 4, 42, 16, 53]
客户端数：20	时间：0.008955001831054688	客户端：[39, 23, 41, 60, 2, 36, 4, 42, 16, 53, 32, 31, 40, 48, 29, 27, 21, 58, 14, 9]
客户端数：30	时间：0.011947393417358398	客户端：[39, 23, 41, 60, 2, 36, 4, 42, 16, 53, 32, 31, 40, 48, 29, 27, 21, 58, 14, 9, 51, 57, 8, 61, 56, 43, 19, 33, 28, 12]
客户端数：40	时间：0.01593780517578125	客户端：[39, 23, 41, 60, 2, 36, 4, 42, 16, 53, 32, 31, 40, 48, 29, 27, 21, 58, 14, 9, 51, 57, 8, 61, 56, 43, 19, 33, 28, 12, 20, 15, 55, 13, 5, 11, 22, 64, 17, 46]
客户端数：50	时间：0.019928455352783203	客户端：[39, 23, 41, 60, 2, 36, 4, 42, 16, 53, 32, 31, 40, 48, 29, 27, 21, 58, 14, 9, 51, 57, 8, 61, 56, 43, 19, 33, 28, 12, 20, 15, 55, 13, 5, 11, 22, 64, 17, 46, 10, 30, 7, 3, 6, 59, 1, 44, 25, 62]
客户端数：60	时间：0.022941112518310547	客户端：[39, 23, 41, 60, 2, 36, 4, 42, 16, 53, 32, 31, 40, 48, 29, 27, 21, 58, 14, 9, 51, 57, 8, 61, 56, 43, 19, 33, 28, 12, 20, 15, 55, 13, 5, 11, 22, 64, 17, 46, 10, 30, 7, 3, 6, 59, 1, 44, 25, 62, 50, 54, 18, 63, 35, 24, 38, 47, 34, 52]
T3
客户端数：10	时间：14.730830907821655	客户端：[39, 23, 41, 60, 2, 36, 4, 42, 16, 53]
客户端数：20	时间：57.769726276397705	客户端：[39, 23, 41, 60, 2, 36, 4, 42, 16, 53, 32, 31, 40, 48, 29, 27, 21, 58, 14, 9]
客户端数：30	时间：128.65995907783508	客户端：[39, 23, 41, 60, 2, 36, 4, 42, 16, 53, 32, 31, 40, 48, 29, 27, 21, 58, 14, 9, 51, 57, 8, 61, 56, 43, 19, 33, 28, 12]
客户端数：40	时间：227.02034831047058	客户端：[39, 23, 41, 60, 2, 36, 4, 42, 16, 53, 32, 31, 40, 48, 29, 27, 21, 58, 14, 9, 51, 57, 8, 61, 56, 43, 19, 33, 28, 12, 20, 15, 55, 13, 5, 11, 22, 64, 17, 46]
客户端数：50	时间：353.22713470458984	客户端：[39, 23, 41, 60, 2, 36, 4, 42, 16, 53, 32, 31, 40, 48, 29, 27, 21, 58, 14, 9, 51, 57, 8, 61, 56, 43, 19, 33, 28, 12, 20, 15, 55, 13, 5, 11, 22, 64, 17, 46, 10, 30, 7, 3, 6, 59, 1, 44, 25, 62]
客户端数：60	时间：507.25620102882385	客户端：[39, 23, 41, 60, 2, 36, 4, 42, 16, 53, 32, 31, 40, 48, 29, 27, 21, 58, 14, 9, 51, 57, 8, 61, 56, 43, 19, 33, 28, 12, 20, 15, 55, 13, 5, 11, 22, 64, 17, 46, 10, 30, 7, 3, 6, 59, 1, 44, 25, 62, 50, 54, 18, 63, 35, 24, 38, 47, 34, 52]
BYTE
客户端数：10	字节数：3200000	客户端：[44, 51, 28, 16, 4, 5, 46, 10, 35, 55]
客户端数：20	字节数：6400000	客户端：[44, 51, 28, 16, 4, 5, 46, 10, 35, 55, 12, 25, 1, 31, 15, 2, 8, 32, 27, 60]
客户端数：30	字节数：9600000	客户端：[44, 51, 28, 16, 4, 5, 46, 10, 35, 55, 12, 25, 1, 31, 15, 2, 8, 32, 27, 60, 56, 29, 20, 17, 18, 6, 47, 40, 36, 64]
客户端数：40	字节数：12800000	客户端：[44, 51, 28, 16, 4, 5, 46, 10, 35, 55, 12, 25, 1, 31, 15, 2, 8, 32, 27, 60, 56, 29, 20, 17, 18, 6, 47, 40, 36, 64, 38, 48, 9, 58, 21, 33, 34, 3, 23, 22]
客户端数：50	字节数：16000000	客户端：[44, 51, 28, 16, 4, 5, 46, 10, 35, 55, 12, 25, 1, 31, 15, 2, 8, 32, 27, 60, 56, 29, 20, 17, 18, 6, 47, 40, 36, 64, 38, 48, 9, 58, 21, 33, 34, 3, 23, 22, 53, 7, 42, 63, 30, 61, 11, 19, 62, 59]
客户端数：60	字节数：19200000	客户端：[44, 51, 28, 16, 4, 5, 46, 10, 35, 55, 12, 25, 1, 31, 15, 2, 8, 32, 27, 60, 56, 29, 20, 17, 18, 6, 47, 40, 36, 64, 38, 48, 9, 58, 21, 33, 34, 3, 23, 22, 53, 7, 42, 63, 30, 61, 11, 19, 62, 59, 13, 52, 14, 57, 54, 41, 43, 24, 39, 50]
PRO_LEN：320000
score：0.5695238095238095
loss rate：0.43047619047619046
finished iteration：2023-01-01 00:00:29.024586

Number of rounds 2
T1
客户端数：10	时间：0.0039920806884765625	客户端：[4, 2, 31, 51, 16, 43, 41, 27, 28, 29]
客户端数：20	时间：0.005986928939819336	客户端：[4, 2, 31, 51, 16, 43, 41, 27, 28, 29, 56, 12, 5, 61, 13, 48, 21, 23, 19, 15]
客户端数：30	时间：0.007980108261108398	客户端：[4, 2, 31, 51, 16, 43, 41, 27, 28, 29, 56, 12, 5, 61, 13, 48, 21, 23, 19, 15, 14, 46, 60, 55, 40, 53, 7, 58, 39, 6]
客户端数：40	时间：0.00997471809387207	客户端：[4, 2, 31, 51, 16, 43, 41, 27, 28, 29, 56, 12, 5, 61, 13, 48, 21, 23, 19, 15, 14, 46, 60, 55, 40, 53, 7, 58, 39, 6, 57, 22, 10, 20, 59, 3, 11, 30, 44, 9]
客户端数：50	时间：0.011969566345214844	客户端：[4, 2, 31, 51, 16, 43, 41, 27, 28, 29, 56, 12, 5, 61, 13, 48, 21, 23, 19, 15, 14, 46, 60, 55, 40, 53, 7, 58, 39, 6, 57, 22, 10, 20, 59, 3, 11, 30, 44, 9, 50, 25, 32, 54, 42, 17, 18, 36, 63, 35]
客户端数：60	时间：0.013964653015136719	客户端：[4, 2, 31, 51, 16, 43, 41, 27, 28, 29, 56, 12, 5, 61, 13, 48, 21, 23, 19, 15, 14, 46, 60, 55, 40, 53, 7, 58, 39, 6, 57, 22, 10, 20, 59, 3, 11, 30, 44, 9, 50, 25, 32, 54, 42, 17, 18, 36, 63, 35, 1, 8, 62, 64, 24, 33, 38, 47, 34, 52]
T2
客户端数：10	时间：0.0010218620300292969	客户端：[23, 35, 41, 27, 29, 16, 40, 28, 25, 42]
客户端数：20	时间：0.003015756607055664	客户端：[23, 35, 41, 27, 29, 16, 40, 28, 25, 42, 53, 60, 20, 63, 39, 48, 9, 19, 58, 61]
客户端数：30	时间：0.004021883010864258	客户端：[23, 35, 41, 27, 29, 16, 40, 28, 25, 42, 53, 60, 20, 63, 39, 48, 9, 19, 58, 61, 38, 12, 32, 10, 15, 43, 2, 17, 52, 34]
客户端数：40	时间：0.005010366439819336	客户端：[23, 35, 41, 27, 29, 16, 40, 28, 25, 42, 53, 60, 20, 63, 39, 48, 9, 19, 58, 61, 38, 12, 32, 10, 15, 43, 2, 17, 52, 34, 56, 57, 5, 55, 50, 18, 54, 22, 33, 24]
客户端数：50	时间：0.007004737854003906	客户端：[23, 35, 41, 27, 29, 16, 40, 28, 25, 42, 53, 60, 20, 63, 39, 48, 9, 19, 58, 61, 38, 12, 32, 10, 15, 43, 2, 17, 52, 34, 56, 57, 5, 55, 50, 18, 54, 22, 33, 24, 36, 11, 46, 3, 13, 64, 6, 14, 4, 1]
客户端数：60	时间：0.008999824523925781	客户端：[23, 35, 41, 27, 29, 16, 40, 28, 25, 42, 53, 60, 20, 63, 39, 48, 9, 19, 58, 61, 38, 12, 32, 10, 15, 43, 2, 17, 52, 34, 56, 57, 5, 55, 50, 18, 54, 22, 33, 24, 36, 11, 46, 3, 13, 64, 6, 14, 4, 1, 51, 62, 8, 59, 44, 30, 47, 21, 31, 7]
T3
客户端数：10	时间：1.2118947505950928	客户端：[23, 35, 41, 27, 29, 16, 40, 28, 25, 42]
客户端数：20	时间：2.4446051120758057	客户端：[23, 35, 41, 27, 29, 16, 40, 28, 25, 42, 53, 60, 20, 63, 39, 48, 9, 19, 58, 61]
客户端数：30	时间：3.696309804916382	客户端：[23, 35, 41, 27, 29, 16, 40, 28, 25, 42, 53, 60, 20, 63, 39, 48, 9, 19, 58, 61, 38, 12, 32, 10, 15, 43, 2, 17, 52, 34]
客户端数：40	时间：4.966919183731079	客户端：[23, 35, 41, 27, 29, 16, 40, 28, 25, 42, 53, 60, 20, 63, 39, 48, 9, 19, 58, 61, 38, 12, 32, 10, 15, 43, 2, 17, 52, 34, 56, 57, 5, 55, 50, 18, 54, 22, 33, 24]
客户端数：50	时间：6.262458562850952	客户端：[23, 35, 41, 27, 29, 16, 40, 28, 25, 42, 53, 60, 20, 63, 39, 48, 9, 19, 58, 61, 38, 12, 32, 10, 15, 43, 2, 17, 52, 34, 56, 57, 5, 55, 50, 18, 54, 22, 33, 24, 36, 11, 46, 3, 13, 64, 6, 14, 4, 1]
客户端数：60	时间：7.581931829452515	客户端：[23, 35, 41, 27, 29, 16, 40, 28, 25, 42, 53, 60, 20, 63, 39, 48, 9, 19, 58, 61, 38, 12, 32, 10, 15, 43, 2, 17, 52, 34, 56, 57, 5, 55, 50, 18, 54, 22, 33, 24, 36, 11, 46, 3, 13, 64, 6, 14, 4, 1, 51, 62, 8, 59, 44, 30, 47, 21, 31, 7]
BYTE
客户端数：10	字节数：3200000	客户端：[4, 2, 31, 51, 16, 43, 41, 27, 28, 29]
客户端数：20	字节数：6400000	客户端：[4, 2, 31, 51, 16, 43, 41, 27, 28, 29, 56, 12, 5, 61, 13, 48, 21, 23, 19, 15]
客户端数：30	字节数：9600000	客户端：[4, 2, 31, 51, 16, 43, 41, 27, 28, 29, 56, 12, 5, 61, 13, 48, 21, 23, 19, 15, 14, 46, 60, 55, 40, 53, 7, 58, 39, 6]
客户端数：40	字节数：12800000	客户端：[4, 2, 31, 51, 16, 43, 41, 27, 28, 29, 56, 12, 5, 61, 13, 48, 21, 23, 19, 15, 14, 46, 60, 55, 40, 53, 7, 58, 39, 6, 57, 22, 10, 20, 59, 3, 11, 30, 44, 9]
客户端数：50	字节数：16000000	客户端：[4, 2, 31, 51, 16, 43, 41, 27, 28, 29, 56, 12, 5, 61, 13, 48, 21, 23, 19, 15, 14, 46, 60, 55, 40, 53, 7, 58, 39, 6, 57, 22, 10, 20, 59, 3, 11, 30, 44, 9, 50, 25, 32, 54, 42, 17, 18, 36, 63, 35]
客户端数：60	字节数：19200000	客户端：[4, 2, 31, 51, 16, 43, 41, 27, 28, 29, 56, 12, 5, 61, 13, 48, 21, 23, 19, 15, 14, 46, 60, 55, 40, 53, 7, 58, 39, 6, 57, 22, 10, 20, 59, 3, 11, 30, 44, 9, 50, 25, 32, 54, 42, 17, 18, 36, 63, 35, 1, 8, 62, 64, 24, 33, 38, 47, 34, 52]
PRO_LEN：320000
score：0.9528253968253968
loss rate：0.0471746031746032
finished iteration：2023-01-01 00:01:00.810484

