Number of rounds 1
T1
客户端数：10	时间：0.13061833381652832	客户端：[14, 18, 54, 59, 43, 1, 30, 2, 56, 58]
客户端数：20	时间：0.13259482383728027	客户端：[14, 18, 54, 59, 43, 1, 30, 2, 56, 58, 28, 17, 33, 24, 34, 35, 8, 46, 36, 44]
客户端数：30	时间：0.13658833503723145	客户端：[14, 18, 54, 59, 43, 1, 30, 2, 56, 58, 28, 17, 33, 24, 34, 35, 8, 46, 36, 44, 13, 9, 64, 62, 21, 6, 51, 50, 41, 22]
客户端数：40	时间：0.1386268138885498	客户端：[14, 18, 54, 59, 43, 1, 30, 2, 56, 58, 28, 17, 33, 24, 34, 35, 8, 46, 36, 44, 13, 9, 64, 62, 21, 6, 51, 50, 41, 22, 19, 7, 26, 25, 37, 45, 3, 40, 4, 39]
客户端数：50	时间：0.14257049560546875	客户端：[14, 18, 54, 59, 43, 1, 30, 2, 56, 58, 28, 17, 33, 24, 34, 35, 8, 46, 36, 44, 13, 9, 64, 62, 21, 6, 51, 50, 41, 22, 19, 7, 26, 25, 37, 45, 3, 40, 4, 39, 55, 12, 32, 61, 60, 20, 52, 31, 11, 49]
客户端数：58	时间：0.14456486701965332	客户端：[14, 18, 54, 59, 43, 1, 30, 2, 56, 58, 28, 17, 33, 24, 34, 35, 8, 46, 36, 44, 13, 9, 64, 62, 21, 6, 51, 50, 41, 22, 19, 7, 26, 25, 37, 45, 3, 40, 4, 39, 55, 12, 32, 61, 60, 20, 52, 31, 11, 49, 47, 27, 10, 16, 53, 29, 57, 5]
T2
客户端数：10	时间：0.0049877166748046875	客户端：[11, 13, 43, 20, 45, 62, 49, 22, 57, 10]
客户端数：20	时间：0.008491754531860352	客户端：[11, 13, 43, 20, 45, 62, 49, 22, 57, 10, 40, 19, 64, 25, 18, 58, 12, 31, 55, 59]
客户端数：30	时间：0.012362480163574219	客户端：[11, 13, 43, 20, 45, 62, 49, 22, 57, 10, 40, 19, 64, 25, 18, 58, 12, 31, 55, 59, 53, 28, 16, 8, 37, 51, 9, 3, 27, 44]
客户端数：40	时间：0.019348859786987305	客户端：[11, 13, 43, 20, 45, 62, 49, 22, 57, 10, 40, 19, 64, 25, 18, 58, 12, 31, 55, 59, 53, 28, 16, 8, 37, 51, 9, 3, 27, 44, 56, 24, 47, 7, 41, 1, 35, 4, 46, 34]
客户端数：50	时间：0.021383047103881836	客户端：[11, 13, 43, 20, 45, 62, 49, 22, 57, 10, 40, 19, 64, 25, 18, 58, 12, 31, 55, 59, 53, 28, 16, 8, 37, 51, 9, 3, 27, 44, 56, 24, 47, 7, 41, 1, 35, 4, 46, 34, 50, 6, 2, 29, 26, 61, 54, 52, 17, 60]
客户端数：58	时间：0.022380352020263672	客户端：[11, 13, 43, 20, 45, 62, 49, 22, 57, 10, 40, 19, 64, 25, 18, 58, 12, 31, 55, 59, 53, 28, 16, 8, 37, 51, 9, 3, 27, 44, 56, 24, 47, 7, 41, 1, 35, 4, 46, 34, 50, 6, 2, 29, 26, 61, 54, 52, 17, 60, 14, 36, 5, 33, 39, 30, 21, 32]
T3
客户端数：10	时间：16.430448293685913	客户端：[11, 13, 43, 20, 45, 62, 49, 22, 57, 10]
客户端数：20	时间：65.14771699905396	客户端：[11, 13, 43, 20, 45, 62, 49, 22, 57, 10, 40, 19, 64, 25, 18, 58, 12, 31, 55, 59]
客户端数：30	时间：144.96376156806946	客户端：[11, 13, 43, 20, 45, 62, 49, 22, 57, 10, 40, 19, 64, 25, 18, 58, 12, 31, 55, 59, 53, 28, 16, 8, 37, 51, 9, 3, 27, 44]
客户端数：40	时间：255.65612745285034	客户端：[11, 13, 43, 20, 45, 62, 49, 22, 57, 10, 40, 19, 64, 25, 18, 58, 12, 31, 55, 59, 53, 28, 16, 8, 37, 51, 9, 3, 27, 44, 56, 24, 47, 7, 41, 1, 35, 4, 46, 34]
客户端数：50	时间：396.9807069301605	客户端：[11, 13, 43, 20, 45, 62, 49, 22, 57, 10, 40, 19, 64, 25, 18, 58, 12, 31, 55, 59, 53, 28, 16, 8, 37, 51, 9, 3, 27, 44, 56, 24, 47, 7, 41, 1, 35, 4, 46, 34, 50, 6, 2, 29, 26, 61, 54, 52, 17, 60]
客户端数：58	时间：531.4732160568237	客户端：[11, 13, 43, 20, 45, 62, 49, 22, 57, 10, 40, 19, 64, 25, 18, 58, 12, 31, 55, 59, 53, 28, 16, 8, 37, 51, 9, 3, 27, 44, 56, 24, 47, 7, 41, 1, 35, 4, 46, 34, 50, 6, 2, 29, 26, 61, 54, 52, 17, 60, 14, 36, 5, 33, 39, 30, 21, 32]
BYTE
客户端数：10	字节数：3200000	客户端：[14, 18, 54, 59, 43, 1, 30, 2, 56, 58]
客户端数：20	字节数：6400000	客户端：[14, 18, 54, 59, 43, 1, 30, 2, 56, 58, 28, 17, 33, 24, 34, 35, 8, 46, 36, 44]
客户端数：30	字节数：9600000	客户端：[14, 18, 54, 59, 43, 1, 30, 2, 56, 58, 28, 17, 33, 24, 34, 35, 8, 46, 36, 44, 13, 9, 64, 62, 21, 6, 51, 50, 41, 22]
客户端数：40	字节数：12800000	客户端：[14, 18, 54, 59, 43, 1, 30, 2, 56, 58, 28, 17, 33, 24, 34, 35, 8, 46, 36, 44, 13, 9, 64, 62, 21, 6, 51, 50, 41, 22, 19, 7, 26, 25, 37, 45, 3, 40, 4, 39]
客户端数：50	字节数：16000000	客户端：[14, 18, 54, 59, 43, 1, 30, 2, 56, 58, 28, 17, 33, 24, 34, 35, 8, 46, 36, 44, 13, 9, 64, 62, 21, 6, 51, 50, 41, 22, 19, 7, 26, 25, 37, 45, 3, 40, 4, 39, 55, 12, 32, 61, 60, 20, 52, 31, 11, 49]
客户端数：58	字节数：18560000	客户端：[14, 18, 54, 59, 43, 1, 30, 2, 56, 58, 28, 17, 33, 24, 34, 35, 8, 46, 36, 44, 13, 9, 64, 62, 21, 6, 51, 50, 41, 22, 19, 7, 26, 25, 37, 45, 3, 40, 4, 39, 55, 12, 32, 61, 60, 20, 52, 31, 11, 49, 47, 27, 10, 16, 53, 29, 57, 5]
PRO_LEN：320000
score：0.5448253968253969
loss rate：0.4551746031746031
finished iteration：2023-01-01 00:00:41.725059

Number of rounds 2
T1
客户端数：10	时间：0.003989458084106445	客户端：[43, 13, 18, 62, 22, 45, 49, 8, 58, 10]
客户端数：20	时间：0.005984783172607422	客户端：[43, 13, 18, 62, 22, 45, 49, 8, 58, 10, 51, 20, 56, 3, 27, 9, 29, 37, 40, 25]
客户端数：30	时间：0.008976459503173828	客户端：[43, 13, 18, 62, 22, 45, 49, 8, 58, 10, 51, 20, 56, 3, 27, 9, 29, 37, 40, 25, 31, 53, 24, 55, 1, 2, 6, 19, 44, 46]
客户端数：40	时间：0.009973526000976562	客户端：[43, 13, 18, 62, 22, 45, 49, 8, 58, 10, 51, 20, 56, 3, 27, 9, 29, 37, 40, 25, 31, 53, 24, 55, 1, 2, 6, 19, 44, 46, 34, 59, 16, 41, 50, 4, 12, 28, 54, 26]
客户端数：50	时间：0.013253927230834961	客户端：[43, 13, 18, 62, 22, 45, 49, 8, 58, 10, 51, 20, 56, 3, 27, 9, 29, 37, 40, 25, 31, 53, 24, 55, 1, 2, 6, 19, 44, 46, 34, 59, 16, 41, 50, 4, 12, 28, 54, 26, 61, 11, 35, 17, 52, 60, 64, 47, 14, 36]
客户端数：58	时间：0.014246225357055664	客户端：[43, 13, 18, 62, 22, 45, 49, 8, 58, 10, 51, 20, 56, 3, 27, 9, 29, 37, 40, 25, 31, 53, 24, 55, 1, 2, 6, 19, 44, 46, 34, 59, 16, 41, 50, 4, 12, 28, 54, 26, 61, 11, 35, 17, 52, 60, 64, 47, 14, 36, 5, 33, 39, 30, 57, 21, 7, 32]
T2
客户端数：10	时间：0.0009965896606445312	客户端：[62, 43, 45, 57, 32, 4, 49, 11, 10, 20]
客户端数：20	时间：0.0029938220977783203	客户端：[62, 43, 45, 57, 32, 4, 49, 11, 10, 20, 31, 19, 47, 61, 22, 17, 30, 3, 40, 26]
客户端数：30	时间：0.004988431930541992	客户端：[62, 43, 45, 57, 32, 4, 49, 11, 10, 20, 31, 19, 47, 61, 22, 17, 30, 3, 40, 26, 53, 18, 54, 55, 16, 13, 33, 46, 37, 58]
客户端数：40	时间：0.007980108261108398	客户端：[62, 43, 45, 57, 32, 4, 49, 11, 10, 20, 31, 19, 47, 61, 22, 17, 30, 3, 40, 26, 53, 18, 54, 55, 16, 13, 33, 46, 37, 58, 41, 12, 51, 7, 29, 8, 60, 21, 50, 2]
客户端数：50	时间：0.009975194931030273	客户端：[62, 43, 45, 57, 32, 4, 49, 11, 10, 20, 31, 19, 47, 61, 22, 17, 30, 3, 40, 26, 53, 18, 54, 55, 16, 13, 33, 46, 37, 58, 41, 12, 51, 7, 29, 8, 60, 21, 50, 2, 39, 24, 28, 52, 1, 14, 59, 34, 56, 25]
客户端数：58	时间：0.01177072525024414	客户端：[62, 43, 45, 57, 32, 4, 49, 11, 10, 20, 31, 19, 47, 61, 22, 17, 30, 3, 40, 26, 53, 18, 54, 55, 16, 13, 33, 46, 37, 58, 41, 12, 51, 7, 29, 8, 60, 21, 50, 2, 39, 24, 28, 52, 1, 14, 59, 34, 56, 25, 44, 9, 6, 5, 27, 64, 36, 35]
T3
客户端数：10	时间：0.8080286979675293	客户端：[62, 43, 45, 57, 32, 4, 49, 11, 10, 20]
客户端数：20	时间：1.6360280513763428	客户端：[62, 43, 45, 57, 32, 4, 49, 11, 10, 20, 31, 19, 47, 61, 22, 17, 30, 3, 40, 26]
客户端数：30	时间：2.4859673976898193	客户端：[62, 43, 45, 57, 32, 4, 49, 11, 10, 20, 31, 19, 47, 61, 22, 17, 30, 3, 40, 26, 53, 18, 54, 55, 16, 13, 33, 46, 37, 58]
客户端数：40	时间：3.3588433265686035	客户端：[62, 43, 45, 57, 32, 4, 49, 11, 10, 20, 31, 19, 47, 61, 22, 17, 30, 3, 40, 26, 53, 18, 54, 55, 16, 13, 33, 46, 37, 58, 41, 12, 51, 7, 29, 8, 60, 21, 50, 2]
客户端数：50	时间：4.253659725189209	客户端：[62, 43, 45, 57, 32, 4, 49, 11, 10, 20, 31, 19, 47, 61, 22, 17, 30, 3, 40, 26, 53, 18, 54, 55, 16, 13, 33, 46, 37, 58, 41, 12, 51, 7, 29, 8, 60, 21, 50, 2, 39, 24, 28, 52, 1, 14, 59, 34, 56, 25]
客户端数：58	时间：4.994862079620361	客户端：[62, 43, 45, 57, 32, 4, 49, 11, 10, 20, 31, 19, 47, 61, 22, 17, 30, 3, 40, 26, 53, 18, 54, 55, 16, 13, 33, 46, 37, 58, 41, 12, 51, 7, 29, 8, 60, 21, 50, 2, 39, 24, 28, 52, 1, 14, 59, 34, 56, 25, 44, 9, 6, 5, 27, 64, 36, 35]
BYTE
客户端数：10	字节数：3200000	客户端：[43, 13, 18, 62, 22, 45, 49, 8, 58, 10]
客户端数：20	字节数：6400000	客户端：[43, 13, 18, 62, 22, 45, 49, 8, 58, 10, 51, 20, 56, 3, 27, 9, 29, 37, 40, 25]
客户端数：30	字节数：9600000	客户端：[43, 13, 18, 62, 22, 45, 49, 8, 58, 10, 51, 20, 56, 3, 27, 9, 29, 37, 40, 25, 31, 53, 24, 55, 1, 2, 6, 19, 44, 46]
客户端数：40	字节数：12800000	客户端：[43, 13, 18, 62, 22, 45, 49, 8, 58, 10, 51, 20, 56, 3, 27, 9, 29, 37, 40, 25, 31, 53, 24, 55, 1, 2, 6, 19, 44, 46, 34, 59, 16, 41, 50, 4, 12, 28, 54, 26]
客户端数：50	字节数：16000000	客户端：[43, 13, 18, 62, 22, 45, 49, 8, 58, 10, 51, 20, 56, 3, 27, 9, 29, 37, 40, 25, 31, 53, 24, 55, 1, 2, 6, 19, 44, 46, 34, 59, 16, 41, 50, 4, 12, 28, 54, 26, 61, 11, 35, 17, 52, 60, 64, 47, 14, 36]
客户端数：58	字节数：18560000	客户端：[43, 13, 18, 62, 22, 45, 49, 8, 58, 10, 51, 20, 56, 3, 27, 9, 29, 37, 40, 25, 31, 53, 24, 55, 1, 2, 6, 19, 44, 46, 34, 59, 16, 41, 50, 4, 12, 28, 54, 26, 61, 11, 35, 17, 52, 60, 64, 47, 14, 36, 5, 33, 39, 30, 57, 21, 7, 32]
PRO_LEN：320000
score：0.9483809523809524
loss rate：0.051619047619047564
finished iteration：2023-01-01 00:01:09.962991

