Number of rounds 1
T1
客户端数：0	时间：0	客户端：[]
T2
客户端数：10	时间：0.0009975433349609375	客户端：[54, 46, 36, 40, 9, 18, 3, 63, 1, 30]
客户端数：20	时间：0.002992868423461914	客户端：[54, 46, 36, 40, 9, 18, 3, 63, 1, 30, 41, 56, 45, 15, 38, 43, 25, 62, 48, 57]
客户端数：30	时间：0.003990888595581055	客户端：[54, 46, 36, 40, 9, 18, 3, 63, 1, 30, 41, 56, 45, 15, 38, 43, 25, 62, 48, 57, 47, 58, 53, 39, 32, 6, 8, 61, 7, 5]
客户端数：40	时间：0.004988193511962891	客户端：[54, 46, 36, 40, 9, 18, 3, 63, 1, 30, 41, 56, 45, 15, 38, 43, 25, 62, 48, 57, 47, 58, 53, 39, 32, 6, 8, 61, 7, 5, 44, 2, 13, 34, 23, 10, 22, 12, 26, 33]
客户端数：50	时间：0.0059854984283447266	客户端：[54, 46, 36, 40, 9, 18, 3, 63, 1, 30, 41, 56, 45, 15, 38, 43, 25, 62, 48, 57, 47, 58, 53, 39, 32, 6, 8, 61, 7, 5, 44, 2, 13, 34, 23, 10, 22, 12, 26, 33, 20, 64, 59, 21, 11, 19, 24, 4, 35, 29]
客户端数：57	时间：0.006984233856201172	客户端：[54, 46, 36, 40, 9, 18, 3, 63, 1, 30, 41, 56, 45, 15, 38, 43, 25, 62, 48, 57, 47, 58, 53, 39, 32, 6, 8, 61, 7, 5, 44, 2, 13, 34, 23, 10, 22, 12, 26, 33, 20, 64, 59, 21, 11, 19, 24, 4, 35, 29, 17, 55, 14, 16, 31, 50, 37]
T3
客户端数：10	时间：12.36174488067627	客户端：[54, 46, 36, 40, 9, 18, 3, 63, 1, 30]
客户端数：20	时间：49.70895338058472	客户端：[54, 46, 36, 40, 9, 18, 3, 63, 1, 30, 41, 56, 45, 15, 38, 43, 25, 62, 48, 57]
客户端数：30	时间：111.51064705848694	客户端：[54, 46, 36, 40, 9, 18, 3, 63, 1, 30, 41, 56, 45, 15, 38, 43, 25, 62, 48, 57, 47, 58, 53, 39, 32, 6, 8, 61, 7, 5]
客户端数：40	时间：197.8337426185608	客户端：[54, 46, 36, 40, 9, 18, 3, 63, 1, 30, 41, 56, 45, 15, 38, 43, 25, 62, 48, 57, 47, 58, 53, 39, 32, 6, 8, 61, 7, 5, 44, 2, 13, 34, 23, 10, 22, 12, 26, 33]
客户端数：50	时间：309.45495533943176	客户端：[54, 46, 36, 40, 9, 18, 3, 63, 1, 30, 41, 56, 45, 15, 38, 43, 25, 62, 48, 57, 47, 58, 53, 39, 32, 6, 8, 61, 7, 5, 44, 2, 13, 34, 23, 10, 22, 12, 26, 33, 20, 64, 59, 21, 11, 19, 24, 4, 35, 29]
客户端数：57	时间：404.6006438732147	客户端：[54, 46, 36, 40, 9, 18, 3, 63, 1, 30, 41, 56, 45, 15, 38, 43, 25, 62, 48, 57, 47, 58, 53, 39, 32, 6, 8, 61, 7, 5, 44, 2, 13, 34, 23, 10, 22, 12, 26, 33, 20, 64, 59, 21, 11, 19, 24, 4, 35, 29, 17, 55, 14, 16, 31, 50, 37]
BYTE
客户端数：0	字节数：0	客户端：[]
score：32109238.666666668
loss rate：-32109237.666666668
finished iteration：2023-01-01 00:00:14.074896

Number of rounds 2
T1
客户端数：0	时间：0	客户端：[]
T2
客户端数：10	时间：0.0	客户端：[64, 14, 20, 54, 1, 36, 30, 55, 3, 50]
客户端数：20	时间：0.0019979476928710938	客户端：[64, 14, 20, 54, 1, 36, 30, 55, 3, 50, 45, 18, 10, 29, 38, 24, 8, 43, 46, 31]
客户端数：30	时间：0.003992557525634766	客户端：[64, 14, 20, 54, 1, 36, 30, 55, 3, 50, 45, 18, 10, 29, 38, 24, 8, 43, 46, 31, 21, 32, 40, 53, 58, 39, 4, 63, 5, 12]
客户端数：40	时间：0.00703883171081543	客户端：[64, 14, 20, 54, 1, 36, 30, 55, 3, 50, 45, 18, 10, 29, 38, 24, 8, 43, 46, 31, 21, 32, 40, 53, 58, 39, 4, 63, 5, 12, 13, 11, 59, 35, 9, 48, 22, 25, 57, 37]
客户端数：50	时间：0.008035898208618164	客户端：[64, 14, 20, 54, 1, 36, 30, 55, 3, 50, 45, 18, 10, 29, 38, 24, 8, 43, 46, 31, 21, 32, 40, 53, 58, 39, 4, 63, 5, 12, 13, 11, 59, 35, 9, 48, 22, 25, 57, 37, 62, 26, 19, 61, 47, 56, 23, 15, 6, 2]
客户端数：55	时间：0.008035898208618164	客户端：[64, 14, 20, 54, 1, 36, 30, 55, 3, 50, 45, 18, 10, 29, 38, 24, 8, 43, 46, 31, 21, 32, 40, 53, 58, 39, 4, 63, 5, 12, 13, 11, 59, 35, 9, 48, 22, 25, 57, 37, 62, 26, 19, 61, 47, 56, 23, 15, 6, 2, 44, 34, 33, 7, 16]
T3
客户端数：10	时间：11.337401628494263	客户端：[64, 14, 20, 54, 1, 36, 30, 55, 3, 50]
客户端数：20	时间：47.4354248046875	客户端：[64, 14, 20, 54, 1, 36, 30, 55, 3, 50, 45, 18, 10, 29, 38, 24, 8, 43, 46, 31]
客户端数：30	时间：108.03986930847168	客户端：[64, 14, 20, 54, 1, 36, 30, 55, 3, 50, 45, 18, 10, 29, 38, 24, 8, 43, 46, 31, 21, 32, 40, 53, 58, 39, 4, 63, 5, 12]
客户端数：40	时间：193.2251033782959	客户端：[64, 14, 20, 54, 1, 36, 30, 55, 3, 50, 45, 18, 10, 29, 38, 24, 8, 43, 46, 31, 21, 32, 40, 53, 58, 39, 4, 63, 5, 12, 13, 11, 59, 35, 9, 48, 22, 25, 57, 37]
客户端数：50	时间：304.312579870224	客户端：[64, 14, 20, 54, 1, 36, 30, 55, 3, 50, 45, 18, 10, 29, 38, 24, 8, 43, 46, 31, 21, 32, 40, 53, 58, 39, 4, 63, 5, 12, 13, 11, 59, 35, 9, 48, 22, 25, 57, 37, 62, 26, 19, 61, 47, 56, 23, 15, 6, 2]
客户端数：55	时间：370.08260917663574	客户端：[64, 14, 20, 54, 1, 36, 30, 55, 3, 50, 45, 18, 10, 29, 38, 24, 8, 43, 46, 31, 21, 32, 40, 53, 58, 39, 4, 63, 5, 12, 13, 11, 59, 35, 9, 48, 22, 25, 57, 37, 62, 26, 19, 61, 47, 56, 23, 15, 6, 2, 44, 34, 33, 7, 16]
BYTE
客户端数：0	字节数：0	客户端：[]
score：293893064.6666667
loss rate：-293893063.6666667
finished iteration：2023-01-01 00:00:35.998665

Number of rounds 3
T1
客户端数：0	时间：0	客户端：[]
T2
客户端数：10	时间：0.0	客户端：[9, 40, 46, 14, 36, 1, 20, 23, 30, 3]
客户端数：20	时间：0.002020120620727539	客户端：[9, 40, 46, 14, 36, 1, 20, 23, 30, 3, 18, 50, 63, 55, 10, 59, 48, 62, 39, 43]
客户端数：30	时间：0.0030181407928466797	客户端：[9, 40, 46, 14, 36, 1, 20, 23, 30, 3, 18, 50, 63, 55, 10, 59, 48, 62, 39, 43, 54, 57, 32, 12, 25, 29, 37, 21, 31, 53]
客户端数：40	时间：0.004015684127807617	客户端：[9, 40, 46, 14, 36, 1, 20, 23, 30, 3, 18, 50, 63, 55, 10, 59, 48, 62, 39, 43, 54, 57, 32, 12, 25, 29, 37, 21, 31, 53, 33, 58, 45, 6, 24, 4, 34, 5, 26, 61]
客户端数：50	时间：0.007008075714111328	客户端：[9, 40, 46, 14, 36, 1, 20, 23, 30, 3, 18, 50, 63, 55, 10, 59, 48, 62, 39, 43, 54, 57, 32, 12, 25, 29, 37, 21, 31, 53, 33, 58, 45, 6, 24, 4, 34, 5, 26, 61, 35, 13, 22, 16, 56, 38, 15, 11, 64, 8]
客户端数：52	时间：0.007008075714111328	客户端：[9, 40, 46, 14, 36, 1, 20, 23, 30, 3, 18, 50, 63, 55, 10, 59, 48, 62, 39, 43, 54, 57, 32, 12, 25, 29, 37, 21, 31, 53, 33, 58, 45, 6, 24, 4, 34, 5, 26, 61, 35, 13, 22, 16, 56, 38, 15, 11, 64, 8, 19, 7]
T3
客户端数：10	时间：12.754191160202026	客户端：[9, 40, 46, 14, 36, 1, 20, 23, 30, 3]
客户端数：20	时间：50.05717921257019	客户端：[9, 40, 46, 14, 36, 1, 20, 23, 30, 3, 18, 50, 63, 55, 10, 59, 48, 62, 39, 43]
客户端数：30	时间：112.06959509849548	客户端：[9, 40, 46, 14, 36, 1, 20, 23, 30, 3, 18, 50, 63, 55, 10, 59, 48, 62, 39, 43, 54, 57, 32, 12, 25, 29, 37, 21, 31, 53]
客户端数：40	时间：198.58811950683594	客户端：[9, 40, 46, 14, 36, 1, 20, 23, 30, 3, 18, 50, 63, 55, 10, 59, 48, 62, 39, 43, 54, 57, 32, 12, 25, 29, 37, 21, 31, 53, 33, 58, 45, 6, 24, 4, 34, 5, 26, 61]
客户端数：50	时间：309.5266537666321	客户端：[9, 40, 46, 14, 36, 1, 20, 23, 30, 3, 18, 50, 63, 55, 10, 59, 48, 62, 39, 43, 54, 57, 32, 12, 25, 29, 37, 21, 31, 53, 33, 58, 45, 6, 24, 4, 34, 5, 26, 61, 35, 13, 22, 16, 56, 38, 15, 11, 64, 8]
客户端数：52	时间：334.66328406333923	客户端：[9, 40, 46, 14, 36, 1, 20, 23, 30, 3, 18, 50, 63, 55, 10, 59, 48, 62, 39, 43, 54, 57, 32, 12, 25, 29, 37, 21, 31, 53, 33, 58, 45, 6, 24, 4, 34, 5, 26, 61, 35, 13, 22, 16, 56, 38, 15, 11, 64, 8, 19, 7]
BYTE
客户端数：0	字节数：0	客户端：[]
score：199654760.66666666
loss rate：-199654759.66666666
finished iteration：2023-01-01 00:00:58.972721

Number of rounds 4
T1
客户端数：0	时间：0	客户端：[]
T2
客户端数：10	时间：0.0019941329956054688	客户端：[9, 46, 14, 1, 45, 3, 50, 36, 21, 10]
客户端数：20	时间：0.003989219665527344	客户端：[9, 46, 14, 1, 45, 3, 50, 36, 21, 10, 30, 15, 24, 48, 18, 55, 56, 43, 31, 59]
客户端数：30	时间：0.004986286163330078	客户端：[9, 46, 14, 1, 45, 3, 50, 36, 21, 10, 30, 15, 24, 48, 18, 55, 56, 43, 31, 59, 57, 38, 37, 6, 58, 11, 61, 22, 12, 62]
客户端数：40	时间：0.006981849670410156	客户端：[9, 46, 14, 1, 45, 3, 50, 36, 21, 10, 30, 15, 24, 48, 18, 55, 56, 43, 31, 59, 57, 38, 37, 6, 58, 11, 61, 22, 12, 62, 16, 13, 40, 39, 25, 19, 64, 33, 29, 54]
客户端数：50	时间：0.006981849670410156	客户端：[9, 46, 14, 1, 45, 3, 50, 36, 21, 10, 30, 15, 24, 48, 18, 55, 56, 43, 31, 59, 57, 38, 37, 6, 58, 11, 61, 22, 12, 62, 16, 13, 40, 39, 25, 19, 64, 33, 29, 54, 53, 23, 35, 63, 32, 4, 26, 8, 20, 2]
客户端数：53	时间：0.007979631423950195	客户端：[9, 46, 14, 1, 45, 3, 50, 36, 21, 10, 30, 15, 24, 48, 18, 55, 56, 43, 31, 59, 57, 38, 37, 6, 58, 11, 61, 22, 12, 62, 16, 13, 40, 39, 25, 19, 64, 33, 29, 54, 53, 23, 35, 63, 32, 4, 26, 8, 20, 2, 34, 7, 5]
T3
客户端数：10	时间：11.484108448028564	客户端：[9, 46, 14, 1, 45, 3, 50, 36, 21, 10]
客户端数：20	时间：47.74619960784912	客户端：[9, 46, 14, 1, 45, 3, 50, 36, 21, 10, 30, 15, 24, 48, 18, 55, 56, 43, 31, 59]
客户端数：30	时间：108.62443327903748	客户端：[9, 46, 14, 1, 45, 3, 50, 36, 21, 10, 30, 15, 24, 48, 18, 55, 56, 43, 31, 59, 57, 38, 37, 6, 58, 11, 61, 22, 12, 62]
客户端数：40	时间：194.31487107276917	客户端：[9, 46, 14, 1, 45, 3, 50, 36, 21, 10, 30, 15, 24, 48, 18, 55, 56, 43, 31, 59, 57, 38, 37, 6, 58, 11, 61, 22, 12, 62, 16, 13, 40, 39, 25, 19, 64, 33, 29, 54]
客户端数：50	时间：328.4379708766937	客户端：[9, 46, 14, 1, 45, 3, 50, 36, 21, 10, 30, 15, 24, 48, 18, 55, 56, 43, 31, 59, 57, 38, 37, 6, 58, 11, 61, 22, 12, 62, 16, 13, 40, 39, 25, 19, 64, 33, 29, 54, 53, 23, 35, 63, 32, 4, 26, 8, 20, 2]
客户端数：53	时间：366.5609357357025	客户端：[9, 46, 14, 1, 45, 3, 50, 36, 21, 10, 30, 15, 24, 48, 18, 55, 56, 43, 31, 59, 57, 38, 37, 6, 58, 11, 61, 22, 12, 62, 16, 13, 40, 39, 25, 19, 64, 33, 29, 54, 53, 23, 35, 63, 32, 4, 26, 8, 20, 2, 34, 7, 5]
BYTE
客户端数：0	字节数：0	客户端：[]
score：184614960.2153846
loss rate：-184614959.2153846
finished iteration：2023-01-01 00:01:21.723108

Number of rounds 5
T1
客户端数：0	时间：0	客户端：[]
T2
客户端数：10	时间：0.003990650177001953	客户端：[46, 14, 20, 40, 45, 54, 36, 55, 31, 59]
客户端数：20	时间：0.004987239837646484	客户端：[46, 14, 20, 40, 45, 54, 36, 55, 31, 59, 29, 39, 24, 38, 3, 48, 64, 25, 32, 7]
客户端数：30	时间：0.00807046890258789	客户端：[46, 14, 20, 40, 45, 54, 36, 55, 31, 59, 29, 39, 24, 38, 3, 48, 64, 25, 32, 7, 8, 12, 16, 30, 43, 57, 34, 11, 61, 9]
客户端数：40	时间：0.00807046890258789	客户端：[46, 14, 20, 40, 45, 54, 36, 55, 31, 59, 29, 39, 24, 38, 3, 48, 64, 25, 32, 7, 8, 12, 16, 30, 43, 57, 34, 11, 61, 9, 19, 6, 18, 56, 58, 63, 62, 4, 22, 15]
客户端数：50	时间：0.010061025619506836	客户端：[46, 14, 20, 40, 45, 54, 36, 55, 31, 59, 29, 39, 24, 38, 3, 48, 64, 25, 32, 7, 8, 12, 16, 30, 43, 57, 34, 11, 61, 9, 19, 6, 18, 56, 58, 63, 62, 4, 22, 15, 53, 13, 23, 26, 33, 35, 50, 1, 10, 37]
T3
客户端数：10	时间：0.48221826553344727	客户端：[46, 14, 20, 40, 45, 54, 36, 55, 31, 59]
客户端数：20	时间：1.0222830772399902	客户端：[46, 14, 20, 40, 45, 54, 36, 55, 31, 59, 29, 39, 24, 38, 3, 48, 64, 25, 32, 7]
客户端数：30	时间：1.6298081874847412	客户端：[46, 14, 20, 40, 45, 54, 36, 55, 31, 59, 29, 39, 24, 38, 3, 48, 64, 25, 32, 7, 8, 12, 16, 30, 43, 57, 34, 11, 61, 9]
客户端数：40	时间：2.299569845199585	客户端：[46, 14, 20, 40, 45, 54, 36, 55, 31, 59, 29, 39, 24, 38, 3, 48, 64, 25, 32, 7, 8, 12, 16, 30, 43, 57, 34, 11, 61, 9, 19, 6, 18, 56, 58, 63, 62, 4, 22, 15]
客户端数：50	时间：3.7784674167633057	客户端：[46, 14, 20, 40, 45, 54, 36, 55, 31, 59, 29, 39, 24, 38, 3, 48, 64, 25, 32, 7, 8, 12, 16, 30, 43, 57, 34, 11, 61, 9, 19, 6, 18, 56, 58, 63, 62, 4, 22, 15, 53, 13, 23, 26, 33, 35, 50, 1, 10, 37]
BYTE
客户端数：0	字节数：0	客户端：[]
score：174886779.12820512
loss rate：-174886778.12820512
finished iteration：2023-01-01 00:01:44.418319

