Number of rounds 1
T1
客户端数：10	时间：0.00498652458190918	客户端：[5, 24, 14, 28, 33, 37, 22, 42, 4, 20]
客户端数：20	时间：0.011619329452514648	客户端：[5, 24, 14, 28, 33, 37, 22, 42, 4, 20, 49, 10, 7, 29, 40, 46, 16, 25, 45, 1]
客户端数：30	时间：0.014608621597290039	客户端：[5, 24, 14, 28, 33, 37, 22, 42, 4, 20, 49, 10, 7, 29, 40, 46, 16, 25, 45, 1, 2, 52, 63, 58, 31, 3, 48, 13, 59, 9]
客户端数：40	时间：0.01934957504272461	客户端：[5, 24, 14, 28, 33, 37, 22, 42, 4, 20, 49, 10, 7, 29, 40, 46, 16, 25, 45, 1, 2, 52, 63, 58, 31, 3, 48, 13, 59, 9, 50, 15, 21, 53, 54, 43, 27, 38, 23, 56]
客户端数：50	时间：0.02293992042541504	客户端：[5, 24, 14, 28, 33, 37, 22, 42, 4, 20, 49, 10, 7, 29, 40, 46, 16, 25, 45, 1, 2, 52, 63, 58, 31, 3, 48, 13, 59, 9, 50, 15, 21, 53, 54, 43, 27, 38, 23, 56, 32, 51, 44, 64, 19, 18, 62, 8, 57, 35]
客户端数：59	时间：0.02493429183959961	客户端：[5, 24, 14, 28, 33, 37, 22, 42, 4, 20, 49, 10, 7, 29, 40, 46, 16, 25, 45, 1, 2, 52, 63, 58, 31, 3, 48, 13, 59, 9, 50, 15, 21, 53, 54, 43, 27, 38, 23, 56, 32, 51, 44, 64, 19, 18, 62, 8, 57, 35, 12, 30, 34, 41, 60, 11, 61, 55, 6]
T2
客户端数：10	时间：0.002991914749145508	客户端：[25, 13, 8, 18, 50, 21, 40, 56, 37, 22]
客户端数：20	时间：0.007979154586791992	客户端：[25, 13, 8, 18, 50, 21, 40, 56, 37, 22, 57, 34, 5, 4, 64, 2, 51, 12, 7, 41]
客户端数：30	时间：0.009973764419555664	客户端：[25, 13, 8, 18, 50, 21, 40, 56, 37, 22, 57, 34, 5, 4, 64, 2, 51, 12, 7, 41, 63, 6, 28, 27, 14, 9, 54, 16, 19, 60]
客户端数：40	时间：0.011971712112426758	客户端：[25, 13, 8, 18, 50, 21, 40, 56, 37, 22, 57, 34, 5, 4, 64, 2, 51, 12, 7, 41, 63, 6, 28, 27, 14, 9, 54, 16, 19, 60, 31, 55, 44, 30, 1, 24, 3, 48, 32, 42]
客户端数：50	时间：0.015966415405273438	客户端：[25, 13, 8, 18, 50, 21, 40, 56, 37, 22, 57, 34, 5, 4, 64, 2, 51, 12, 7, 41, 63, 6, 28, 27, 14, 9, 54, 16, 19, 60, 31, 55, 44, 30, 1, 24, 3, 48, 32, 42, 52, 23, 10, 53, 15, 20, 49, 29, 43, 61]
客户端数：59	时间：0.018958091735839844	客户端：[25, 13, 8, 18, 50, 21, 40, 56, 37, 22, 57, 34, 5, 4, 64, 2, 51, 12, 7, 41, 63, 6, 28, 27, 14, 9, 54, 16, 19, 60, 31, 55, 44, 30, 1, 24, 3, 48, 32, 42, 52, 23, 10, 53, 15, 20, 49, 29, 43, 61, 38, 59, 33, 35, 58, 46, 45, 62, 11]
T3
客户端数：10	时间：15.166858434677124	客户端：[25, 13, 8, 18, 50, 21, 40, 56, 37, 22]
客户端数：20	时间：58.272226333618164	客户端：[25, 13, 8, 18, 50, 21, 40, 56, 37, 22, 57, 34, 5, 4, 64, 2, 51, 12, 7, 41]
客户端数：30	时间：133.12023401260376	客户端：[25, 13, 8, 18, 50, 21, 40, 56, 37, 22, 57, 34, 5, 4, 64, 2, 51, 12, 7, 41, 63, 6, 28, 27, 14, 9, 54, 16, 19, 60]
客户端数：40	时间：240.0042850971222	客户端：[25, 13, 8, 18, 50, 21, 40, 56, 37, 22, 57, 34, 5, 4, 64, 2, 51, 12, 7, 41, 63, 6, 28, 27, 14, 9, 54, 16, 19, 60, 31, 55, 44, 30, 1, 24, 3, 48, 32, 42]
客户端数：50	时间：375.50121688842773	客户端：[25, 13, 8, 18, 50, 21, 40, 56, 37, 22, 57, 34, 5, 4, 64, 2, 51, 12, 7, 41, 63, 6, 28, 27, 14, 9, 54, 16, 19, 60, 31, 55, 44, 30, 1, 24, 3, 48, 32, 42, 52, 23, 10, 53, 15, 20, 49, 29, 43, 61]
客户端数：59	时间：521.7283284664154	客户端：[25, 13, 8, 18, 50, 21, 40, 56, 37, 22, 57, 34, 5, 4, 64, 2, 51, 12, 7, 41, 63, 6, 28, 27, 14, 9, 54, 16, 19, 60, 31, 55, 44, 30, 1, 24, 3, 48, 32, 42, 52, 23, 10, 53, 15, 20, 49, 29, 43, 61, 38, 59, 33, 35, 58, 46, 45, 62, 11]
BYTE
客户端数：10	字节数：3200000	客户端：[5, 24, 14, 28, 33, 37, 22, 42, 4, 20]
客户端数：20	字节数：6400000	客户端：[5, 24, 14, 28, 33, 37, 22, 42, 4, 20, 49, 10, 7, 29, 40, 46, 16, 25, 45, 1]
客户端数：30	字节数：9600000	客户端：[5, 24, 14, 28, 33, 37, 22, 42, 4, 20, 49, 10, 7, 29, 40, 46, 16, 25, 45, 1, 2, 52, 63, 58, 31, 3, 48, 13, 59, 9]
客户端数：40	字节数：12800000	客户端：[5, 24, 14, 28, 33, 37, 22, 42, 4, 20, 49, 10, 7, 29, 40, 46, 16, 25, 45, 1, 2, 52, 63, 58, 31, 3, 48, 13, 59, 9, 50, 15, 21, 53, 54, 43, 27, 38, 23, 56]
客户端数：50	字节数：16000000	客户端：[5, 24, 14, 28, 33, 37, 22, 42, 4, 20, 49, 10, 7, 29, 40, 46, 16, 25, 45, 1, 2, 52, 63, 58, 31, 3, 48, 13, 59, 9, 50, 15, 21, 53, 54, 43, 27, 38, 23, 56, 32, 51, 44, 64, 19, 18, 62, 8, 57, 35]
客户端数：59	字节数：18880000	客户端：[5, 24, 14, 28, 33, 37, 22, 42, 4, 20, 49, 10, 7, 29, 40, 46, 16, 25, 45, 1, 2, 52, 63, 58, 31, 3, 48, 13, 59, 9, 50, 15, 21, 53, 54, 43, 27, 38, 23, 56, 32, 51, 44, 64, 19, 18, 62, 8, 57, 35, 12, 30, 34, 41, 60, 11, 61, 55, 6]
PRO_LEN：320000
score：0.6086349206349206
loss rate：0.39136507936507936
finished iteration：2023-01-01 00:00:17.190504

Number of rounds 2
T1
客户端数：10	时间：0.00399017333984375	客户端：[5, 22, 18, 25, 13, 8, 40, 7, 51, 28]
客户端数：20	时间：0.006982564926147461	客户端：[5, 22, 18, 25, 13, 8, 40, 7, 51, 28, 57, 24, 50, 30, 9, 1, 63, 10, 56, 12]
客户端数：30	时间：0.009975194931030273	客户端：[5, 22, 18, 25, 13, 8, 40, 7, 51, 28, 57, 24, 50, 30, 9, 1, 63, 10, 56, 12, 19, 2, 31, 64, 27, 44, 52, 3, 20, 23]
客户端数：40	时间：0.012965202331542969	客户端：[5, 22, 18, 25, 13, 8, 40, 7, 51, 28, 57, 24, 50, 30, 9, 1, 63, 10, 56, 12, 19, 2, 31, 64, 27, 44, 52, 3, 20, 23, 54, 55, 32, 42, 53, 49, 14, 6, 43, 41]
客户端数：50	时间：0.013970613479614258	客户端：[5, 22, 18, 25, 13, 8, 40, 7, 51, 28, 57, 24, 50, 30, 9, 1, 63, 10, 56, 12, 19, 2, 31, 64, 27, 44, 52, 3, 20, 23, 54, 55, 32, 42, 53, 49, 14, 6, 43, 41, 61, 16, 38, 4, 33, 21, 59, 29, 35, 58]
客户端数：59	时间：0.015958070755004883	客户端：[5, 22, 18, 25, 13, 8, 40, 7, 51, 28, 57, 24, 50, 30, 9, 1, 63, 10, 56, 12, 19, 2, 31, 64, 27, 44, 52, 3, 20, 23, 54, 55, 32, 42, 53, 49, 14, 6, 43, 41, 61, 16, 38, 4, 33, 21, 59, 29, 35, 58, 60, 48, 45, 46, 37, 62, 34, 11, 15]
T2
客户端数：10	时间：0.0019958019256591797	客户端：[25, 8, 18, 63, 13, 60, 50, 10, 51, 22]
客户端数：20	时间：0.002992391586303711	客户端：[25, 8, 18, 63, 13, 60, 50, 10, 51, 22, 49, 4, 21, 12, 58, 38, 41, 6, 54, 42]
客户端数：30	时间：0.004986763000488281	客户端：[25, 8, 18, 63, 13, 60, 50, 10, 51, 22, 49, 4, 21, 12, 58, 38, 41, 6, 54, 42, 35, 48, 27, 53, 55, 34, 3, 28, 30, 11]
客户端数：40	时间：0.006981372833251953	客户端：[25, 8, 18, 63, 13, 60, 50, 10, 51, 22, 49, 4, 21, 12, 58, 38, 41, 6, 54, 42, 35, 48, 27, 53, 55, 34, 3, 28, 30, 11, 24, 29, 31, 32, 46, 23, 7, 52, 57, 33]
客户端数：50	时间：0.008976221084594727	客户端：[25, 8, 18, 63, 13, 60, 50, 10, 51, 22, 49, 4, 21, 12, 58, 38, 41, 6, 54, 42, 35, 48, 27, 53, 55, 34, 3, 28, 30, 11, 24, 29, 31, 32, 46, 23, 7, 52, 57, 33, 15, 2, 5, 20, 44, 61, 40, 45, 19, 16]
客户端数：59	时间：0.008976221084594727	客户端：[25, 8, 18, 63, 13, 60, 50, 10, 51, 22, 49, 4, 21, 12, 58, 38, 41, 6, 54, 42, 35, 48, 27, 53, 55, 34, 3, 28, 30, 11, 24, 29, 31, 32, 46, 23, 7, 52, 57, 33, 15, 2, 5, 20, 44, 61, 40, 45, 19, 16, 9, 59, 64, 14, 62, 1, 37, 56, 43]
T3
客户端数：10	时间：1.601717233657837	客户端：[25, 8, 18, 63, 13, 60, 50, 10, 51, 22]
客户端数：20	时间：3.22537899017334	客户端：[25, 8, 18, 63, 13, 60, 50, 10, 51, 22, 49, 4, 21, 12, 58, 38, 41, 6, 54, 42]
客户端数：30	时间：4.867984056472778	客户端：[25, 8, 18, 63, 13, 60, 50, 10, 51, 22, 49, 4, 21, 12, 58, 38, 41, 6, 54, 42, 35, 48, 27, 53, 55, 34, 3, 28, 30, 11]
客户端数：40	时间：6.530531883239746	客户端：[25, 8, 18, 63, 13, 60, 50, 10, 51, 22, 49, 4, 21, 12, 58, 38, 41, 6, 54, 42, 35, 48, 27, 53, 55, 34, 3, 28, 30, 11, 24, 29, 31, 32, 46, 23, 7, 52, 57, 33]
客户端数：50	时间：8.213027238845825	客户端：[25, 8, 18, 63, 13, 60, 50, 10, 51, 22, 49, 4, 21, 12, 58, 38, 41, 6, 54, 42, 35, 48, 27, 53, 55, 34, 3, 28, 30, 11, 24, 29, 31, 32, 46, 23, 7, 52, 57, 33, 15, 2, 5, 20, 44, 61, 40, 45, 19, 16]
客户端数：59	时间：9.74492597579956	客户端：[25, 8, 18, 63, 13, 60, 50, 10, 51, 22, 49, 4, 21, 12, 58, 38, 41, 6, 54, 42, 35, 48, 27, 53, 55, 34, 3, 28, 30, 11, 24, 29, 31, 32, 46, 23, 7, 52, 57, 33, 15, 2, 5, 20, 44, 61, 40, 45, 19, 16, 9, 59, 64, 14, 62, 1, 37, 56, 43]
BYTE
客户端数：10	字节数：3200000	客户端：[5, 22, 18, 25, 13, 8, 40, 7, 51, 28]
客户端数：20	字节数：6400000	客户端：[5, 22, 18, 25, 13, 8, 40, 7, 51, 28, 57, 24, 50, 30, 9, 1, 63, 10, 56, 12]
客户端数：30	字节数：9600000	客户端：[5, 22, 18, 25, 13, 8, 40, 7, 51, 28, 57, 24, 50, 30, 9, 1, 63, 10, 56, 12, 19, 2, 31, 64, 27, 44, 52, 3, 20, 23]
客户端数：40	字节数：12800000	客户端：[5, 22, 18, 25, 13, 8, 40, 7, 51, 28, 57, 24, 50, 30, 9, 1, 63, 10, 56, 12, 19, 2, 31, 64, 27, 44, 52, 3, 20, 23, 54, 55, 32, 42, 53, 49, 14, 6, 43, 41]
客户端数：50	字节数：16000000	客户端：[5, 22, 18, 25, 13, 8, 40, 7, 51, 28, 57, 24, 50, 30, 9, 1, 63, 10, 56, 12, 19, 2, 31, 64, 27, 44, 52, 3, 20, 23, 54, 55, 32, 42, 53, 49, 14, 6, 43, 41, 61, 16, 38, 4, 33, 21, 59, 29, 35, 58]
客户端数：59	字节数：18880000	客户端：[5, 22, 18, 25, 13, 8, 40, 7, 51, 28, 57, 24, 50, 30, 9, 1, 63, 10, 56, 12, 19, 2, 31, 64, 27, 44, 52, 3, 20, 23, 54, 55, 32, 42, 53, 49, 14, 6, 43, 41, 61, 16, 38, 4, 33, 21, 59, 29, 35, 58, 60, 48, 45, 46, 37, 62, 34, 11, 15]
PRO_LEN：320000
score：0.9533968253968254
loss rate：0.046603174603174646
finished iteration：2023-01-01 00:00:35.622324

