Number of rounds 1
T1
客户端数：10	时间：0.04587817192077637	客户端：[12, 35, 50, 44, 25, 27, 16, 53, 56, 61]
客户端数：20	时间：0.04986763000488281	客户端：[12, 35, 50, 44, 25, 27, 16, 53, 56, 61, 1, 21, 64, 20, 48, 14, 30, 55, 7, 46]
客户端数：30	时间：0.05186200141906738	客户端：[12, 35, 50, 44, 25, 27, 16, 53, 56, 61, 1, 21, 64, 20, 48, 14, 30, 55, 7, 46, 23, 11, 52, 49, 28, 8, 3, 29, 42, 63]
客户端数：40	时间：0.05585193634033203	客户端：[12, 35, 50, 44, 25, 27, 16, 53, 56, 61, 1, 21, 64, 20, 48, 14, 30, 55, 7, 46, 23, 11, 52, 49, 28, 8, 3, 29, 42, 63, 32, 18, 47, 31, 41, 9, 57, 19, 6, 60]
客户端数：50	时间：0.05884385108947754	客户端：[12, 35, 50, 44, 25, 27, 16, 53, 56, 61, 1, 21, 64, 20, 48, 14, 30, 55, 7, 46, 23, 11, 52, 49, 28, 8, 3, 29, 42, 63, 32, 18, 47, 31, 41, 9, 57, 19, 6, 60, 13, 22, 62, 51, 5, 58, 17, 15, 39, 43]
客户端数：59	时间：0.06283235549926758	客户端：[12, 35, 50, 44, 25, 27, 16, 53, 56, 61, 1, 21, 64, 20, 48, 14, 30, 55, 7, 46, 23, 11, 52, 49, 28, 8, 3, 29, 42, 63, 32, 18, 47, 31, 41, 9, 57, 19, 6, 60, 13, 22, 62, 51, 5, 58, 17, 15, 39, 43, 26, 2, 37, 34, 45, 36, 4, 59, 38]
T2
客户端数：10	时间：0.0029840469360351562	客户端：[17, 55, 11, 50, 53, 43, 32, 1, 56, 38]
客户端数：20	时间：0.005976200103759766	客户端：[17, 55, 11, 50, 53, 43, 32, 1, 56, 38, 60, 3, 13, 8, 16, 52, 63, 6, 35, 30]
客户端数：30	时间：0.009970903396606445	客户端：[17, 55, 11, 50, 53, 43, 32, 1, 56, 38, 60, 3, 13, 8, 16, 52, 63, 6, 35, 30, 46, 21, 5, 41, 7, 58, 9, 27, 47, 23]
客户端数：40	时间：0.013961553573608398	客户端：[17, 55, 11, 50, 53, 43, 32, 1, 56, 38, 60, 3, 13, 8, 16, 52, 63, 6, 35, 30, 46, 21, 5, 41, 7, 58, 9, 27, 47, 23, 12, 25, 28, 59, 61, 19, 22, 49, 48, 57]
客户端数：50	时间：0.01695418357849121	客户端：[17, 55, 11, 50, 53, 43, 32, 1, 56, 38, 60, 3, 13, 8, 16, 52, 63, 6, 35, 30, 46, 21, 5, 41, 7, 58, 9, 27, 47, 23, 12, 25, 28, 59, 61, 19, 22, 49, 48, 57, 29, 26, 15, 20, 4, 42, 31, 64, 44, 14]
客户端数：59	时间：0.0219423770904541	客户端：[17, 55, 11, 50, 53, 43, 32, 1, 56, 38, 60, 3, 13, 8, 16, 52, 63, 6, 35, 30, 46, 21, 5, 41, 7, 58, 9, 27, 47, 23, 12, 25, 28, 59, 61, 19, 22, 49, 48, 57, 29, 26, 15, 20, 4, 42, 31, 64, 44, 14, 51, 18, 37, 2, 34, 45, 39, 36, 62]
T3
客户端数：10	时间：14.582858800888062	客户端：[17, 55, 11, 50, 53, 43, 32, 1, 56, 38]
客户端数：20	时间：56.56933784484863	客户端：[17, 55, 11, 50, 53, 43, 32, 1, 56, 38, 60, 3, 13, 8, 16, 52, 63, 6, 35, 30]
客户端数：30	时间：125.87963533401489	客户端：[17, 55, 11, 50, 53, 43, 32, 1, 56, 38, 60, 3, 13, 8, 16, 52, 63, 6, 35, 30, 46, 21, 5, 41, 7, 58, 9, 27, 47, 23]
客户端数：40	时间：222.6487581729889	客户端：[17, 55, 11, 50, 53, 43, 32, 1, 56, 38, 60, 3, 13, 8, 16, 52, 63, 6, 35, 30, 46, 21, 5, 41, 7, 58, 9, 27, 47, 23, 12, 25, 28, 59, 61, 19, 22, 49, 48, 57]
客户端数：50	时间：345.82264161109924	客户端：[17, 55, 11, 50, 53, 43, 32, 1, 56, 38, 60, 3, 13, 8, 16, 52, 63, 6, 35, 30, 46, 21, 5, 41, 7, 58, 9, 27, 47, 23, 12, 25, 28, 59, 61, 19, 22, 49, 48, 57, 29, 26, 15, 20, 4, 42, 31, 64, 44, 14]
客户端数：59	时间：479.627379655838	客户端：[17, 55, 11, 50, 53, 43, 32, 1, 56, 38, 60, 3, 13, 8, 16, 52, 63, 6, 35, 30, 46, 21, 5, 41, 7, 58, 9, 27, 47, 23, 12, 25, 28, 59, 61, 19, 22, 49, 48, 57, 29, 26, 15, 20, 4, 42, 31, 64, 44, 14, 51, 18, 37, 2, 34, 45, 39, 36, 62]
BYTE
客户端数：10	字节数：3200000	客户端：[12, 35, 50, 44, 25, 27, 16, 53, 56, 61]
客户端数：20	字节数：6400000	客户端：[12, 35, 50, 44, 25, 27, 16, 53, 56, 61, 1, 21, 64, 20, 48, 14, 30, 55, 7, 46]
客户端数：30	字节数：9600000	客户端：[12, 35, 50, 44, 25, 27, 16, 53, 56, 61, 1, 21, 64, 20, 48, 14, 30, 55, 7, 46, 23, 11, 52, 49, 28, 8, 3, 29, 42, 63]
客户端数：40	字节数：12800000	客户端：[12, 35, 50, 44, 25, 27, 16, 53, 56, 61, 1, 21, 64, 20, 48, 14, 30, 55, 7, 46, 23, 11, 52, 49, 28, 8, 3, 29, 42, 63, 32, 18, 47, 31, 41, 9, 57, 19, 6, 60]
客户端数：50	字节数：16000000	客户端：[12, 35, 50, 44, 25, 27, 16, 53, 56, 61, 1, 21, 64, 20, 48, 14, 30, 55, 7, 46, 23, 11, 52, 49, 28, 8, 3, 29, 42, 63, 32, 18, 47, 31, 41, 9, 57, 19, 6, 60, 13, 22, 62, 51, 5, 58, 17, 15, 39, 43]
客户端数：59	字节数：18880000	客户端：[12, 35, 50, 44, 25, 27, 16, 53, 56, 61, 1, 21, 64, 20, 48, 14, 30, 55, 7, 46, 23, 11, 52, 49, 28, 8, 3, 29, 42, 63, 32, 18, 47, 31, 41, 9, 57, 19, 6, 60, 13, 22, 62, 51, 5, 58, 17, 15, 39, 43, 26, 2, 37, 34, 45, 36, 4, 59, 38]
PRO_LEN：320000
score：0.6076825396825397
loss rate：0.3923174603174603
finished iteration：2023-01-01 00:00:24.936898

Number of rounds 2
T1
客户端数：10	时间：0.003988981246948242	客户端：[50, 53, 17, 56, 11, 35, 16, 1, 38, 3]
客户端数：20	时间：0.00698089599609375	客户端：[50, 53, 17, 56, 11, 35, 16, 1, 38, 3, 12, 21, 27, 46, 30, 7, 52, 8, 23, 60]
客户端数：30	时间：0.008976459503173828	客户端：[50, 53, 17, 56, 11, 35, 16, 1, 38, 3, 12, 21, 27, 46, 30, 7, 52, 8, 23, 60, 13, 48, 47, 19, 49, 6, 9, 58, 61, 29]
客户端数：40	时间：0.01296687126159668	客户端：[50, 53, 17, 56, 11, 35, 16, 1, 38, 3, 12, 21, 27, 46, 30, 7, 52, 8, 23, 60, 13, 48, 47, 19, 49, 6, 9, 58, 61, 29, 26, 59, 22, 55, 4, 44, 14, 64, 41, 18]
客户端数：50	时间：0.014959096908569336	客户端：[50, 53, 17, 56, 11, 35, 16, 1, 38, 3, 12, 21, 27, 46, 30, 7, 52, 8, 23, 60, 13, 48, 47, 19, 49, 6, 9, 58, 61, 29, 26, 59, 22, 55, 4, 44, 14, 64, 41, 18, 5, 43, 51, 34, 2, 31, 37, 63, 25, 45]
客户端数：59	时间：0.017950773239135742	客户端：[50, 53, 17, 56, 11, 35, 16, 1, 38, 3, 12, 21, 27, 46, 30, 7, 52, 8, 23, 60, 13, 48, 47, 19, 49, 6, 9, 58, 61, 29, 26, 59, 22, 55, 4, 44, 14, 64, 41, 18, 5, 43, 51, 34, 2, 31, 37, 63, 25, 45, 42, 15, 39, 57, 32, 20, 28, 36, 62]
T2
客户端数：10	时间：0.0009980201721191406	客户端：[17, 39, 11, 53, 15, 51, 32, 1, 43, 38]
客户端数：20	时间：0.002991199493408203	客户端：[17, 39, 11, 53, 15, 51, 32, 1, 43, 38, 3, 52, 34, 55, 20, 58, 64, 7, 6, 18]
客户端数：30	时间：0.0049860477447509766	客户端：[17, 39, 11, 53, 15, 51, 32, 1, 43, 38, 3, 52, 34, 55, 20, 58, 64, 7, 6, 18, 22, 13, 19, 5, 25, 44, 9, 46, 47, 23]
客户端数：40	时间：0.0069806575775146484	客户端：[17, 39, 11, 53, 15, 51, 32, 1, 43, 38, 3, 52, 34, 55, 20, 58, 64, 7, 6, 18, 22, 13, 19, 5, 25, 44, 9, 46, 47, 23, 12, 49, 35, 26, 36, 59, 45, 48, 31, 62]
客户端数：50	时间：0.00897526741027832	客户端：[17, 39, 11, 53, 15, 51, 32, 1, 43, 38, 3, 52, 34, 55, 20, 58, 64, 7, 6, 18, 22, 13, 19, 5, 25, 44, 9, 46, 47, 23, 12, 49, 35, 26, 36, 59, 45, 48, 31, 62, 4, 56, 60, 16, 2, 8, 42, 61, 50, 28]
客户端数：59	时间：0.009973526000976562	客户端：[17, 39, 11, 53, 15, 51, 32, 1, 43, 38, 3, 52, 34, 55, 20, 58, 64, 7, 6, 18, 22, 13, 19, 5, 25, 44, 9, 46, 47, 23, 12, 49, 35, 26, 36, 59, 45, 48, 31, 62, 4, 56, 60, 16, 2, 8, 42, 61, 50, 28, 63, 29, 57, 37, 27, 14, 41, 30, 21]
T3
客户端数：10	时间：1.4002485275268555	客户端：[17, 39, 11, 53, 15, 51, 32, 1, 43, 38]
客户端数：20	时间：2.821434259414673	客户端：[17, 39, 11, 53, 15, 51, 32, 1, 43, 38, 3, 52, 34, 55, 20, 58, 64, 7, 6, 18]
客户端数：30	时间：4.260571241378784	客户端：[17, 39, 11, 53, 15, 51, 32, 1, 43, 38, 3, 52, 34, 55, 20, 58, 64, 7, 6, 18, 22, 13, 19, 5, 25, 44, 9, 46, 47, 23]
客户端数：40	时间：5.719655752182007	客户端：[17, 39, 11, 53, 15, 51, 32, 1, 43, 38, 3, 52, 34, 55, 20, 58, 64, 7, 6, 18, 22, 13, 19, 5, 25, 44, 9, 46, 47, 23, 12, 49, 35, 26, 36, 59, 45, 48, 31, 62]
客户端数：50	时间：7.197685480117798	客户端：[17, 39, 11, 53, 15, 51, 32, 1, 43, 38, 3, 52, 34, 55, 20, 58, 64, 7, 6, 18, 22, 13, 19, 5, 25, 44, 9, 46, 47, 23, 12, 49, 35, 26, 36, 59, 45, 48, 31, 62, 4, 56, 60, 16, 2, 8, 42, 61, 50, 28]
客户端数：59	时间：8.54906177520752	客户端：[17, 39, 11, 53, 15, 51, 32, 1, 43, 38, 3, 52, 34, 55, 20, 58, 64, 7, 6, 18, 22, 13, 19, 5, 25, 44, 9, 46, 47, 23, 12, 49, 35, 26, 36, 59, 45, 48, 31, 62, 4, 56, 60, 16, 2, 8, 42, 61, 50, 28, 63, 29, 57, 37, 27, 14, 41, 30, 21]
BYTE
客户端数：10	字节数：3200000	客户端：[50, 53, 17, 56, 11, 35, 16, 1, 38, 3]
客户端数：20	字节数：6400000	客户端：[50, 53, 17, 56, 11, 35, 16, 1, 38, 3, 12, 21, 27, 46, 30, 7, 52, 8, 23, 60]
客户端数：30	字节数：9600000	客户端：[50, 53, 17, 56, 11, 35, 16, 1, 38, 3, 12, 21, 27, 46, 30, 7, 52, 8, 23, 60, 13, 48, 47, 19, 49, 6, 9, 58, 61, 29]
客户端数：40	字节数：12800000	客户端：[50, 53, 17, 56, 11, 35, 16, 1, 38, 3, 12, 21, 27, 46, 30, 7, 52, 8, 23, 60, 13, 48, 47, 19, 49, 6, 9, 58, 61, 29, 26, 59, 22, 55, 4, 44, 14, 64, 41, 18]
客户端数：50	字节数：16000000	客户端：[50, 53, 17, 56, 11, 35, 16, 1, 38, 3, 12, 21, 27, 46, 30, 7, 52, 8, 23, 60, 13, 48, 47, 19, 49, 6, 9, 58, 61, 29, 26, 59, 22, 55, 4, 44, 14, 64, 41, 18, 5, 43, 51, 34, 2, 31, 37, 63, 25, 45]
客户端数：59	字节数：18880000	客户端：[50, 53, 17, 56, 11, 35, 16, 1, 38, 3, 12, 21, 27, 46, 30, 7, 52, 8, 23, 60, 13, 48, 47, 19, 49, 6, 9, 58, 61, 29, 26, 59, 22, 55, 4, 44, 14, 64, 41, 18, 5, 43, 51, 34, 2, 31, 37, 63, 25, 45, 42, 15, 39, 57, 32, 20, 28, 36, 62]
PRO_LEN：320000
score：0.9499047619047619
loss rate：0.05009523809523808
finished iteration：2023-01-01 00:00:40.347568

