Number of rounds 1
T1
客户端数：10	时间：0.0069713592529296875	客户端：[41, 43, 59, 20, 32, 48, 44, 24, 2, 25]
客户端数：20	时间：0.009964942932128906	客户端：[41, 43, 59, 20, 32, 48, 44, 24, 2, 25, 54, 4, 11, 13, 22, 33, 1, 8, 21, 34]
客户端数：30	时间：0.013953924179077148	客户端：[41, 43, 59, 20, 32, 48, 44, 24, 2, 25, 54, 4, 11, 13, 22, 33, 1, 8, 21, 34, 36, 26, 30, 19, 40, 18, 7, 45, 64, 17]
客户端数：40	时间：0.017952919006347656	客户端：[41, 43, 59, 20, 32, 48, 44, 24, 2, 25, 54, 4, 11, 13, 22, 33, 1, 8, 21, 34, 36, 26, 30, 19, 40, 18, 7, 45, 64, 17, 6, 15, 9, 62, 52, 61, 56, 31, 51, 57]
客户端数：50	时间：0.019947290420532227	客户端：[41, 43, 59, 20, 32, 48, 44, 24, 2, 25, 54, 4, 11, 13, 22, 33, 1, 8, 21, 34, 36, 26, 30, 19, 40, 18, 7, 45, 64, 17, 6, 15, 9, 62, 52, 61, 56, 31, 51, 57, 39, 60, 12, 14, 58, 16, 27, 5, 38, 55]
客户端数：57	时间：0.02293992042541504	客户端：[41, 43, 59, 20, 32, 48, 44, 24, 2, 25, 54, 4, 11, 13, 22, 33, 1, 8, 21, 34, 36, 26, 30, 19, 40, 18, 7, 45, 64, 17, 6, 15, 9, 62, 52, 61, 56, 31, 51, 57, 39, 60, 12, 14, 58, 16, 27, 5, 38, 55, 29, 37, 53, 49, 50, 10, 3]
T2
客户端数：10	时间：0.003988504409790039	客户端：[48, 27, 33, 25, 41, 30, 49, 45, 16, 31]
客户端数：20	时间：0.004986286163330078	客户端：[48, 27, 33, 25, 41, 30, 49, 45, 16, 31, 51, 62, 40, 18, 57, 22, 29, 5, 9, 36]
客户端数：30	时间：0.0074956417083740234	客户端：[48, 27, 33, 25, 41, 30, 49, 45, 16, 31, 51, 62, 40, 18, 57, 22, 29, 5, 9, 36, 19, 26, 24, 15, 12, 34, 59, 60, 10, 52]
客户端数：40	时间：0.009490251541137695	客户端：[48, 27, 33, 25, 41, 30, 49, 45, 16, 31, 51, 62, 40, 18, 57, 22, 29, 5, 9, 36, 19, 26, 24, 15, 12, 34, 59, 60, 10, 52, 2, 17, 6, 54, 44, 3, 50, 14, 7, 55]
客户端数：50	时间：0.010506153106689453	客户端：[48, 27, 33, 25, 41, 30, 49, 45, 16, 31, 51, 62, 40, 18, 57, 22, 29, 5, 9, 36, 19, 26, 24, 15, 12, 34, 59, 60, 10, 52, 2, 17, 6, 54, 44, 3, 50, 14, 7, 55, 20, 11, 37, 56, 38, 61, 8, 4, 39, 64]
客户端数：57	时间：0.012501716613769531	客户端：[48, 27, 33, 25, 41, 30, 49, 45, 16, 31, 51, 62, 40, 18, 57, 22, 29, 5, 9, 36, 19, 26, 24, 15, 12, 34, 59, 60, 10, 52, 2, 17, 6, 54, 44, 3, 50, 14, 7, 55, 20, 11, 37, 56, 38, 61, 8, 4, 39, 64, 21, 58, 1, 32, 53, 43, 13]
T3
客户端数：10	时间：14.016604661941528	客户端：[48, 27, 33, 25, 41, 30, 49, 45, 16, 31]
客户端数：20	时间：57.324235916137695	客户端：[48, 27, 33, 25, 41, 30, 49, 45, 16, 31, 51, 62, 40, 18, 57, 22, 29, 5, 9, 36]
客户端数：30	时间：131.98803234100342	客户端：[48, 27, 33, 25, 41, 30, 49, 45, 16, 31, 51, 62, 40, 18, 57, 22, 29, 5, 9, 36, 19, 26, 24, 15, 12, 34, 59, 60, 10, 52]
客户端数：40	时间：235.89064264297485	客户端：[48, 27, 33, 25, 41, 30, 49, 45, 16, 31, 51, 62, 40, 18, 57, 22, 29, 5, 9, 36, 19, 26, 24, 15, 12, 34, 59, 60, 10, 52, 2, 17, 6, 54, 44, 3, 50, 14, 7, 55]
客户端数：50	时间：368.5988667011261	客户端：[48, 27, 33, 25, 41, 30, 49, 45, 16, 31, 51, 62, 40, 18, 57, 22, 29, 5, 9, 36, 19, 26, 24, 15, 12, 34, 59, 60, 10, 52, 2, 17, 6, 54, 44, 3, 50, 14, 7, 55, 20, 11, 37, 56, 38, 61, 8, 4, 39, 64]
客户端数：57	时间：478.51565527915955	客户端：[48, 27, 33, 25, 41, 30, 49, 45, 16, 31, 51, 62, 40, 18, 57, 22, 29, 5, 9, 36, 19, 26, 24, 15, 12, 34, 59, 60, 10, 52, 2, 17, 6, 54, 44, 3, 50, 14, 7, 55, 20, 11, 37, 56, 38, 61, 8, 4, 39, 64, 21, 58, 1, 32, 53, 43, 13]
BYTE
客户端数：10	字节数：3200000	客户端：[41, 43, 59, 20, 32, 48, 44, 24, 2, 25]
客户端数：20	字节数：6400000	客户端：[41, 43, 59, 20, 32, 48, 44, 24, 2, 25, 54, 4, 11, 13, 22, 33, 1, 8, 21, 34]
客户端数：30	字节数：9600000	客户端：[41, 43, 59, 20, 32, 48, 44, 24, 2, 25, 54, 4, 11, 13, 22, 33, 1, 8, 21, 34, 36, 26, 30, 19, 40, 18, 7, 45, 64, 17]
客户端数：40	字节数：12800000	客户端：[41, 43, 59, 20, 32, 48, 44, 24, 2, 25, 54, 4, 11, 13, 22, 33, 1, 8, 21, 34, 36, 26, 30, 19, 40, 18, 7, 45, 64, 17, 6, 15, 9, 62, 52, 61, 56, 31, 51, 57]
客户端数：50	字节数：16000000	客户端：[41, 43, 59, 20, 32, 48, 44, 24, 2, 25, 54, 4, 11, 13, 22, 33, 1, 8, 21, 34, 36, 26, 30, 19, 40, 18, 7, 45, 64, 17, 6, 15, 9, 62, 52, 61, 56, 31, 51, 57, 39, 60, 12, 14, 58, 16, 27, 5, 38, 55]
客户端数：57	字节数：18240000	客户端：[41, 43, 59, 20, 32, 48, 44, 24, 2, 25, 54, 4, 11, 13, 22, 33, 1, 8, 21, 34, 36, 26, 30, 19, 40, 18, 7, 45, 64, 17, 6, 15, 9, 62, 52, 61, 56, 31, 51, 57, 39, 60, 12, 14, 58, 16, 27, 5, 38, 55, 29, 37, 53, 49, 50, 10, 3]
PRO_LEN：320000
score：0.5812063492063492
loss rate：0.41879365079365083
finished iteration：2023-01-01 00:00:11.605080

Number of rounds 2
T1
客户端数：10	时间：0.001996278762817383	客户端：[41, 33, 25, 57, 48, 62, 24, 22, 40, 10]
客户端数：20	时间：0.003990650177001953	客户端：[41, 33, 25, 57, 48, 62, 24, 22, 40, 10, 2, 29, 45, 54, 12, 30, 9, 31, 44, 16]
客户端数：30	时间：0.0059850215911865234	客户端：[41, 33, 25, 57, 48, 62, 24, 22, 40, 10, 2, 29, 45, 54, 12, 30, 9, 31, 44, 16, 20, 5, 27, 34, 51, 19, 59, 26, 36, 11]
客户端数：40	时间：0.007979869842529297	客户端：[41, 33, 25, 57, 48, 62, 24, 22, 40, 10, 2, 29, 45, 54, 12, 30, 9, 31, 44, 16, 20, 5, 27, 34, 51, 19, 59, 26, 36, 11, 49, 60, 38, 4, 7, 50, 3, 61, 39, 15]
客户端数：50	时间：0.009973287582397461	客户端：[41, 33, 25, 57, 48, 62, 24, 22, 40, 10, 2, 29, 45, 54, 12, 30, 9, 31, 44, 16, 20, 5, 27, 34, 51, 19, 59, 26, 36, 11, 49, 60, 38, 4, 7, 50, 3, 61, 39, 15, 55, 64, 52, 6, 18, 37, 21, 56, 1, 58]
客户端数：57	时间：0.010970830917358398	客户端：[41, 33, 25, 57, 48, 62, 24, 22, 40, 10, 2, 29, 45, 54, 12, 30, 9, 31, 44, 16, 20, 5, 27, 34, 51, 19, 59, 26, 36, 11, 49, 60, 38, 4, 7, 50, 3, 61, 39, 15, 55, 64, 52, 6, 18, 37, 21, 56, 1, 58, 8, 32, 53, 43, 17, 14, 13]
T2
客户端数：10	时间：0.001995086669921875	客户端：[48, 27, 31, 41, 53, 16, 49, 25, 13, 57]
客户端数：20	时间：0.003989458084106445	客户端：[48, 27, 31, 41, 53, 16, 49, 25, 13, 57, 12, 40, 62, 18, 9, 51, 22, 5, 24, 61]
客户端数：30	时间：0.005984067916870117	客户端：[48, 27, 31, 41, 53, 16, 49, 25, 13, 57, 12, 40, 62, 18, 9, 51, 22, 5, 24, 61, 10, 36, 8, 56, 45, 59, 26, 64, 37, 32]
客户端数：40	时间：0.006981372833251953	客户端：[48, 27, 31, 41, 53, 16, 49, 25, 13, 57, 12, 40, 62, 18, 9, 51, 22, 5, 24, 61, 10, 36, 8, 56, 45, 59, 26, 64, 37, 32, 52, 2, 60, 15, 58, 17, 38, 54, 14, 7]
客户端数：50	时间：0.008976221084594727	客户端：[48, 27, 31, 41, 53, 16, 49, 25, 13, 57, 12, 40, 62, 18, 9, 51, 22, 5, 24, 61, 10, 36, 8, 56, 45, 59, 26, 64, 37, 32, 52, 2, 60, 15, 58, 17, 38, 54, 14, 7, 21, 19, 50, 3, 44, 33, 4, 34, 6, 39]
客户端数：57	时间：0.008976221084594727	客户端：[48, 27, 31, 41, 53, 16, 49, 25, 13, 57, 12, 40, 62, 18, 9, 51, 22, 5, 24, 61, 10, 36, 8, 56, 45, 59, 26, 64, 37, 32, 52, 2, 60, 15, 58, 17, 38, 54, 14, 7, 21, 19, 50, 3, 44, 33, 4, 34, 6, 39, 11, 30, 29, 43, 1, 20, 55]
T3
客户端数：10	时间：0.8407537937164307	客户端：[48, 27, 31, 41, 53, 16, 49, 25, 13, 57]
客户端数：20	时间：1.7014544010162354	客户端：[48, 27, 31, 41, 53, 16, 49, 25, 13, 57, 12, 40, 62, 18, 9, 51, 22, 5, 24, 61]
客户端数：30	时间：2.5801050662994385	客户端：[48, 27, 31, 41, 53, 16, 49, 25, 13, 57, 12, 40, 62, 18, 9, 51, 22, 5, 24, 61, 10, 36, 8, 56, 45, 59, 26, 64, 37, 32]
客户端数：40	时间：3.477705240249634	客户端：[48, 27, 31, 41, 53, 16, 49, 25, 13, 57, 12, 40, 62, 18, 9, 51, 22, 5, 24, 61, 10, 36, 8, 56, 45, 59, 26, 64, 37, 32, 52, 2, 60, 15, 58, 17, 38, 54, 14, 7]
客户端数：50	时间：4.3942551612854	客户端：[48, 27, 31, 41, 53, 16, 49, 25, 13, 57, 12, 40, 62, 18, 9, 51, 22, 5, 24, 61, 10, 36, 8, 56, 45, 59, 26, 64, 37, 32, 52, 2, 60, 15, 58, 17, 38, 54, 14, 7, 21, 19, 50, 3, 44, 33, 4, 34, 6, 39]
客户端数：57	时间：5.106349945068359	客户端：[48, 27, 31, 41, 53, 16, 49, 25, 13, 57, 12, 40, 62, 18, 9, 51, 22, 5, 24, 61, 10, 36, 8, 56, 45, 59, 26, 64, 37, 32, 52, 2, 60, 15, 58, 17, 38, 54, 14, 7, 21, 19, 50, 3, 44, 33, 4, 34, 6, 39, 11, 30, 29, 43, 1, 20, 55]
BYTE
客户端数：10	字节数：3200000	客户端：[41, 33, 25, 57, 48, 62, 24, 22, 40, 10]
客户端数：20	字节数：6400000	客户端：[41, 33, 25, 57, 48, 62, 24, 22, 40, 10, 2, 29, 45, 54, 12, 30, 9, 31, 44, 16]
客户端数：30	字节数：9600000	客户端：[41, 33, 25, 57, 48, 62, 24, 22, 40, 10, 2, 29, 45, 54, 12, 30, 9, 31, 44, 16, 20, 5, 27, 34, 51, 19, 59, 26, 36, 11]
客户端数：40	字节数：12800000	客户端：[41, 33, 25, 57, 48, 62, 24, 22, 40, 10, 2, 29, 45, 54, 12, 30, 9, 31, 44, 16, 20, 5, 27, 34, 51, 19, 59, 26, 36, 11, 49, 60, 38, 4, 7, 50, 3, 61, 39, 15]
客户端数：50	字节数：16000000	客户端：[41, 33, 25, 57, 48, 62, 24, 22, 40, 10, 2, 29, 45, 54, 12, 30, 9, 31, 44, 16, 20, 5, 27, 34, 51, 19, 59, 26, 36, 11, 49, 60, 38, 4, 7, 50, 3, 61, 39, 15, 55, 64, 52, 6, 18, 37, 21, 56, 1, 58]
客户端数：57	字节数：18240000	客户端：[41, 33, 25, 57, 48, 62, 24, 22, 40, 10, 2, 29, 45, 54, 12, 30, 9, 31, 44, 16, 20, 5, 27, 34, 51, 19, 59, 26, 36, 11, 49, 60, 38, 4, 7, 50, 3, 61, 39, 15, 55, 64, 52, 6, 18, 37, 21, 56, 1, 58, 8, 32, 53, 43, 17, 14, 13]
PRO_LEN：320000
score：0.949968253968254
loss rate：0.05003174603174598
finished iteration：2023-01-01 00:00:30.888437

