Number of rounds 1
T1
客户端数：0	时间：0	客户端：[]
T2
客户端数：10	时间：0.0	客户端：[41, 86, 107, 92, 114, 106, 57, 75, 83, 51]
客户端数：20	时间：0.0	客户端：[41, 86, 107, 92, 114, 106, 57, 75, 83, 51, 67, 89, 112, 49, 69, 66, 50, 93, 56, 81]
客户端数：30	时间：0.0	客户端：[41, 86, 107, 92, 114, 106, 57, 75, 83, 51, 67, 89, 112, 49, 69, 66, 50, 93, 56, 81, 64, 104, 4, 58, 30, 118, 110, 96, 48, 68]
客户端数：40	时间：0.0	客户端：[41, 86, 107, 92, 114, 106, 57, 75, 83, 51, 67, 89, 112, 49, 69, 66, 50, 93, 56, 81, 64, 104, 4, 58, 30, 118, 110, 96, 48, 68, 44, 43, 78, 84, 72, 42, 39, 34, 1, 11]
客户端数：50	时间：0.0	客户端：[41, 86, 107, 92, 114, 106, 57, 75, 83, 51, 67, 89, 112, 49, 69, 66, 50, 93, 56, 81, 64, 104, 4, 58, 30, 118, 110, 96, 48, 68, 44, 43, 78, 84, 72, 42, 39, 34, 1, 11, 17, 38, 97, 55, 36, 124, 61, 62, 94, 95]
客户端数：60	时间：0.0	客户端：[41, 86, 107, 92, 114, 106, 57, 75, 83, 51, 67, 89, 112, 49, 69, 66, 50, 93, 56, 81, 64, 104, 4, 58, 30, 118, 110, 96, 48, 68, 44, 43, 78, 84, 72, 42, 39, 34, 1, 11, 17, 38, 97, 55, 36, 124, 61, 62, 94, 95, 22, 127, 33, 111, 8, 103, 76, 63, 52, 15]
客户端数：70	时间：0.0	客户端：[41, 86, 107, 92, 114, 106, 57, 75, 83, 51, 67, 89, 112, 49, 69, 66, 50, 93, 56, 81, 64, 104, 4, 58, 30, 118, 110, 96, 48, 68, 44, 43, 78, 84, 72, 42, 39, 34, 1, 11, 17, 38, 97, 55, 36, 124, 61, 62, 94, 95, 22, 127, 33, 111, 8, 103, 76, 63, 52, 15, 99, 45, 47, 88, 26, 71, 6, 102, 20, 128]
客户端数：80	时间：0.0	客户端：[41, 86, 107, 92, 114, 106, 57, 75, 83, 51, 67, 89, 112, 49, 69, 66, 50, 93, 56, 81, 64, 104, 4, 58, 30, 118, 110, 96, 48, 68, 44, 43, 78, 84, 72, 42, 39, 34, 1, 11, 17, 38, 97, 55, 36, 124, 61, 62, 94, 95, 22, 127, 33, 111, 8, 103, 76, 63, 52, 15, 99, 45, 47, 88, 26, 71, 6, 102, 20, 128, 123, 108, 122, 10, 98, 85, 82, 77, 91, 9]
客户端数：90	时间：0.0	客户端：[41, 86, 107, 92, 114, 106, 57, 75, 83, 51, 67, 89, 112, 49, 69, 66, 50, 93, 56, 81, 64, 104, 4, 58, 30, 118, 110, 96, 48, 68, 44, 43, 78, 84, 72, 42, 39, 34, 1, 11, 17, 38, 97, 55, 36, 124, 61, 62, 94, 95, 22, 127, 33, 111, 8, 103, 76, 63, 52, 15, 99, 45, 47, 88, 26, 71, 6, 102, 20, 128, 123, 108, 122, 10, 98, 85, 82, 77, 91, 9, 46, 80, 60, 13, 28, 18, 74, 126, 37, 29]
客户端数：100	时间：0.0	客户端：[41, 86, 107, 92, 114, 106, 57, 75, 83, 51, 67, 89, 112, 49, 69, 66, 50, 93, 56, 81, 64, 104, 4, 58, 30, 118, 110, 96, 48, 68, 44, 43, 78, 84, 72, 42, 39, 34, 1, 11, 17, 38, 97, 55, 36, 124, 61, 62, 94, 95, 22, 127, 33, 111, 8, 103, 76, 63, 52, 15, 99, 45, 47, 88, 26, 71, 6, 102, 20, 128, 123, 108, 122, 10, 98, 85, 82, 77, 91, 9, 46, 80, 60, 13, 28, 18, 74, 126, 37, 29, 14, 100, 5, 101, 116, 115, 109, 54, 24, 31]
客户端数：110	时间：0.0	客户端：[41, 86, 107, 92, 114, 106, 57, 75, 83, 51, 67, 89, 112, 49, 69, 66, 50, 93, 56, 81, 64, 104, 4, 58, 30, 118, 110, 96, 48, 68, 44, 43, 78, 84, 72, 42, 39, 34, 1, 11, 17, 38, 97, 55, 36, 124, 61, 62, 94, 95, 22, 127, 33, 111, 8, 103, 76, 63, 52, 15, 99, 45, 47, 88, 26, 71, 6, 102, 20, 128, 123, 108, 122, 10, 98, 85, 82, 77, 91, 9, 46, 80, 60, 13, 28, 18, 74, 126, 37, 29, 14, 100, 5, 101, 116, 115, 109, 54, 24, 31, 79, 117, 27, 73, 105, 40, 120, 2, 125, 23]
客户端数：120	时间：0.0	客户端：[41, 86, 107, 92, 114, 106, 57, 75, 83, 51, 67, 89, 112, 49, 69, 66, 50, 93, 56, 81, 64, 104, 4, 58, 30, 118, 110, 96, 48, 68, 44, 43, 78, 84, 72, 42, 39, 34, 1, 11, 17, 38, 97, 55, 36, 124, 61, 62, 94, 95, 22, 127, 33, 111, 8, 103, 76, 63, 52, 15, 99, 45, 47, 88, 26, 71, 6, 102, 20, 128, 123, 108, 122, 10, 98, 85, 82, 77, 91, 9, 46, 80, 60, 13, 28, 18, 74, 126, 37, 29, 14, 100, 5, 101, 116, 115, 109, 54, 24, 31, 79, 117, 27, 73, 105, 40, 120, 2, 125, 23, 119, 59, 53, 121, 7, 3, 12, 21, 70, 113]
客户端数：124	时间：0.0	客户端：[41, 86, 107, 92, 114, 106, 57, 75, 83, 51, 67, 89, 112, 49, 69, 66, 50, 93, 56, 81, 64, 104, 4, 58, 30, 118, 110, 96, 48, 68, 44, 43, 78, 84, 72, 42, 39, 34, 1, 11, 17, 38, 97, 55, 36, 124, 61, 62, 94, 95, 22, 127, 33, 111, 8, 103, 76, 63, 52, 15, 99, 45, 47, 88, 26, 71, 6, 102, 20, 128, 123, 108, 122, 10, 98, 85, 82, 77, 91, 9, 46, 80, 60, 13, 28, 18, 74, 126, 37, 29, 14, 100, 5, 101, 116, 115, 109, 54, 24, 31, 79, 117, 27, 73, 105, 40, 120, 2, 125, 23, 119, 59, 53, 121, 7, 3, 12, 21, 70, 113, 90, 16, 65, 25]
T3
客户端数：10	时间：8.947977542877197	客户端：[41, 86, 107, 92, 114, 106, 57, 75, 83, 51]
客户端数：20	时间：35.75198006629944	客户端：[41, 86, 107, 92, 114, 106, 57, 75, 83, 51, 67, 89, 112, 49, 69, 66, 50, 93, 56, 81]
客户端数：30	时间：80.9043459892273	客户端：[41, 86, 107, 92, 114, 106, 57, 75, 83, 51, 67, 89, 112, 49, 69, 66, 50, 93, 56, 81, 64, 104, 4, 58, 30, 118, 110, 96, 48, 68]
客户端数：40	时间：143.76478791236877	客户端：[41, 86, 107, 92, 114, 106, 57, 75, 83, 51, 67, 89, 112, 49, 69, 66, 50, 93, 56, 81, 64, 104, 4, 58, 30, 118, 110, 96, 48, 68, 44, 43, 78, 84, 72, 42, 39, 34, 1, 11]
客户端数：50	时间：224.65245580673218	客户端：[41, 86, 107, 92, 114, 106, 57, 75, 83, 51, 67, 89, 112, 49, 69, 66, 50, 93, 56, 81, 64, 104, 4, 58, 30, 118, 110, 96, 48, 68, 44, 43, 78, 84, 72, 42, 39, 34, 1, 11, 17, 38, 97, 55, 36, 124, 61, 62, 94, 95]
客户端数：60	时间：322.81925916671753	客户端：[41, 86, 107, 92, 114, 106, 57, 75, 83, 51, 67, 89, 112, 49, 69, 66, 50, 93, 56, 81, 64, 104, 4, 58, 30, 118, 110, 96, 48, 68, 44, 43, 78, 84, 72, 42, 39, 34, 1, 11, 17, 38, 97, 55, 36, 124, 61, 62, 94, 95, 22, 127, 33, 111, 8, 103, 76, 63, 52, 15]
客户端数：70	时间：438.5975594520569	客户端：[41, 86, 107, 92, 114, 106, 57, 75, 83, 51, 67, 89, 112, 49, 69, 66, 50, 93, 56, 81, 64, 104, 4, 58, 30, 118, 110, 96, 48, 68, 44, 43, 78, 84, 72, 42, 39, 34, 1, 11, 17, 38, 97, 55, 36, 124, 61, 62, 94, 95, 22, 127, 33, 111, 8, 103, 76, 63, 52, 15, 99, 45, 47, 88, 26, 71, 6, 102, 20, 128]
客户端数：80	时间：571.8385136127472	客户端：[41, 86, 107, 92, 114, 106, 57, 75, 83, 51, 67, 89, 112, 49, 69, 66, 50, 93, 56, 81, 64, 104, 4, 58, 30, 118, 110, 96, 48, 68, 44, 43, 78, 84, 72, 42, 39, 34, 1, 11, 17, 38, 97, 55, 36, 124, 61, 62, 94, 95, 22, 127, 33, 111, 8, 103, 76, 63, 52, 15, 99, 45, 47, 88, 26, 71, 6, 102, 20, 128, 123, 108, 122, 10, 98, 85, 82, 77, 91, 9]
客户端数：90	时间：722.5727124214172	客户端：[41, 86, 107, 92, 114, 106, 57, 75, 83, 51, 67, 89, 112, 49, 69, 66, 50, 93, 56, 81, 64, 104, 4, 58, 30, 118, 110, 96, 48, 68, 44, 43, 78, 84, 72, 42, 39, 34, 1, 11, 17, 38, 97, 55, 36, 124, 61, 62, 94, 95, 22, 127, 33, 111, 8, 103, 76, 63, 52, 15, 99, 45, 47, 88, 26, 71, 6, 102, 20, 128, 123, 108, 122, 10, 98, 85, 82, 77, 91, 9, 46, 80, 60, 13, 28, 18, 74, 126, 37, 29]
客户端数：100	时间：890.7676317691803	客户端：[41, 86, 107, 92, 114, 106, 57, 75, 83, 51, 67, 89, 112, 49, 69, 66, 50, 93, 56, 81, 64, 104, 4, 58, 30, 118, 110, 96, 48, 68, 44, 43, 78, 84, 72, 42, 39, 34, 1, 11, 17, 38, 97, 55, 36, 124, 61, 62, 94, 95, 22, 127, 33, 111, 8, 103, 76, 63, 52, 15, 99, 45, 47, 88, 26, 71, 6, 102, 20, 128, 123, 108, 122, 10, 98, 85, 82, 77, 91, 9, 46, 80, 60, 13, 28, 18, 74, 126, 37, 29, 14, 100, 5, 101, 116, 115, 109, 54, 24, 31]
客户端数：110	时间：1076.8350312709808	客户端：[41, 86, 107, 92, 114, 106, 57, 75, 83, 51, 67, 89, 112, 49, 69, 66, 50, 93, 56, 81, 64, 104, 4, 58, 30, 118, 110, 96, 48, 68, 44, 43, 78, 84, 72, 42, 39, 34, 1, 11, 17, 38, 97, 55, 36, 124, 61, 62, 94, 95, 22, 127, 33, 111, 8, 103, 76, 63, 52, 15, 99, 45, 47, 88, 26, 71, 6, 102, 20, 128, 123, 108, 122, 10, 98, 85, 82, 77, 91, 9, 46, 80, 60, 13, 28, 18, 74, 126, 37, 29, 14, 100, 5, 101, 116, 115, 109, 54, 24, 31, 79, 117, 27, 73, 105, 40, 120, 2, 125, 23]
客户端数：120	时间：1280.6838028430939	客户端：[41, 86, 107, 92, 114, 106, 57, 75, 83, 51, 67, 89, 112, 49, 69, 66, 50, 93, 56, 81, 64, 104, 4, 58, 30, 118, 110, 96, 48, 68, 44, 43, 78, 84, 72, 42, 39, 34, 1, 11, 17, 38, 97, 55, 36, 124, 61, 62, 94, 95, 22, 127, 33, 111, 8, 103, 76, 63, 52, 15, 99, 45, 47, 88, 26, 71, 6, 102, 20, 128, 123, 108, 122, 10, 98, 85, 82, 77, 91, 9, 46, 80, 60, 13, 28, 18, 74, 126, 37, 29, 14, 100, 5, 101, 116, 115, 109, 54, 24, 31, 79, 117, 27, 73, 105, 40, 120, 2, 125, 23, 119, 59, 53, 121, 7, 3, 12, 21, 70, 113]
客户端数：124	时间：1367.2068874835968	客户端：[41, 86, 107, 92, 114, 106, 57, 75, 83, 51, 67, 89, 112, 49, 69, 66, 50, 93, 56, 81, 64, 104, 4, 58, 30, 118, 110, 96, 48, 68, 44, 43, 78, 84, 72, 42, 39, 34, 1, 11, 17, 38, 97, 55, 36, 124, 61, 62, 94, 95, 22, 127, 33, 111, 8, 103, 76, 63, 52, 15, 99, 45, 47, 88, 26, 71, 6, 102, 20, 128, 123, 108, 122, 10, 98, 85, 82, 77, 91, 9, 46, 80, 60, 13, 28, 18, 74, 126, 37, 29, 14, 100, 5, 101, 116, 115, 109, 54, 24, 31, 79, 117, 27, 73, 105, 40, 120, 2, 125, 23, 119, 59, 53, 121, 7, 3, 12, 21, 70, 113, 90, 16, 65, 25]
BYTE
客户端数：0	字节数：0	客户端：[]
MAE：36095442.0
RMSE：36095442.00028554
finished iteration：2023-01-01 00:00:13.268822

Number of rounds 2
T1
客户端数：0	时间：0	客户端：[]
T2
客户端数：10	时间：0.0	客户端：[41, 86, 55, 92, 107, 89, 69, 106, 51, 73]
客户端数：20	时间：0.0	客户端：[41, 86, 55, 92, 107, 89, 69, 106, 51, 73, 67, 75, 99, 90, 113, 115, 48, 56, 58, 125]
客户端数：30	时间：0.0	客户端：[41, 86, 55, 92, 107, 89, 69, 106, 51, 73, 67, 75, 99, 90, 113, 115, 48, 56, 58, 125, 118, 72, 64, 44, 110, 16, 81, 126, 96, 43]
客户端数：40	时间：0.0	客户端：[41, 86, 55, 92, 107, 89, 69, 106, 51, 73, 67, 75, 99, 90, 113, 115, 48, 56, 58, 125, 118, 72, 64, 44, 110, 16, 81, 126, 96, 43, 123, 30, 40, 102, 11, 15, 36, 109, 121, 39]
客户端数：50	时间：0.0	客户端：[41, 86, 55, 92, 107, 89, 69, 106, 51, 73, 67, 75, 99, 90, 113, 115, 48, 56, 58, 125, 118, 72, 64, 44, 110, 16, 81, 126, 96, 43, 123, 30, 40, 102, 11, 15, 36, 109, 121, 39, 100, 91, 13, 97, 120, 84, 17, 33, 21, 2]
客户端数：60	时间：0.0	客户端：[41, 86, 55, 92, 107, 89, 69, 106, 51, 73, 67, 75, 99, 90, 113, 115, 48, 56, 58, 125, 118, 72, 64, 44, 110, 16, 81, 126, 96, 43, 123, 30, 40, 102, 11, 15, 36, 109, 121, 39, 100, 91, 13, 97, 120, 84, 17, 33, 21, 2, 22, 116, 85, 98, 45, 70, 63, 26, 74, 119]
客户端数：70	时间：0.0009975433349609375	客户端：[41, 86, 55, 92, 107, 89, 69, 106, 51, 73, 67, 75, 99, 90, 113, 115, 48, 56, 58, 125, 118, 72, 64, 44, 110, 16, 81, 126, 96, 43, 123, 30, 40, 102, 11, 15, 36, 109, 121, 39, 100, 91, 13, 97, 120, 84, 17, 33, 21, 2, 22, 116, 85, 98, 45, 70, 63, 26, 74, 119, 105, 14, 127, 20, 95, 128, 34, 27, 124, 62]
客户端数：80	时间：0.0019948482513427734	客户端：[41, 86, 55, 92, 107, 89, 69, 106, 51, 73, 67, 75, 99, 90, 113, 115, 48, 56, 58, 125, 118, 72, 64, 44, 110, 16, 81, 126, 96, 43, 123, 30, 40, 102, 11, 15, 36, 109, 121, 39, 100, 91, 13, 97, 120, 84, 17, 33, 21, 2, 22, 116, 85, 98, 45, 70, 63, 26, 74, 119, 105, 14, 127, 20, 95, 128, 34, 27, 124, 62, 46, 18, 82, 8, 10, 71, 94, 88, 6, 60]
客户端数：90	时间：0.002992391586303711	客户端：[41, 86, 55, 92, 107, 89, 69, 106, 51, 73, 67, 75, 99, 90, 113, 115, 48, 56, 58, 125, 118, 72, 64, 44, 110, 16, 81, 126, 96, 43, 123, 30, 40, 102, 11, 15, 36, 109, 121, 39, 100, 91, 13, 97, 120, 84, 17, 33, 21, 2, 22, 116, 85, 98, 45, 70, 63, 26, 74, 119, 105, 14, 127, 20, 95, 128, 34, 27, 124, 62, 46, 18, 82, 8, 10, 71, 94, 88, 6, 60, 103, 101, 80, 83, 42, 112, 28, 111, 59, 54]
客户端数：100	时间：0.002992391586303711	客户端：[41, 86, 55, 92, 107, 89, 69, 106, 51, 73, 67, 75, 99, 90, 113, 115, 48, 56, 58, 125, 118, 72, 64, 44, 110, 16, 81, 126, 96, 43, 123, 30, 40, 102, 11, 15, 36, 109, 121, 39, 100, 91, 13, 97, 120, 84, 17, 33, 21, 2, 22, 116, 85, 98, 45, 70, 63, 26, 74, 119, 105, 14, 127, 20, 95, 128, 34, 27, 124, 62, 46, 18, 82, 8, 10, 71, 94, 88, 6, 60, 103, 101, 80, 83, 42, 112, 28, 111, 59, 54, 25, 68, 49, 24, 52, 7, 23, 104, 77, 78]
客户端数：110	时间：0.002992391586303711	客户端：[41, 86, 55, 92, 107, 89, 69, 106, 51, 73, 67, 75, 99, 90, 113, 115, 48, 56, 58, 125, 118, 72, 64, 44, 110, 16, 81, 126, 96, 43, 123, 30, 40, 102, 11, 15, 36, 109, 121, 39, 100, 91, 13, 97, 120, 84, 17, 33, 21, 2, 22, 116, 85, 98, 45, 70, 63, 26, 74, 119, 105, 14, 127, 20, 95, 128, 34, 27, 124, 62, 46, 18, 82, 8, 10, 71, 94, 88, 6, 60, 103, 101, 80, 83, 42, 112, 28, 111, 59, 54, 25, 68, 49, 24, 52, 7, 23, 104, 77, 78, 65, 66, 37, 47, 29, 122, 117, 57, 93, 61]
客户端数：120	时间：0.0039899349212646484	客户端：[41, 86, 55, 92, 107, 89, 69, 106, 51, 73, 67, 75, 99, 90, 113, 115, 48, 56, 58, 125, 118, 72, 64, 44, 110, 16, 81, 126, 96, 43, 123, 30, 40, 102, 11, 15, 36, 109, 121, 39, 100, 91, 13, 97, 120, 84, 17, 33, 21, 2, 22, 116, 85, 98, 45, 70, 63, 26, 74, 119, 105, 14, 127, 20, 95, 128, 34, 27, 124, 62, 46, 18, 82, 8, 10, 71, 94, 88, 6, 60, 103, 101, 80, 83, 42, 112, 28, 111, 59, 54, 25, 68, 49, 24, 52, 7, 23, 104, 77, 78, 65, 66, 37, 47, 29, 122, 117, 57, 93, 61, 79, 3, 76, 38, 114, 1, 19, 12, 9, 4]
客户端数：121	时间：0.0039899349212646484	客户端：[41, 86, 55, 92, 107, 89, 69, 106, 51, 73, 67, 75, 99, 90, 113, 115, 48, 56, 58, 125, 118, 72, 64, 44, 110, 16, 81, 126, 96, 43, 123, 30, 40, 102, 11, 15, 36, 109, 121, 39, 100, 91, 13, 97, 120, 84, 17, 33, 21, 2, 22, 116, 85, 98, 45, 70, 63, 26, 74, 119, 105, 14, 127, 20, 95, 128, 34, 27, 124, 62, 46, 18, 82, 8, 10, 71, 94, 88, 6, 60, 103, 101, 80, 83, 42, 112, 28, 111, 59, 54, 25, 68, 49, 24, 52, 7, 23, 104, 77, 78, 65, 66, 37, 47, 29, 122, 117, 57, 93, 61, 79, 3, 76, 38, 114, 1, 19, 12, 9, 4, 108]
T3
客户端数：10	时间：8.219174146652222	客户端：[41, 86, 55, 92, 107, 89, 69, 106, 51, 73]
客户端数：20	时间：34.3814651966095	客户端：[41, 86, 55, 92, 107, 89, 69, 106, 51, 73, 67, 75, 99, 90, 113, 115, 48, 56, 58, 125]
客户端数：30	时间：78.14588260650635	客户端：[41, 86, 55, 92, 107, 89, 69, 106, 51, 73, 67, 75, 99, 90, 113, 115, 48, 56, 58, 125, 118, 72, 64, 44, 110, 16, 81, 126, 96, 43]
客户端数：40	时间：139.81752252578735	客户端：[41, 86, 55, 92, 107, 89, 69, 106, 51, 73, 67, 75, 99, 90, 113, 115, 48, 56, 58, 125, 118, 72, 64, 44, 110, 16, 81, 126, 96, 43, 123, 30, 40, 102, 11, 15, 36, 109, 121, 39]
客户端数：50	时间：219.2175703048706	客户端：[41, 86, 55, 92, 107, 89, 69, 106, 51, 73, 67, 75, 99, 90, 113, 115, 48, 56, 58, 125, 118, 72, 64, 44, 110, 16, 81, 126, 96, 43, 123, 30, 40, 102, 11, 15, 36, 109, 121, 39, 100, 91, 13, 97, 120, 84, 17, 33, 21, 2]
客户端数：60	时间：316.2962818145752	客户端：[41, 86, 55, 92, 107, 89, 69, 106, 51, 73, 67, 75, 99, 90, 113, 115, 48, 56, 58, 125, 118, 72, 64, 44, 110, 16, 81, 126, 96, 43, 123, 30, 40, 102, 11, 15, 36, 109, 121, 39, 100, 91, 13, 97, 120, 84, 17, 33, 21, 2, 22, 116, 85, 98, 45, 70, 63, 26, 74, 119]
客户端数：70	时间：431.48113799095154	客户端：[41, 86, 55, 92, 107, 89, 69, 106, 51, 73, 67, 75, 99, 90, 113, 115, 48, 56, 58, 125, 118, 72, 64, 44, 110, 16, 81, 126, 96, 43, 123, 30, 40, 102, 11, 15, 36, 109, 121, 39, 100, 91, 13, 97, 120, 84, 17, 33, 21, 2, 22, 116, 85, 98, 45, 70, 63, 26, 74, 119, 105, 14, 127, 20, 95, 128, 34, 27, 124, 62]
客户端数：80	时间：564.3974704742432	客户端：[41, 86, 55, 92, 107, 89, 69, 106, 51, 73, 67, 75, 99, 90, 113, 115, 48, 56, 58, 125, 118, 72, 64, 44, 110, 16, 81, 126, 96, 43, 123, 30, 40, 102, 11, 15, 36, 109, 121, 39, 100, 91, 13, 97, 120, 84, 17, 33, 21, 2, 22, 116, 85, 98, 45, 70, 63, 26, 74, 119, 105, 14, 127, 20, 95, 128, 34, 27, 124, 62, 46, 18, 82, 8, 10, 71, 94, 88, 6, 60]
客户端数：90	时间：714.7822177410126	客户端：[41, 86, 55, 92, 107, 89, 69, 106, 51, 73, 67, 75, 99, 90, 113, 115, 48, 56, 58, 125, 118, 72, 64, 44, 110, 16, 81, 126, 96, 43, 123, 30, 40, 102, 11, 15, 36, 109, 121, 39, 100, 91, 13, 97, 120, 84, 17, 33, 21, 2, 22, 116, 85, 98, 45, 70, 63, 26, 74, 119, 105, 14, 127, 20, 95, 128, 34, 27, 124, 62, 46, 18, 82, 8, 10, 71, 94, 88, 6, 60, 103, 101, 80, 83, 42, 112, 28, 111, 59, 54]
客户端数：100	时间：882.2045638561249	客户端：[41, 86, 55, 92, 107, 89, 69, 106, 51, 73, 67, 75, 99, 90, 113, 115, 48, 56, 58, 125, 118, 72, 64, 44, 110, 16, 81, 126, 96, 43, 123, 30, 40, 102, 11, 15, 36, 109, 121, 39, 100, 91, 13, 97, 120, 84, 17, 33, 21, 2, 22, 116, 85, 98, 45, 70, 63, 26, 74, 119, 105, 14, 127, 20, 95, 128, 34, 27, 124, 62, 46, 18, 82, 8, 10, 71, 94, 88, 6, 60, 103, 101, 80, 83, 42, 112, 28, 111, 59, 54, 25, 68, 49, 24, 52, 7, 23, 104, 77, 78]
客户端数：110	时间：1067.2140049934387	客户端：[41, 86, 55, 92, 107, 89, 69, 106, 51, 73, 67, 75, 99, 90, 113, 115, 48, 56, 58, 125, 118, 72, 64, 44, 110, 16, 81, 126, 96, 43, 123, 30, 40, 102, 11, 15, 36, 109, 121, 39, 100, 91, 13, 97, 120, 84, 17, 33, 21, 2, 22, 116, 85, 98, 45, 70, 63, 26, 74, 119, 105, 14, 127, 20, 95, 128, 34, 27, 124, 62, 46, 18, 82, 8, 10, 71, 94, 88, 6, 60, 103, 101, 80, 83, 42, 112, 28, 111, 59, 54, 25, 68, 49, 24, 52, 7, 23, 104, 77, 78, 65, 66, 37, 47, 29, 122, 117, 57, 93, 61]
客户端数：120	时间：1301.1560864448547	客户端：[41, 86, 55, 92, 107, 89, 69, 106, 51, 73, 67, 75, 99, 90, 113, 115, 48, 56, 58, 125, 118, 72, 64, 44, 110, 16, 81, 126, 96, 43, 123, 30, 40, 102, 11, 15, 36, 109, 121, 39, 100, 91, 13, 97, 120, 84, 17, 33, 21, 2, 22, 116, 85, 98, 45, 70, 63, 26, 74, 119, 105, 14, 127, 20, 95, 128, 34, 27, 124, 62, 46, 18, 82, 8, 10, 71, 94, 88, 6, 60, 103, 101, 80, 83, 42, 112, 28, 111, 59, 54, 25, 68, 49, 24, 52, 7, 23, 104, 77, 78, 65, 66, 37, 47, 29, 122, 117, 57, 93, 61, 79, 3, 76, 38, 114, 1, 19, 12, 9, 4]
客户端数：121	时间：1322.2844443321228	客户端：[41, 86, 55, 92, 107, 89, 69, 106, 51, 73, 67, 75, 99, 90, 113, 115, 48, 56, 58, 125, 118, 72, 64, 44, 110, 16, 81, 126, 96, 43, 123, 30, 40, 102, 11, 15, 36, 109, 121, 39, 100, 91, 13, 97, 120, 84, 17, 33, 21, 2, 22, 116, 85, 98, 45, 70, 63, 26, 74, 119, 105, 14, 127, 20, 95, 128, 34, 27, 124, 62, 46, 18, 82, 8, 10, 71, 94, 88, 6, 60, 103, 101, 80, 83, 42, 112, 28, 111, 59, 54, 25, 68, 49, 24, 52, 7, 23, 104, 77, 78, 65, 66, 37, 47, 29, 122, 117, 57, 93, 61, 79, 3, 76, 38, 114, 1, 19, 12, 9, 4, 108]
BYTE
客户端数：0	字节数：0	客户端：[]
MAE：51048054.0
RMSE：51048055.95892751
finished iteration：2023-01-01 00:00:34.889675

Number of rounds 3
T1
客户端数：0	时间：0	客户端：[]
T2
客户端数：10	时间：0.0	客户端：[5, 55, 86, 107, 114, 106, 112, 105, 111, 41]
客户端数：20	时间：0.0	客户端：[5, 55, 86, 107, 114, 106, 112, 105, 111, 41, 51, 69, 67, 85, 59, 22, 113, 75, 74, 57]
客户端数：30	时间：0.0	客户端：[5, 55, 86, 107, 114, 106, 112, 105, 111, 41, 51, 69, 67, 85, 59, 22, 113, 75, 74, 57, 77, 65, 93, 12, 54, 125, 64, 108, 4, 43]
客户端数：40	时间：0.0	客户端：[5, 55, 86, 107, 114, 106, 112, 105, 111, 41, 51, 69, 67, 85, 59, 22, 113, 75, 74, 57, 77, 65, 93, 12, 54, 125, 64, 108, 4, 43, 118, 68, 56, 126, 78, 42, 110, 30, 76, 44]
客户端数：50	时间：0.0	客户端：[5, 55, 86, 107, 114, 106, 112, 105, 111, 41, 51, 69, 67, 85, 59, 22, 113, 75, 74, 57, 77, 65, 93, 12, 54, 125, 64, 108, 4, 43, 118, 68, 56, 126, 78, 42, 110, 30, 76, 44, 121, 46, 15, 52, 62, 58, 120, 103, 23, 123]
客户端数：60	时间：0.0	客户端：[5, 55, 86, 107, 114, 106, 112, 105, 111, 41, 51, 69, 67, 85, 59, 22, 113, 75, 74, 57, 77, 65, 93, 12, 54, 125, 64, 108, 4, 43, 118, 68, 56, 126, 78, 42, 110, 30, 76, 44, 121, 46, 15, 52, 62, 58, 120, 103, 23, 123, 2, 1, 95, 45, 97, 124, 122, 117, 127, 61]
客户端数：70	时间：0.0	客户端：[5, 55, 86, 107, 114, 106, 112, 105, 111, 41, 51, 69, 67, 85, 59, 22, 113, 75, 74, 57, 77, 65, 93, 12, 54, 125, 64, 108, 4, 43, 118, 68, 56, 126, 78, 42, 110, 30, 76, 44, 121, 46, 15, 52, 62, 58, 120, 103, 23, 123, 2, 1, 95, 45, 97, 124, 122, 117, 127, 61, 109, 48, 66, 70, 82, 80, 71, 9, 3, 29]
客户端数：80	时间：0.0009970664978027344	客户端：[5, 55, 86, 107, 114, 106, 112, 105, 111, 41, 51, 69, 67, 85, 59, 22, 113, 75, 74, 57, 77, 65, 93, 12, 54, 125, 64, 108, 4, 43, 118, 68, 56, 126, 78, 42, 110, 30, 76, 44, 121, 46, 15, 52, 62, 58, 120, 103, 23, 123, 2, 1, 95, 45, 97, 124, 122, 117, 127, 61, 109, 48, 66, 70, 82, 80, 71, 9, 3, 29, 18, 49, 63, 119, 116, 28, 7, 128, 83, 102]
客户端数：90	时间：0.0009970664978027344	客户端：[5, 55, 86, 107, 114, 106, 112, 105, 111, 41, 51, 69, 67, 85, 59, 22, 113, 75, 74, 57, 77, 65, 93, 12, 54, 125, 64, 108, 4, 43, 118, 68, 56, 126, 78, 42, 110, 30, 76, 44, 121, 46, 15, 52, 62, 58, 120, 103, 23, 123, 2, 1, 95, 45, 97, 124, 122, 117, 127, 61, 109, 48, 66, 70, 82, 80, 71, 9, 3, 29, 18, 49, 63, 119, 116, 28, 7, 128, 83, 102, 26, 36, 6, 98, 34, 10, 21, 99, 79, 72]
客户端数：100	时间：0.0009970664978027344	客户端：[5, 55, 86, 107, 114, 106, 112, 105, 111, 41, 51, 69, 67, 85, 59, 22, 113, 75, 74, 57, 77, 65, 93, 12, 54, 125, 64, 108, 4, 43, 118, 68, 56, 126, 78, 42, 110, 30, 76, 44, 121, 46, 15, 52, 62, 58, 120, 103, 23, 123, 2, 1, 95, 45, 97, 124, 122, 117, 127, 61, 109, 48, 66, 70, 82, 80, 71, 9, 3, 29, 18, 49, 63, 119, 116, 28, 7, 128, 83, 102, 26, 36, 6, 98, 34, 10, 21, 99, 79, 72, 91, 47, 17, 8, 88, 11, 94, 89, 20, 13]
客户端数：110	时间：0.0009970664978027344	客户端：[5, 55, 86, 107, 114, 106, 112, 105, 111, 41, 51, 69, 67, 85, 59, 22, 113, 75, 74, 57, 77, 65, 93, 12, 54, 125, 64, 108, 4, 43, 118, 68, 56, 126, 78, 42, 110, 30, 76, 44, 121, 46, 15, 52, 62, 58, 120, 103, 23, 123, 2, 1, 95, 45, 97, 124, 122, 117, 127, 61, 109, 48, 66, 70, 82, 80, 71, 9, 3, 29, 18, 49, 63, 119, 116, 28, 7, 128, 83, 102, 26, 36, 6, 98, 34, 10, 21, 99, 79, 72, 91, 47, 17, 8, 88, 11, 94, 89, 20, 13, 81, 115, 100, 92, 104, 33, 84, 101, 90, 24]
客户端数：118	时间：0.0009970664978027344	客户端：[5, 55, 86, 107, 114, 106, 112, 105, 111, 41, 51, 69, 67, 85, 59, 22, 113, 75, 74, 57, 77, 65, 93, 12, 54, 125, 64, 108, 4, 43, 118, 68, 56, 126, 78, 42, 110, 30, 76, 44, 121, 46, 15, 52, 62, 58, 120, 103, 23, 123, 2, 1, 95, 45, 97, 124, 122, 117, 127, 61, 109, 48, 66, 70, 82, 80, 71, 9, 3, 29, 18, 49, 63, 119, 116, 28, 7, 128, 83, 102, 26, 36, 6, 98, 34, 10, 21, 99, 79, 72, 91, 47, 17, 8, 88, 11, 94, 89, 20, 13, 81, 115, 100, 92, 104, 33, 84, 101, 90, 24, 40, 60, 37, 96, 73, 16, 14, 25]
T3
客户端数：10	时间：28.643306970596313	客户端：[5, 55, 86, 107, 114, 106, 112, 105, 111, 41]
客户端数：20	时间：54.29252743721008	客户端：[5, 55, 86, 107, 114, 106, 112, 105, 111, 41, 51, 69, 67, 85, 59, 22, 113, 75, 74, 57]
客户端数：30	时间：97.66496586799622	客户端：[5, 55, 86, 107, 114, 106, 112, 105, 111, 41, 51, 69, 67, 85, 59, 22, 113, 75, 74, 57, 77, 65, 93, 12, 54, 125, 64, 108, 4, 43]
客户端数：40	时间：158.36079812049866	客户端：[5, 55, 86, 107, 114, 106, 112, 105, 111, 41, 51, 69, 67, 85, 59, 22, 113, 75, 74, 57, 77, 65, 93, 12, 54, 125, 64, 108, 4, 43, 118, 68, 56, 126, 78, 42, 110, 30, 76, 44]
客户端数：50	时间：236.69872069358826	客户端：[5, 55, 86, 107, 114, 106, 112, 105, 111, 41, 51, 69, 67, 85, 59, 22, 113, 75, 74, 57, 77, 65, 93, 12, 54, 125, 64, 108, 4, 43, 118, 68, 56, 126, 78, 42, 110, 30, 76, 44, 121, 46, 15, 52, 62, 58, 120, 103, 23, 123]
客户端数：60	时间：333.0356047153473	客户端：[5, 55, 86, 107, 114, 106, 112, 105, 111, 41, 51, 69, 67, 85, 59, 22, 113, 75, 74, 57, 77, 65, 93, 12, 54, 125, 64, 108, 4, 43, 118, 68, 56, 126, 78, 42, 110, 30, 76, 44, 121, 46, 15, 52, 62, 58, 120, 103, 23, 123, 2, 1, 95, 45, 97, 124, 122, 117, 127, 61]
客户端数：70	时间：447.6299088001251	客户端：[5, 55, 86, 107, 114, 106, 112, 105, 111, 41, 51, 69, 67, 85, 59, 22, 113, 75, 74, 57, 77, 65, 93, 12, 54, 125, 64, 108, 4, 43, 118, 68, 56, 126, 78, 42, 110, 30, 76, 44, 121, 46, 15, 52, 62, 58, 120, 103, 23, 123, 2, 1, 95, 45, 97, 124, 122, 117, 127, 61, 109, 48, 66, 70, 82, 80, 71, 9, 3, 29]
客户端数：80	时间：579.6847531795502	客户端：[5, 55, 86, 107, 114, 106, 112, 105, 111, 41, 51, 69, 67, 85, 59, 22, 113, 75, 74, 57, 77, 65, 93, 12, 54, 125, 64, 108, 4, 43, 118, 68, 56, 126, 78, 42, 110, 30, 76, 44, 121, 46, 15, 52, 62, 58, 120, 103, 23, 123, 2, 1, 95, 45, 97, 124, 122, 117, 127, 61, 109, 48, 66, 70, 82, 80, 71, 9, 3, 29, 18, 49, 63, 119, 116, 28, 7, 128, 83, 102]
客户端数：90	时间：729.595605134964	客户端：[5, 55, 86, 107, 114, 106, 112, 105, 111, 41, 51, 69, 67, 85, 59, 22, 113, 75, 74, 57, 77, 65, 93, 12, 54, 125, 64, 108, 4, 43, 118, 68, 56, 126, 78, 42, 110, 30, 76, 44, 121, 46, 15, 52, 62, 58, 120, 103, 23, 123, 2, 1, 95, 45, 97, 124, 122, 117, 127, 61, 109, 48, 66, 70, 82, 80, 71, 9, 3, 29, 18, 49, 63, 119, 116, 28, 7, 128, 83, 102, 26, 36, 6, 98, 34, 10, 21, 99, 79, 72]
客户端数：100	时间：896.9889495372772	客户端：[5, 55, 86, 107, 114, 106, 112, 105, 111, 41, 51, 69, 67, 85, 59, 22, 113, 75, 74, 57, 77, 65, 93, 12, 54, 125, 64, 108, 4, 43, 118, 68, 56, 126, 78, 42, 110, 30, 76, 44, 121, 46, 15, 52, 62, 58, 120, 103, 23, 123, 2, 1, 95, 45, 97, 124, 122, 117, 127, 61, 109, 48, 66, 70, 82, 80, 71, 9, 3, 29, 18, 49, 63, 119, 116, 28, 7, 128, 83, 102, 26, 36, 6, 98, 34, 10, 21, 99, 79, 72, 91, 47, 17, 8, 88, 11, 94, 89, 20, 13]
客户端数：110	时间：1082.0766530036926	客户端：[5, 55, 86, 107, 114, 106, 112, 105, 111, 41, 51, 69, 67, 85, 59, 22, 113, 75, 74, 57, 77, 65, 93, 12, 54, 125, 64, 108, 4, 43, 118, 68, 56, 126, 78, 42, 110, 30, 76, 44, 121, 46, 15, 52, 62, 58, 120, 103, 23, 123, 2, 1, 95, 45, 97, 124, 122, 117, 127, 61, 109, 48, 66, 70, 82, 80, 71, 9, 3, 29, 18, 49, 63, 119, 116, 28, 7, 128, 83, 102, 26, 36, 6, 98, 34, 10, 21, 99, 79, 72, 91, 47, 17, 8, 88, 11, 94, 89, 20, 13, 81, 115, 100, 92, 104, 33, 84, 101, 90, 24]
客户端数：118	时间：1243.4323148727417	客户端：[5, 55, 86, 107, 114, 106, 112, 105, 111, 41, 51, 69, 67, 85, 59, 22, 113, 75, 74, 57, 77, 65, 93, 12, 54, 125, 64, 108, 4, 43, 118, 68, 56, 126, 78, 42, 110, 30, 76, 44, 121, 46, 15, 52, 62, 58, 120, 103, 23, 123, 2, 1, 95, 45, 97, 124, 122, 117, 127, 61, 109, 48, 66, 70, 82, 80, 71, 9, 3, 29, 18, 49, 63, 119, 116, 28, 7, 128, 83, 102, 26, 36, 6, 98, 34, 10, 21, 99, 79, 72, 91, 47, 17, 8, 88, 11, 94, 89, 20, 13, 81, 115, 100, 92, 104, 33, 84, 101, 90, 24, 40, 60, 37, 96, 73, 16, 14, 25]
BYTE
客户端数：0	字节数：0	客户端：[]
MAE：114808003.66153847
RMSE：114910920.96385305
finished iteration：2023-01-01 00:00:56.917519

Number of rounds 4
T1
客户端数：0	时间：0	客户端：[]
T2
客户端数：10	时间：0.0009975433349609375	客户端：[107, 114, 106, 111, 49, 41, 73, 112, 99, 86]
客户端数：20	时间：0.0009975433349609375	客户端：[107, 114, 106, 111, 49, 41, 73, 112, 99, 86, 57, 51, 67, 113, 75, 47, 77, 109, 69, 59]
客户端数：30	时间：0.0009975433349609375	客户端：[107, 114, 106, 111, 49, 41, 73, 112, 99, 86, 57, 51, 67, 113, 75, 47, 77, 109, 69, 59, 81, 108, 64, 65, 56, 89, 58, 54, 72, 44]
客户端数：40	时间：0.0019948482513427734	客户端：[107, 114, 106, 111, 49, 41, 73, 112, 99, 86, 57, 51, 67, 113, 75, 47, 77, 109, 69, 59, 81, 108, 64, 65, 56, 89, 58, 54, 72, 44, 74, 104, 83, 34, 1, 76, 42, 52, 94, 46]
客户端数：50	时间：0.003012418746948242	客户端：[107, 114, 106, 111, 49, 41, 73, 112, 99, 86, 57, 51, 67, 113, 75, 47, 77, 109, 69, 59, 81, 108, 64, 65, 56, 89, 58, 54, 72, 44, 74, 104, 83, 34, 1, 76, 42, 52, 94, 46, 100, 22, 110, 120, 123, 95, 2, 115, 25, 116]
客户端数：60	时间：0.003953456878662109	客户端：[107, 114, 106, 111, 49, 41, 73, 112, 99, 86, 57, 51, 67, 113, 75, 47, 77, 109, 69, 59, 81, 108, 64, 65, 56, 89, 58, 54, 72, 44, 74, 104, 83, 34, 1, 76, 42, 52, 94, 46, 100, 22, 110, 120, 123, 95, 2, 115, 25, 116, 68, 6, 21, 121, 23, 119, 98, 3, 71, 26]
客户端数：70	时间：0.003953456878662109	客户端：[107, 114, 106, 111, 49, 41, 73, 112, 99, 86, 57, 51, 67, 113, 75, 47, 77, 109, 69, 59, 81, 108, 64, 65, 56, 89, 58, 54, 72, 44, 74, 104, 83, 34, 1, 76, 42, 52, 94, 46, 100, 22, 110, 120, 123, 95, 2, 115, 25, 116, 68, 6, 21, 121, 23, 119, 98, 3, 71, 26, 37, 124, 63, 7, 60, 8, 29, 88, 128, 90]
客户端数：80	时间：0.003953456878662109	客户端：[107, 114, 106, 111, 49, 41, 73, 112, 99, 86, 57, 51, 67, 113, 75, 47, 77, 109, 69, 59, 81, 108, 64, 65, 56, 89, 58, 54, 72, 44, 74, 104, 83, 34, 1, 76, 42, 52, 94, 46, 100, 22, 110, 120, 123, 95, 2, 115, 25, 116, 68, 6, 21, 121, 23, 119, 98, 3, 71, 26, 37, 124, 63, 7, 60, 8, 29, 88, 128, 90, 79, 103, 92, 105, 126, 30, 31, 97, 55, 17]
客户端数：90	时间：0.003953456878662109	客户端：[107, 114, 106, 111, 49, 41, 73, 112, 99, 86, 57, 51, 67, 113, 75, 47, 77, 109, 69, 59, 81, 108, 64, 65, 56, 89, 58, 54, 72, 44, 74, 104, 83, 34, 1, 76, 42, 52, 94, 46, 100, 22, 110, 120, 123, 95, 2, 115, 25, 116, 68, 6, 21, 121, 23, 119, 98, 3, 71, 26, 37, 124, 63, 7, 60, 8, 29, 88, 128, 90, 79, 103, 92, 105, 126, 30, 31, 97, 55, 17, 66, 85, 84, 91, 14, 36, 43, 93, 40, 12]
客户端数：100	时间：0.005010128021240234	客户端：[107, 114, 106, 111, 49, 41, 73, 112, 99, 86, 57, 51, 67, 113, 75, 47, 77, 109, 69, 59, 81, 108, 64, 65, 56, 89, 58, 54, 72, 44, 74, 104, 83, 34, 1, 76, 42, 52, 94, 46, 100, 22, 110, 120, 123, 95, 2, 115, 25, 116, 68, 6, 21, 121, 23, 119, 98, 3, 71, 26, 37, 124, 63, 7, 60, 8, 29, 88, 128, 90, 79, 103, 92, 105, 126, 30, 31, 97, 55, 17, 66, 85, 84, 91, 14, 36, 43, 93, 40, 12, 18, 33, 70, 9, 80, 127, 102, 82, 16, 15]
客户端数：110	时间：0.006007671356201172	客户端：[107, 114, 106, 111, 49, 41, 73, 112, 99, 86, 57, 51, 67, 113, 75, 47, 77, 109, 69, 59, 81, 108, 64, 65, 56, 89, 58, 54, 72, 44, 74, 104, 83, 34, 1, 76, 42, 52, 94, 46, 100, 22, 110, 120, 123, 95, 2, 115, 25, 116, 68, 6, 21, 121, 23, 119, 98, 3, 71, 26, 37, 124, 63, 7, 60, 8, 29, 88, 128, 90, 79, 103, 92, 105, 126, 30, 31, 97, 55, 17, 66, 85, 84, 91, 14, 36, 43, 93, 40, 12, 18, 33, 70, 9, 80, 127, 102, 82, 16, 15, 78, 13, 101, 20, 48, 28, 122, 117, 24, 10]
客户端数：115	时间：0.006007671356201172	客户端：[107, 114, 106, 111, 49, 41, 73, 112, 99, 86, 57, 51, 67, 113, 75, 47, 77, 109, 69, 59, 81, 108, 64, 65, 56, 89, 58, 54, 72, 44, 74, 104, 83, 34, 1, 76, 42, 52, 94, 46, 100, 22, 110, 120, 123, 95, 2, 115, 25, 116, 68, 6, 21, 121, 23, 119, 98, 3, 71, 26, 37, 124, 63, 7, 60, 8, 29, 88, 128, 90, 79, 103, 92, 105, 126, 30, 31, 97, 55, 17, 66, 85, 84, 91, 14, 36, 43, 93, 40, 12, 18, 33, 70, 9, 80, 127, 102, 82, 16, 15, 78, 13, 101, 20, 48, 28, 122, 117, 24, 10, 27, 96, 62, 4, 11]
T3
客户端数：10	时间：8.112122535705566	客户端：[107, 114, 106, 111, 49, 41, 73, 112, 99, 86]
客户端数：20	时间：33.71304678916931	客户端：[107, 114, 106, 111, 49, 41, 73, 112, 99, 86, 57, 51, 67, 113, 75, 47, 77, 109, 69, 59]
客户端数：30	时间：77.253586769104	客户端：[107, 114, 106, 111, 49, 41, 73, 112, 99, 86, 57, 51, 67, 113, 75, 47, 77, 109, 69, 59, 81, 108, 64, 65, 56, 89, 58, 54, 72, 44]
客户端数：40	时间：138.48077154159546	客户端：[107, 114, 106, 111, 49, 41, 73, 112, 99, 86, 57, 51, 67, 113, 75, 47, 77, 109, 69, 59, 81, 108, 64, 65, 56, 89, 58, 54, 72, 44, 74, 104, 83, 34, 1, 76, 42, 52, 94, 46]
客户端数：50	时间：216.86505699157715	客户端：[107, 114, 106, 111, 49, 41, 73, 112, 99, 86, 57, 51, 67, 113, 75, 47, 77, 109, 69, 59, 81, 108, 64, 65, 56, 89, 58, 54, 72, 44, 74, 104, 83, 34, 1, 76, 42, 52, 94, 46, 100, 22, 110, 120, 123, 95, 2, 115, 25, 116]
客户端数：60	时间：312.8433120250702	客户端：[107, 114, 106, 111, 49, 41, 73, 112, 99, 86, 57, 51, 67, 113, 75, 47, 77, 109, 69, 59, 81, 108, 64, 65, 56, 89, 58, 54, 72, 44, 74, 104, 83, 34, 1, 76, 42, 52, 94, 46, 100, 22, 110, 120, 123, 95, 2, 115, 25, 116, 68, 6, 21, 121, 23, 119, 98, 3, 71, 26]
客户端数：70	时间：426.4718017578125	客户端：[107, 114, 106, 111, 49, 41, 73, 112, 99, 86, 57, 51, 67, 113, 75, 47, 77, 109, 69, 59, 81, 108, 64, 65, 56, 89, 58, 54, 72, 44, 74, 104, 83, 34, 1, 76, 42, 52, 94, 46, 100, 22, 110, 120, 123, 95, 2, 115, 25, 116, 68, 6, 21, 121, 23, 119, 98, 3, 71, 26, 37, 124, 63, 7, 60, 8, 29, 88, 128, 90]
客户端数：80	时间：627.1919662952423	客户端：[107, 114, 106, 111, 49, 41, 73, 112, 99, 86, 57, 51, 67, 113, 75, 47, 77, 109, 69, 59, 81, 108, 64, 65, 56, 89, 58, 54, 72, 44, 74, 104, 83, 34, 1, 76, 42, 52, 94, 46, 100, 22, 110, 120, 123, 95, 2, 115, 25, 116, 68, 6, 21, 121, 23, 119, 98, 3, 71, 26, 37, 124, 63, 7, 60, 8, 29, 88, 128, 90, 79, 103, 92, 105, 126, 30, 31, 97, 55, 17]
客户端数：90	时间：775.4792113304138	客户端：[107, 114, 106, 111, 49, 41, 73, 112, 99, 86, 57, 51, 67, 113, 75, 47, 77, 109, 69, 59, 81, 108, 64, 65, 56, 89, 58, 54, 72, 44, 74, 104, 83, 34, 1, 76, 42, 52, 94, 46, 100, 22, 110, 120, 123, 95, 2, 115, 25, 116, 68, 6, 21, 121, 23, 119, 98, 3, 71, 26, 37, 124, 63, 7, 60, 8, 29, 88, 128, 90, 79, 103, 92, 105, 126, 30, 31, 97, 55, 17, 66, 85, 84, 91, 14, 36, 43, 93, 40, 12]
客户端数：100	时间：940.8265776634216	客户端：[107, 114, 106, 111, 49, 41, 73, 112, 99, 86, 57, 51, 67, 113, 75, 47, 77, 109, 69, 59, 81, 108, 64, 65, 56, 89, 58, 54, 72, 44, 74, 104, 83, 34, 1, 76, 42, 52, 94, 46, 100, 22, 110, 120, 123, 95, 2, 115, 25, 116, 68, 6, 21, 121, 23, 119, 98, 3, 71, 26, 37, 124, 63, 7, 60, 8, 29, 88, 128, 90, 79, 103, 92, 105, 126, 30, 31, 97, 55, 17, 66, 85, 84, 91, 14, 36, 43, 93, 40, 12, 18, 33, 70, 9, 80, 127, 102, 82, 16, 15]
客户端数：110	时间：1123.7143154144287	客户端：[107, 114, 106, 111, 49, 41, 73, 112, 99, 86, 57, 51, 67, 113, 75, 47, 77, 109, 69, 59, 81, 108, 64, 65, 56, 89, 58, 54, 72, 44, 74, 104, 83, 34, 1, 76, 42, 52, 94, 46, 100, 22, 110, 120, 123, 95, 2, 115, 25, 116, 68, 6, 21, 121, 23, 119, 98, 3, 71, 26, 37, 124, 63, 7, 60, 8, 29, 88, 128, 90, 79, 103, 92, 105, 126, 30, 31, 97, 55, 17, 66, 85, 84, 91, 14, 36, 43, 93, 40, 12, 18, 33, 70, 9, 80, 127, 102, 82, 16, 15, 78, 13, 101, 20, 48, 28, 122, 117, 24, 10]
客户端数：115	时间：1256.7310433387756	客户端：[107, 114, 106, 111, 49, 41, 73, 112, 99, 86, 57, 51, 67, 113, 75, 47, 77, 109, 69, 59, 81, 108, 64, 65, 56, 89, 58, 54, 72, 44, 74, 104, 83, 34, 1, 76, 42, 52, 94, 46, 100, 22, 110, 120, 123, 95, 2, 115, 25, 116, 68, 6, 21, 121, 23, 119, 98, 3, 71, 26, 37, 124, 63, 7, 60, 8, 29, 88, 128, 90, 79, 103, 92, 105, 126, 30, 31, 97, 55, 17, 66, 85, 84, 91, 14, 36, 43, 93, 40, 12, 18, 33, 70, 9, 80, 127, 102, 82, 16, 15, 78, 13, 101, 20, 48, 28, 122, 117, 24, 10, 27, 96, 62, 4, 11]
BYTE
客户端数：0	字节数：0	客户端：[]
MAE：95824746.59487179
RMSE：96079937.42128824
finished iteration：2023-01-01 00:01:19.192824

Number of rounds 5
T1
客户端数：0	时间：0	客户端：[]
T2
客户端数：10	时间：0.0	客户端：[41, 114, 49, 89, 86, 69, 51, 109, 99, 113]
客户端数：20	时间：0.0	客户端：[41, 114, 49, 89, 86, 69, 51, 109, 99, 113, 57, 47, 90, 112, 117, 93, 115, 74, 22, 108]
客户端数：30	时间：0.0	客户端：[41, 114, 49, 89, 86, 69, 51, 109, 99, 113, 57, 47, 90, 112, 117, 93, 115, 74, 22, 108, 104, 54, 110, 56, 73, 34, 84, 59, 96, 101]
客户端数：40	时间：0.0	客户端：[41, 114, 49, 89, 86, 69, 51, 109, 99, 113, 57, 47, 90, 112, 117, 93, 115, 74, 22, 108, 104, 54, 110, 56, 73, 34, 84, 59, 96, 101, 123, 43, 76, 40, 92, 94, 1, 65, 100, 36]
客户端数：50	时间：0.0	客户端：[41, 114, 49, 89, 86, 69, 51, 109, 99, 113, 57, 47, 90, 112, 117, 93, 115, 74, 22, 108, 104, 54, 110, 56, 73, 34, 84, 59, 96, 101, 123, 43, 76, 40, 92, 94, 1, 65, 100, 36, 52, 46, 13, 83, 33, 124, 81, 64, 23, 116]
客户端数：60	时间：0.0	客户端：[41, 114, 49, 89, 86, 69, 51, 109, 99, 113, 57, 47, 90, 112, 117, 93, 115, 74, 22, 108, 104, 54, 110, 56, 73, 34, 84, 59, 96, 101, 123, 43, 76, 40, 92, 94, 1, 65, 100, 36, 52, 46, 13, 83, 33, 124, 81, 64, 23, 116, 62, 91, 106, 4, 98, 20, 14, 63, 120, 70]
客户端数：70	时间：0.0	客户端：[41, 114, 49, 89, 86, 69, 51, 109, 99, 113, 57, 47, 90, 112, 117, 93, 115, 74, 22, 108, 104, 54, 110, 56, 73, 34, 84, 59, 96, 101, 123, 43, 76, 40, 92, 94, 1, 65, 100, 36, 52, 46, 13, 83, 33, 124, 81, 64, 23, 116, 62, 91, 106, 4, 98, 20, 14, 63, 120, 70, 60, 6, 26, 3, 67, 88, 79, 77, 71, 28]
客户端数：80	时间：0.0	客户端：[41, 114, 49, 89, 86, 69, 51, 109, 99, 113, 57, 47, 90, 112, 117, 93, 115, 74, 22, 108, 104, 54, 110, 56, 73, 34, 84, 59, 96, 101, 123, 43, 76, 40, 92, 94, 1, 65, 100, 36, 52, 46, 13, 83, 33, 124, 81, 64, 23, 116, 62, 91, 106, 4, 98, 20, 14, 63, 120, 70, 60, 6, 26, 3, 67, 88, 79, 77, 71, 28, 78, 24, 7, 8, 16, 103, 72, 9, 17, 122]
客户端数：90	时间：0.0	客户端：[41, 114, 49, 89, 86, 69, 51, 109, 99, 113, 57, 47, 90, 112, 117, 93, 115, 74, 22, 108, 104, 54, 110, 56, 73, 34, 84, 59, 96, 101, 123, 43, 76, 40, 92, 94, 1, 65, 100, 36, 52, 46, 13, 83, 33, 124, 81, 64, 23, 116, 62, 91, 106, 4, 98, 20, 14, 63, 120, 70, 60, 6, 26, 3, 67, 88, 79, 77, 71, 28, 78, 24, 7, 8, 16, 103, 72, 9, 17, 122, 95, 58, 44, 2, 37, 55, 121, 127, 128, 119]
客户端数：100	时间：0.0	客户端：[41, 114, 49, 89, 86, 69, 51, 109, 99, 113, 57, 47, 90, 112, 117, 93, 115, 74, 22, 108, 104, 54, 110, 56, 73, 34, 84, 59, 96, 101, 123, 43, 76, 40, 92, 94, 1, 65, 100, 36, 52, 46, 13, 83, 33, 124, 81, 64, 23, 116, 62, 91, 106, 4, 98, 20, 14, 63, 120, 70, 60, 6, 26, 3, 67, 88, 79, 77, 71, 28, 78, 24, 7, 8, 16, 103, 72, 9, 17, 122, 95, 58, 44, 2, 37, 55, 121, 127, 128, 119, 21, 75, 18, 102, 82, 45, 111, 97, 15, 12]
客户端数：110	时间：0.0	客户端：[41, 114, 49, 89, 86, 69, 51, 109, 99, 113, 57, 47, 90, 112, 117, 93, 115, 74, 22, 108, 104, 54, 110, 56, 73, 34, 84, 59, 96, 101, 123, 43, 76, 40, 92, 94, 1, 65, 100, 36, 52, 46, 13, 83, 33, 124, 81, 64, 23, 116, 62, 91, 106, 4, 98, 20, 14, 63, 120, 70, 60, 6, 26, 3, 67, 88, 79, 77, 71, 28, 78, 24, 7, 8, 16, 103, 72, 9, 17, 122, 95, 58, 44, 2, 37, 55, 121, 127, 128, 119, 21, 75, 18, 102, 82, 45, 111, 97, 15, 12, 126, 30, 107, 42, 10, 48, 105, 29, 85, 61]
客户端数：113	时间：0.0	客户端：[41, 114, 49, 89, 86, 69, 51, 109, 99, 113, 57, 47, 90, 112, 117, 93, 115, 74, 22, 108, 104, 54, 110, 56, 73, 34, 84, 59, 96, 101, 123, 43, 76, 40, 92, 94, 1, 65, 100, 36, 52, 46, 13, 83, 33, 124, 81, 64, 23, 116, 62, 91, 106, 4, 98, 20, 14, 63, 120, 70, 60, 6, 26, 3, 67, 88, 79, 77, 71, 28, 78, 24, 7, 8, 16, 103, 72, 9, 17, 122, 95, 58, 44, 2, 37, 55, 121, 127, 128, 119, 21, 75, 18, 102, 82, 45, 111, 97, 15, 12, 126, 30, 107, 42, 10, 48, 105, 29, 85, 61, 25, 80, 68]
T3
客户端数：10	时间：8.37544584274292	客户端：[41, 114, 49, 89, 86, 69, 51, 109, 99, 113]
客户端数：20	时间：34.536394119262695	客户端：[41, 114, 49, 89, 86, 69, 51, 109, 99, 113, 57, 47, 90, 112, 117, 93, 115, 74, 22, 108]
客户端数：30	时间：78.43331122398376	客户端：[41, 114, 49, 89, 86, 69, 51, 109, 99, 113, 57, 47, 90, 112, 117, 93, 115, 74, 22, 108, 104, 54, 110, 56, 73, 34, 84, 59, 96, 101]
客户端数：40	时间：140.28443360328674	客户端：[41, 114, 49, 89, 86, 69, 51, 109, 99, 113, 57, 47, 90, 112, 117, 93, 115, 74, 22, 108, 104, 54, 110, 56, 73, 34, 84, 59, 96, 101, 123, 43, 76, 40, 92, 94, 1, 65, 100, 36]
客户端数：50	时间：219.80731511116028	客户端：[41, 114, 49, 89, 86, 69, 51, 109, 99, 113, 57, 47, 90, 112, 117, 93, 115, 74, 22, 108, 104, 54, 110, 56, 73, 34, 84, 59, 96, 101, 123, 43, 76, 40, 92, 94, 1, 65, 100, 36, 52, 46, 13, 83, 33, 124, 81, 64, 23, 116]
客户端数：60	时间：317.1318063735962	客户端：[41, 114, 49, 89, 86, 69, 51, 109, 99, 113, 57, 47, 90, 112, 117, 93, 115, 74, 22, 108, 104, 54, 110, 56, 73, 34, 84, 59, 96, 101, 123, 43, 76, 40, 92, 94, 1, 65, 100, 36, 52, 46, 13, 83, 33, 124, 81, 64, 23, 116, 62, 91, 106, 4, 98, 20, 14, 63, 120, 70]
客户端数：70	时间：431.8939034938812	客户端：[41, 114, 49, 89, 86, 69, 51, 109, 99, 113, 57, 47, 90, 112, 117, 93, 115, 74, 22, 108, 104, 54, 110, 56, 73, 34, 84, 59, 96, 101, 123, 43, 76, 40, 92, 94, 1, 65, 100, 36, 52, 46, 13, 83, 33, 124, 81, 64, 23, 116, 62, 91, 106, 4, 98, 20, 14, 63, 120, 70, 60, 6, 26, 3, 67, 88, 79, 77, 71, 28]
客户端数：80	时间：563.9945924282074	客户端：[41, 114, 49, 89, 86, 69, 51, 109, 99, 113, 57, 47, 90, 112, 117, 93, 115, 74, 22, 108, 104, 54, 110, 56, 73, 34, 84, 59, 96, 101, 123, 43, 76, 40, 92, 94, 1, 65, 100, 36, 52, 46, 13, 83, 33, 124, 81, 64, 23, 116, 62, 91, 106, 4, 98, 20, 14, 63, 120, 70, 60, 6, 26, 3, 67, 88, 79, 77, 71, 28, 78, 24, 7, 8, 16, 103, 72, 9, 17, 122]
客户端数：90	时间：713.914261341095	客户端：[41, 114, 49, 89, 86, 69, 51, 109, 99, 113, 57, 47, 90, 112, 117, 93, 115, 74, 22, 108, 104, 54, 110, 56, 73, 34, 84, 59, 96, 101, 123, 43, 76, 40, 92, 94, 1, 65, 100, 36, 52, 46, 13, 83, 33, 124, 81, 64, 23, 116, 62, 91, 106, 4, 98, 20, 14, 63, 120, 70, 60, 6, 26, 3, 67, 88, 79, 77, 71, 28, 78, 24, 7, 8, 16, 103, 72, 9, 17, 122, 95, 58, 44, 2, 37, 55, 121, 127, 128, 119]
客户端数：100	时间：917.616124868393	客户端：[41, 114, 49, 89, 86, 69, 51, 109, 99, 113, 57, 47, 90, 112, 117, 93, 115, 74, 22, 108, 104, 54, 110, 56, 73, 34, 84, 59, 96, 101, 123, 43, 76, 40, 92, 94, 1, 65, 100, 36, 52, 46, 13, 83, 33, 124, 81, 64, 23, 116, 62, 91, 106, 4, 98, 20, 14, 63, 120, 70, 60, 6, 26, 3, 67, 88, 79, 77, 71, 28, 78, 24, 7, 8, 16, 103, 72, 9, 17, 122, 95, 58, 44, 2, 37, 55, 121, 127, 128, 119, 21, 75, 18, 102, 82, 45, 111, 97, 15, 12]
客户端数：110	时间：1138.7751333713531	客户端：[41, 114, 49, 89, 86, 69, 51, 109, 99, 113, 57, 47, 90, 112, 117, 93, 115, 74, 22, 108, 104, 54, 110, 56, 73, 34, 84, 59, 96, 101, 123, 43, 76, 40, 92, 94, 1, 65, 100, 36, 52, 46, 13, 83, 33, 124, 81, 64, 23, 116, 62, 91, 106, 4, 98, 20, 14, 63, 120, 70, 60, 6, 26, 3, 67, 88, 79, 77, 71, 28, 78, 24, 7, 8, 16, 103, 72, 9, 17, 122, 95, 58, 44, 2, 37, 55, 121, 127, 128, 119, 21, 75, 18, 102, 82, 45, 111, 97, 15, 12, 126, 30, 107, 42, 10, 48, 105, 29, 85, 61]
客户端数：113	时间：1197.6825141906738	客户端：[41, 114, 49, 89, 86, 69, 51, 109, 99, 113, 57, 47, 90, 112, 117, 93, 115, 74, 22, 108, 104, 54, 110, 56, 73, 34, 84, 59, 96, 101, 123, 43, 76, 40, 92, 94, 1, 65, 100, 36, 52, 46, 13, 83, 33, 124, 81, 64, 23, 116, 62, 91, 106, 4, 98, 20, 14, 63, 120, 70, 60, 6, 26, 3, 67, 88, 79, 77, 71, 28, 78, 24, 7, 8, 16, 103, 72, 9, 17, 122, 95, 58, 44, 2, 37, 55, 121, 127, 128, 119, 21, 75, 18, 102, 82, 45, 111, 97, 15, 12, 126, 30, 107, 42, 10, 48, 105, 29, 85, 61, 25, 80, 68]
BYTE
客户端数：0	字节数：0	客户端：[]
MAE：96961552.91282052
RMSE：97133071.76875435
finished iteration：2023-01-01 00:01:41.748118

Number of rounds 6
T1
客户端数：0	时间：0	客户端：[]
T2
客户端数：10	时间：0.0	客户端：[92, 73, 49, 69, 106, 112, 57, 86, 83, 109]
客户端数：20	时间：0.0009970664978027344	客户端：[92, 73, 49, 69, 106, 112, 57, 86, 83, 109, 75, 51, 114, 117, 85, 47, 74, 105, 89, 115]
客户端数：30	时间：0.0009970664978027344	客户端：[92, 73, 49, 69, 106, 112, 57, 86, 83, 109, 75, 51, 114, 117, 85, 47, 74, 105, 89, 115, 64, 55, 108, 67, 54, 93, 44, 107, 104, 48]
客户端数：40	时间：0.0009970664978027344	客户端：[92, 73, 49, 69, 106, 112, 57, 86, 83, 109, 75, 51, 114, 117, 85, 47, 74, 105, 89, 115, 64, 55, 108, 67, 54, 93, 44, 107, 104, 48, 56, 16, 4, 58, 34, 43, 62, 103, 84, 30]
客户端数：50	时间：0.0009970664978027344	客户端：[92, 73, 49, 69, 106, 112, 57, 86, 83, 109, 75, 51, 114, 117, 85, 47, 74, 105, 89, 115, 64, 55, 108, 67, 54, 93, 44, 107, 104, 48, 56, 16, 4, 58, 34, 43, 62, 103, 84, 30, 52, 100, 91, 121, 94, 46, 113, 25, 2, 36]
客户端数：60	时间：0.0009970664978027344	客户端：[92, 73, 49, 69, 106, 112, 57, 86, 83, 109, 75, 51, 114, 117, 85, 47, 74, 105, 89, 115, 64, 55, 108, 67, 54, 93, 44, 107, 104, 48, 56, 16, 4, 58, 34, 43, 62, 103, 84, 30, 52, 100, 91, 121, 94, 46, 113, 25, 2, 36, 65, 23, 8, 17, 127, 33, 116, 76, 97, 122]
客户端数：70	时间：0.0019948482513427734	客户端：[92, 73, 49, 69, 106, 112, 57, 86, 83, 109, 75, 51, 114, 117, 85, 47, 74, 105, 89, 115, 64, 55, 108, 67, 54, 93, 44, 107, 104, 48, 56, 16, 4, 58, 34, 43, 62, 103, 84, 30, 52, 100, 91, 121, 94, 46, 113, 25, 2, 36, 65, 23, 8, 17, 127, 33, 116, 76, 97, 122, 72, 20, 71, 70, 79, 63, 18, 7, 14, 13]
客户端数：80	时间：0.0019948482513427734	客户端：[92, 73, 49, 69, 106, 112, 57, 86, 83, 109, 75, 51, 114, 117, 85, 47, 74, 105, 89, 115, 64, 55, 108, 67, 54, 93, 44, 107, 104, 48, 56, 16, 4, 58, 34, 43, 62, 103, 84, 30, 52, 100, 91, 121, 94, 46, 113, 25, 2, 36, 65, 23, 8, 17, 127, 33, 116, 76, 97, 122, 72, 20, 71, 70, 79, 63, 18, 7, 14, 13, 128, 59, 82, 40, 3, 24, 10, 80, 126, 90]
客户端数：90	时间：0.0020384788513183594	客户端：[92, 73, 49, 69, 106, 112, 57, 86, 83, 109, 75, 51, 114, 117, 85, 47, 74, 105, 89, 115, 64, 55, 108, 67, 54, 93, 44, 107, 104, 48, 56, 16, 4, 58, 34, 43, 62, 103, 84, 30, 52, 100, 91, 121, 94, 46, 113, 25, 2, 36, 65, 23, 8, 17, 127, 33, 116, 76, 97, 122, 72, 20, 71, 70, 79, 63, 18, 7, 14, 13, 128, 59, 82, 40, 3, 24, 10, 80, 126, 90, 42, 102, 119, 110, 99, 22, 78, 96, 28, 60]
客户端数：100	时间：0.0020384788513183594	客户端：[92, 73, 49, 69, 106, 112, 57, 86, 83, 109, 75, 51, 114, 117, 85, 47, 74, 105, 89, 115, 64, 55, 108, 67, 54, 93, 44, 107, 104, 48, 56, 16, 4, 58, 34, 43, 62, 103, 84, 30, 52, 100, 91, 121, 94, 46, 113, 25, 2, 36, 65, 23, 8, 17, 127, 33, 116, 76, 97, 122, 72, 20, 71, 70, 79, 63, 18, 7, 14, 13, 128, 59, 82, 40, 3, 24, 10, 80, 126, 90, 42, 102, 119, 110, 99, 22, 78, 96, 28, 60, 88, 9, 6, 111, 77, 95, 123, 1, 21, 15]
客户端数：109	时间：0.0030469894409179688	客户端：[92, 73, 49, 69, 106, 112, 57, 86, 83, 109, 75, 51, 114, 117, 85, 47, 74, 105, 89, 115, 64, 55, 108, 67, 54, 93, 44, 107, 104, 48, 56, 16, 4, 58, 34, 43, 62, 103, 84, 30, 52, 100, 91, 121, 94, 46, 113, 25, 2, 36, 65, 23, 8, 17, 127, 33, 116, 76, 97, 122, 72, 20, 71, 70, 79, 63, 18, 7, 14, 13, 128, 59, 82, 40, 3, 24, 10, 80, 126, 90, 42, 102, 119, 110, 99, 22, 78, 96, 28, 60, 88, 9, 6, 111, 77, 95, 123, 1, 21, 15, 101, 68, 41, 29, 124, 12, 37, 26, 120]
T3
客户端数：10	时间：8.194076538085938	客户端：[92, 73, 49, 69, 106, 112, 57, 86, 83, 109]
客户端数：20	时间：33.962608337402344	客户端：[92, 73, 49, 69, 106, 112, 57, 86, 83, 109, 75, 51, 114, 117, 85, 47, 74, 105, 89, 115]
客户端数：30	时间：77.64143323898315	客户端：[92, 73, 49, 69, 106, 112, 57, 86, 83, 109, 75, 51, 114, 117, 85, 47, 74, 105, 89, 115, 64, 55, 108, 67, 54, 93, 44, 107, 104, 48]
客户端数：40	时间：139.54798030853271	客户端：[92, 73, 49, 69, 106, 112, 57, 86, 83, 109, 75, 51, 114, 117, 85, 47, 74, 105, 89, 115, 64, 55, 108, 67, 54, 93, 44, 107, 104, 48, 56, 16, 4, 58, 34, 43, 62, 103, 84, 30]
客户端数：50	时间：219.29328989982605	客户端：[92, 73, 49, 69, 106, 112, 57, 86, 83, 109, 75, 51, 114, 117, 85, 47, 74, 105, 89, 115, 64, 55, 108, 67, 54, 93, 44, 107, 104, 48, 56, 16, 4, 58, 34, 43, 62, 103, 84, 30, 52, 100, 91, 121, 94, 46, 113, 25, 2, 36]
客户端数：60	时间：317.68149161338806	客户端：[92, 73, 49, 69, 106, 112, 57, 86, 83, 109, 75, 51, 114, 117, 85, 47, 74, 105, 89, 115, 64, 55, 108, 67, 54, 93, 44, 107, 104, 48, 56, 16, 4, 58, 34, 43, 62, 103, 84, 30, 52, 100, 91, 121, 94, 46, 113, 25, 2, 36, 65, 23, 8, 17, 127, 33, 116, 76, 97, 122]
客户端数：70	时间：434.2401645183563	客户端：[92, 73, 49, 69, 106, 112, 57, 86, 83, 109, 75, 51, 114, 117, 85, 47, 74, 105, 89, 115, 64, 55, 108, 67, 54, 93, 44, 107, 104, 48, 56, 16, 4, 58, 34, 43, 62, 103, 84, 30, 52, 100, 91, 121, 94, 46, 113, 25, 2, 36, 65, 23, 8, 17, 127, 33, 116, 76, 97, 122, 72, 20, 71, 70, 79, 63, 18, 7, 14, 13]
客户端数：80	时间：568.7854650020599	客户端：[92, 73, 49, 69, 106, 112, 57, 86, 83, 109, 75, 51, 114, 117, 85, 47, 74, 105, 89, 115, 64, 55, 108, 67, 54, 93, 44, 107, 104, 48, 56, 16, 4, 58, 34, 43, 62, 103, 84, 30, 52, 100, 91, 121, 94, 46, 113, 25, 2, 36, 65, 23, 8, 17, 127, 33, 116, 76, 97, 122, 72, 20, 71, 70, 79, 63, 18, 7, 14, 13, 128, 59, 82, 40, 3, 24, 10, 80, 126, 90]
客户端数：90	时间：721.1533966064453	客户端：[92, 73, 49, 69, 106, 112, 57, 86, 83, 109, 75, 51, 114, 117, 85, 47, 74, 105, 89, 115, 64, 55, 108, 67, 54, 93, 44, 107, 104, 48, 56, 16, 4, 58, 34, 43, 62, 103, 84, 30, 52, 100, 91, 121, 94, 46, 113, 25, 2, 36, 65, 23, 8, 17, 127, 33, 116, 76, 97, 122, 72, 20, 71, 70, 79, 63, 18, 7, 14, 13, 128, 59, 82, 40, 3, 24, 10, 80, 126, 90, 42, 102, 119, 110, 99, 22, 78, 96, 28, 60]
客户端数：100	时间：891.3373672962189	客户端：[92, 73, 49, 69, 106, 112, 57, 86, 83, 109, 75, 51, 114, 117, 85, 47, 74, 105, 89, 115, 64, 55, 108, 67, 54, 93, 44, 107, 104, 48, 56, 16, 4, 58, 34, 43, 62, 103, 84, 30, 52, 100, 91, 121, 94, 46, 113, 25, 2, 36, 65, 23, 8, 17, 127, 33, 116, 76, 97, 122, 72, 20, 71, 70, 79, 63, 18, 7, 14, 13, 128, 59, 82, 40, 3, 24, 10, 80, 126, 90, 42, 102, 119, 110, 99, 22, 78, 96, 28, 60, 88, 9, 6, 111, 77, 95, 123, 1, 21, 15]
客户端数：109	时间：1059.3316316604614	客户端：[92, 73, 49, 69, 106, 112, 57, 86, 83, 109, 75, 51, 114, 117, 85, 47, 74, 105, 89, 115, 64, 55, 108, 67, 54, 93, 44, 107, 104, 48, 56, 16, 4, 58, 34, 43, 62, 103, 84, 30, 52, 100, 91, 121, 94, 46, 113, 25, 2, 36, 65, 23, 8, 17, 127, 33, 116, 76, 97, 122, 72, 20, 71, 70, 79, 63, 18, 7, 14, 13, 128, 59, 82, 40, 3, 24, 10, 80, 126, 90, 42, 102, 119, 110, 99, 22, 78, 96, 28, 60, 88, 9, 6, 111, 77, 95, 123, 1, 21, 15, 101, 68, 41, 29, 124, 12, 37, 26, 120]
BYTE
客户端数：0	字节数：0	客户端：[]
MAE：91201642.02051282
RMSE：91437099.60896741
finished iteration：2023-01-01 00:02:04.563272

Number of rounds 7
T1
客户端数：0	时间：0	客户端：[]
T2
客户端数：10	时间：0.0009975433349609375	客户端：[98, 55, 41, 86, 105, 114, 111, 99, 89, 85]
客户端数：20	时间：0.0009975433349609375	客户端：[98, 55, 41, 86, 105, 114, 111, 99, 89, 85, 51, 107, 109, 112, 113, 83, 67, 47, 115, 22]
客户端数：30	时间：0.0009975433349609375	客户端：[98, 55, 41, 86, 105, 114, 111, 99, 89, 85, 51, 107, 109, 112, 113, 83, 67, 47, 115, 22, 108, 48, 93, 54, 64, 4, 110, 68, 75, 34]
客户端数：40	时间：0.0009975433349609375	客户端：[98, 55, 41, 86, 105, 114, 111, 99, 89, 85, 51, 107, 109, 112, 113, 83, 67, 47, 115, 22, 108, 48, 93, 54, 64, 4, 110, 68, 75, 34, 78, 84, 58, 76, 102, 104, 117, 16, 12, 62]
客户端数：50	时间：0.0009975433349609375	客户端：[98, 55, 41, 86, 105, 114, 111, 99, 89, 85, 51, 107, 109, 112, 113, 83, 67, 47, 115, 22, 108, 48, 93, 54, 64, 4, 110, 68, 75, 34, 78, 84, 58, 76, 102, 104, 117, 16, 12, 62, 72, 121, 103, 91, 97, 25, 42, 23, 33, 15]
客户端数：60	时间：0.0009975433349609375	客户端：[98, 55, 41, 86, 105, 114, 111, 99, 89, 85, 51, 107, 109, 112, 113, 83, 67, 47, 115, 22, 108, 48, 93, 54, 64, 4, 110, 68, 75, 34, 78, 84, 58, 76, 102, 104, 117, 16, 12, 62, 72, 121, 103, 91, 97, 25, 42, 23, 33, 15, 30, 2, 100, 92, 90, 116, 21, 69, 73, 13]
客户端数：70	时间：0.0009975433349609375	客户端：[98, 55, 41, 86, 105, 114, 111, 99, 89, 85, 51, 107, 109, 112, 113, 83, 67, 47, 115, 22, 108, 48, 93, 54, 64, 4, 110, 68, 75, 34, 78, 84, 58, 76, 102, 104, 117, 16, 12, 62, 72, 121, 103, 91, 97, 25, 42, 23, 33, 15, 30, 2, 100, 92, 90, 116, 21, 69, 73, 13, 119, 6, 20, 60, 123, 8, 79, 120, 10, 82]
客户端数：80	时间：0.0009975433349609375	客户端：[98, 55, 41, 86, 105, 114, 111, 99, 89, 85, 51, 107, 109, 112, 113, 83, 67, 47, 115, 22, 108, 48, 93, 54, 64, 4, 110, 68, 75, 34, 78, 84, 58, 76, 102, 104, 117, 16, 12, 62, 72, 121, 103, 91, 97, 25, 42, 23, 33, 15, 30, 2, 100, 92, 90, 116, 21, 69, 73, 13, 119, 6, 20, 60, 123, 8, 79, 120, 10, 82, 29, 56, 128, 3, 24, 122, 7, 71, 59, 26]
客户端数：90	时间：0.0009975433349609375	客户端：[98, 55, 41, 86, 105, 114, 111, 99, 89, 85, 51, 107, 109, 112, 113, 83, 67, 47, 115, 22, 108, 48, 93, 54, 64, 4, 110, 68, 75, 34, 78, 84, 58, 76, 102, 104, 117, 16, 12, 62, 72, 121, 103, 91, 97, 25, 42, 23, 33, 15, 30, 2, 100, 92, 90, 116, 21, 69, 73, 13, 119, 6, 20, 60, 123, 8, 79, 120, 10, 82, 29, 56, 128, 3, 24, 122, 7, 71, 59, 26, 80, 77, 63, 94, 40, 127, 37, 65, 9, 106]
客户端数：100	时间：0.0009975433349609375	客户端：[98, 55, 41, 86, 105, 114, 111, 99, 89, 85, 51, 107, 109, 112, 113, 83, 67, 47, 115, 22, 108, 48, 93, 54, 64, 4, 110, 68, 75, 34, 78, 84, 58, 76, 102, 104, 117, 16, 12, 62, 72, 121, 103, 91, 97, 25, 42, 23, 33, 15, 30, 2, 100, 92, 90, 116, 21, 69, 73, 13, 119, 6, 20, 60, 123, 8, 79, 120, 10, 82, 29, 56, 128, 3, 24, 122, 7, 71, 59, 26, 80, 77, 63, 94, 40, 127, 37, 65, 9, 106, 43, 1, 101, 52, 70, 74, 46, 124, 96, 18]
客户端数：107	时间：0.0009975433349609375	客户端：[98, 55, 41, 86, 105, 114, 111, 99, 89, 85, 51, 107, 109, 112, 113, 83, 67, 47, 115, 22, 108, 48, 93, 54, 64, 4, 110, 68, 75, 34, 78, 84, 58, 76, 102, 104, 117, 16, 12, 62, 72, 121, 103, 91, 97, 25, 42, 23, 33, 15, 30, 2, 100, 92, 90, 116, 21, 69, 73, 13, 119, 6, 20, 60, 123, 8, 79, 120, 10, 82, 29, 56, 128, 3, 24, 122, 7, 71, 59, 26, 80, 77, 63, 94, 40, 127, 37, 65, 9, 106, 43, 1, 101, 52, 70, 74, 46, 124, 96, 18, 28, 49, 57, 36, 126, 14, 88]
T3
客户端数：10	时间：26.39397358894348	客户端：[98, 55, 41, 86, 105, 114, 111, 99, 89, 85]
客户端数：20	时间：50.76296806335449	客户端：[98, 55, 41, 86, 105, 114, 111, 99, 89, 85, 51, 107, 109, 112, 113, 83, 67, 47, 115, 22]
客户端数：30	时间：92.48614621162415	客户端：[98, 55, 41, 86, 105, 114, 111, 99, 89, 85, 51, 107, 109, 112, 113, 83, 67, 47, 115, 22, 108, 48, 93, 54, 64, 4, 110, 68, 75, 34]
客户端数：40	时间：151.43077683448792	客户端：[98, 55, 41, 86, 105, 114, 111, 99, 89, 85, 51, 107, 109, 112, 113, 83, 67, 47, 115, 22, 108, 48, 93, 54, 64, 4, 110, 68, 75, 34, 78, 84, 58, 76, 102, 104, 117, 16, 12, 62]
客户端数：50	时间：228.23890805244446	客户端：[98, 55, 41, 86, 105, 114, 111, 99, 89, 85, 51, 107, 109, 112, 113, 83, 67, 47, 115, 22, 108, 48, 93, 54, 64, 4, 110, 68, 75, 34, 78, 84, 58, 76, 102, 104, 117, 16, 12, 62, 72, 121, 103, 91, 97, 25, 42, 23, 33, 15]
客户端数：60	时间：322.16992020606995	客户端：[98, 55, 41, 86, 105, 114, 111, 99, 89, 85, 51, 107, 109, 112, 113, 83, 67, 47, 115, 22, 108, 48, 93, 54, 64, 4, 110, 68, 75, 34, 78, 84, 58, 76, 102, 104, 117, 16, 12, 62, 72, 121, 103, 91, 97, 25, 42, 23, 33, 15, 30, 2, 100, 92, 90, 116, 21, 69, 73, 13]
客户端数：70	时间：433.6517651081085	客户端：[98, 55, 41, 86, 105, 114, 111, 99, 89, 85, 51, 107, 109, 112, 113, 83, 67, 47, 115, 22, 108, 48, 93, 54, 64, 4, 110, 68, 75, 34, 78, 84, 58, 76, 102, 104, 117, 16, 12, 62, 72, 121, 103, 91, 97, 25, 42, 23, 33, 15, 30, 2, 100, 92, 90, 116, 21, 69, 73, 13, 119, 6, 20, 60, 123, 8, 79, 120, 10, 82]
客户端数：80	时间：562.4264562129974	客户端：[98, 55, 41, 86, 105, 114, 111, 99, 89, 85, 51, 107, 109, 112, 113, 83, 67, 47, 115, 22, 108, 48, 93, 54, 64, 4, 110, 68, 75, 34, 78, 84, 58, 76, 102, 104, 117, 16, 12, 62, 72, 121, 103, 91, 97, 25, 42, 23, 33, 15, 30, 2, 100, 92, 90, 116, 21, 69, 73, 13, 119, 6, 20, 60, 123, 8, 79, 120, 10, 82, 29, 56, 128, 3, 24, 122, 7, 71, 59, 26]
客户端数：90	时间：709.4006567001343	客户端：[98, 55, 41, 86, 105, 114, 111, 99, 89, 85, 51, 107, 109, 112, 113, 83, 67, 47, 115, 22, 108, 48, 93, 54, 64, 4, 110, 68, 75, 34, 78, 84, 58, 76, 102, 104, 117, 16, 12, 62, 72, 121, 103, 91, 97, 25, 42, 23, 33, 15, 30, 2, 100, 92, 90, 116, 21, 69, 73, 13, 119, 6, 20, 60, 123, 8, 79, 120, 10, 82, 29, 56, 128, 3, 24, 122, 7, 71, 59, 26, 80, 77, 63, 94, 40, 127, 37, 65, 9, 106]
客户端数：100	时间：873.5580351352692	客户端：[98, 55, 41, 86, 105, 114, 111, 99, 89, 85, 51, 107, 109, 112, 113, 83, 67, 47, 115, 22, 108, 48, 93, 54, 64, 4, 110, 68, 75, 34, 78, 84, 58, 76, 102, 104, 117, 16, 12, 62, 72, 121, 103, 91, 97, 25, 42, 23, 33, 15, 30, 2, 100, 92, 90, 116, 21, 69, 73, 13, 119, 6, 20, 60, 123, 8, 79, 120, 10, 82, 29, 56, 128, 3, 24, 122, 7, 71, 59, 26, 80, 77, 63, 94, 40, 127, 37, 65, 9, 106, 43, 1, 101, 52, 70, 74, 46, 124, 96, 18]
客户端数：107	时间：998.9945065975189	客户端：[98, 55, 41, 86, 105, 114, 111, 99, 89, 85, 51, 107, 109, 112, 113, 83, 67, 47, 115, 22, 108, 48, 93, 54, 64, 4, 110, 68, 75, 34, 78, 84, 58, 76, 102, 104, 117, 16, 12, 62, 72, 121, 103, 91, 97, 25, 42, 23, 33, 15, 30, 2, 100, 92, 90, 116, 21, 69, 73, 13, 119, 6, 20, 60, 123, 8, 79, 120, 10, 82, 29, 56, 128, 3, 24, 122, 7, 71, 59, 26, 80, 77, 63, 94, 40, 127, 37, 65, 9, 106, 43, 1, 101, 52, 70, 74, 46, 124, 96, 18, 28, 49, 57, 36, 126, 14, 88]
BYTE
客户端数：0	字节数：0	客户端：[]
MAE：101429618.02051282
RMSE：102435069.22202252
finished iteration：2023-01-01 00:02:27.241807

Number of rounds 8
T1
客户端数：0	时间：0	客户端：[]
T2
客户端数：10	时间：0.0	客户端：[86, 41, 55, 105, 89, 49, 109, 114, 111, 69]
客户端数：20	时间：0.0009975433349609375	客户端：[86, 41, 55, 105, 89, 49, 109, 114, 111, 69, 107, 92, 57, 73, 106, 51, 99, 22, 77, 93]
客户端数：30	时间：0.0009975433349609375	客户端：[86, 41, 55, 105, 89, 49, 109, 114, 111, 69, 107, 92, 57, 73, 106, 51, 99, 22, 77, 93, 115, 58, 108, 54, 74, 126, 42, 104, 78, 102]
客户端数：40	时间：0.0019948482513427734	客户端：[86, 41, 55, 105, 89, 49, 109, 114, 111, 69, 107, 92, 57, 73, 106, 51, 99, 22, 77, 93, 115, 58, 108, 54, 74, 126, 42, 104, 78, 102, 15, 101, 75, 121, 91, 4, 59, 94, 33, 97]
客户端数：50	时间：0.0019948482513427734	客户端：[86, 41, 55, 105, 89, 49, 109, 114, 111, 69, 107, 92, 57, 73, 106, 51, 99, 22, 77, 93, 115, 58, 108, 54, 74, 126, 42, 104, 78, 102, 15, 101, 75, 121, 91, 4, 59, 94, 33, 97, 25, 34, 123, 8, 65, 124, 16, 112, 6, 21]
客户端数：60	时间：0.0019948482513427734	客户端：[86, 41, 55, 105, 89, 49, 109, 114, 111, 69, 107, 92, 57, 73, 106, 51, 99, 22, 77, 93, 115, 58, 108, 54, 74, 126, 42, 104, 78, 102, 15, 101, 75, 121, 91, 4, 59, 94, 33, 97, 25, 34, 123, 8, 65, 124, 16, 112, 6, 21, 119, 88, 60, 26, 70, 7, 47, 68, 113, 18]
客户端数：70	时间：0.0019948482513427734	客户端：[86, 41, 55, 105, 89, 49, 109, 114, 111, 69, 107, 92, 57, 73, 106, 51, 99, 22, 77, 93, 115, 58, 108, 54, 74, 126, 42, 104, 78, 102, 15, 101, 75, 121, 91, 4, 59, 94, 33, 97, 25, 34, 123, 8, 65, 124, 16, 112, 6, 21, 119, 88, 60, 26, 70, 7, 47, 68, 113, 18, 37, 9, 72, 29, 100, 24, 48, 122, 12, 1]
客户端数：80	时间：0.0019948482513427734	客户端：[86, 41, 55, 105, 89, 49, 109, 114, 111, 69, 107, 92, 57, 73, 106, 51, 99, 22, 77, 93, 115, 58, 108, 54, 74, 126, 42, 104, 78, 102, 15, 101, 75, 121, 91, 4, 59, 94, 33, 97, 25, 34, 123, 8, 65, 124, 16, 112, 6, 21, 119, 88, 60, 26, 70, 7, 47, 68, 113, 18, 37, 9, 72, 29, 100, 24, 48, 122, 12, 1, 23, 103, 28, 20, 30, 127, 79, 13, 67, 63]
客户端数：90	时间：0.0019948482513427734	客户端：[86, 41, 55, 105, 89, 49, 109, 114, 111, 69, 107, 92, 57, 73, 106, 51, 99, 22, 77, 93, 115, 58, 108, 54, 74, 126, 42, 104, 78, 102, 15, 101, 75, 121, 91, 4, 59, 94, 33, 97, 25, 34, 123, 8, 65, 124, 16, 112, 6, 21, 119, 88, 60, 26, 70, 7, 47, 68, 113, 18, 37, 9, 72, 29, 100, 24, 48, 122, 12, 1, 23, 103, 28, 20, 30, 127, 79, 13, 67, 63, 84, 56, 117, 3, 85, 76, 52, 43, 96, 82]
客户端数：100	时间：0.0019948482513427734	客户端：[86, 41, 55, 105, 89, 49, 109, 114, 111, 69, 107, 92, 57, 73, 106, 51, 99, 22, 77, 93, 115, 58, 108, 54, 74, 126, 42, 104, 78, 102, 15, 101, 75, 121, 91, 4, 59, 94, 33, 97, 25, 34, 123, 8, 65, 124, 16, 112, 6, 21, 119, 88, 60, 26, 70, 7, 47, 68, 113, 18, 37, 9, 72, 29, 100, 24, 48, 122, 12, 1, 23, 103, 28, 20, 30, 127, 79, 13, 67, 63, 84, 56, 117, 3, 85, 76, 52, 43, 96, 82, 120, 128, 90, 2, 116, 83, 46, 80, 62, 71]
客户端数：105	时间：0.0019948482513427734	客户端：[86, 41, 55, 105, 89, 49, 109, 114, 111, 69, 107, 92, 57, 73, 106, 51, 99, 22, 77, 93, 115, 58, 108, 54, 74, 126, 42, 104, 78, 102, 15, 101, 75, 121, 91, 4, 59, 94, 33, 97, 25, 34, 123, 8, 65, 124, 16, 112, 6, 21, 119, 88, 60, 26, 70, 7, 47, 68, 113, 18, 37, 9, 72, 29, 100, 24, 48, 122, 12, 1, 23, 103, 28, 20, 30, 127, 79, 13, 67, 63, 84, 56, 117, 3, 85, 76, 52, 43, 96, 82, 120, 128, 90, 2, 116, 83, 46, 80, 62, 71, 14, 64, 110, 36, 40]
T3
客户端数：10	时间：8.363226413726807	客户端：[86, 41, 55, 105, 89, 49, 109, 114, 111, 69]
客户端数：20	时间：34.42530155181885	客户端：[86, 41, 55, 105, 89, 49, 109, 114, 111, 69, 107, 92, 57, 73, 106, 51, 99, 22, 77, 93]
客户端数：30	时间：77.96321821212769	客户端：[86, 41, 55, 105, 89, 49, 109, 114, 111, 69, 107, 92, 57, 73, 106, 51, 99, 22, 77, 93, 115, 58, 108, 54, 74, 126, 42, 104, 78, 102]
客户端数：40	时间：139.51090669631958	客户端：[86, 41, 55, 105, 89, 49, 109, 114, 111, 69, 107, 92, 57, 73, 106, 51, 99, 22, 77, 93, 115, 58, 108, 54, 74, 126, 42, 104, 78, 102, 15, 101, 75, 121, 91, 4, 59, 94, 33, 97]
客户端数：50	时间：218.36440801620483	客户端：[86, 41, 55, 105, 89, 49, 109, 114, 111, 69, 107, 92, 57, 73, 106, 51, 99, 22, 77, 93, 115, 58, 108, 54, 74, 126, 42, 104, 78, 102, 15, 101, 75, 121, 91, 4, 59, 94, 33, 97, 25, 34, 123, 8, 65, 124, 16, 112, 6, 21]
客户端数：60	时间：315.07343578338623	客户端：[86, 41, 55, 105, 89, 49, 109, 114, 111, 69, 107, 92, 57, 73, 106, 51, 99, 22, 77, 93, 115, 58, 108, 54, 74, 126, 42, 104, 78, 102, 15, 101, 75, 121, 91, 4, 59, 94, 33, 97, 25, 34, 123, 8, 65, 124, 16, 112, 6, 21, 119, 88, 60, 26, 70, 7, 47, 68, 113, 18]
客户端数：70	时间：430.17485213279724	客户端：[86, 41, 55, 105, 89, 49, 109, 114, 111, 69, 107, 92, 57, 73, 106, 51, 99, 22, 77, 93, 115, 58, 108, 54, 74, 126, 42, 104, 78, 102, 15, 101, 75, 121, 91, 4, 59, 94, 33, 97, 25, 34, 123, 8, 65, 124, 16, 112, 6, 21, 119, 88, 60, 26, 70, 7, 47, 68, 113, 18, 37, 9, 72, 29, 100, 24, 48, 122, 12, 1]
客户端数：80	时间：562.3435218334198	客户端：[86, 41, 55, 105, 89, 49, 109, 114, 111, 69, 107, 92, 57, 73, 106, 51, 99, 22, 77, 93, 115, 58, 108, 54, 74, 126, 42, 104, 78, 102, 15, 101, 75, 121, 91, 4, 59, 94, 33, 97, 25, 34, 123, 8, 65, 124, 16, 112, 6, 21, 119, 88, 60, 26, 70, 7, 47, 68, 113, 18, 37, 9, 72, 29, 100, 24, 48, 122, 12, 1, 23, 103, 28, 20, 30, 127, 79, 13, 67, 63]
客户端数：90	时间：712.4470319747925	客户端：[86, 41, 55, 105, 89, 49, 109, 114, 111, 69, 107, 92, 57, 73, 106, 51, 99, 22, 77, 93, 115, 58, 108, 54, 74, 126, 42, 104, 78, 102, 15, 101, 75, 121, 91, 4, 59, 94, 33, 97, 25, 34, 123, 8, 65, 124, 16, 112, 6, 21, 119, 88, 60, 26, 70, 7, 47, 68, 113, 18, 37, 9, 72, 29, 100, 24, 48, 122, 12, 1, 23, 103, 28, 20, 30, 127, 79, 13, 67, 63, 84, 56, 117, 3, 85, 76, 52, 43, 96, 82]
客户端数：100	时间：880.5952880382538	客户端：[86, 41, 55, 105, 89, 49, 109, 114, 111, 69, 107, 92, 57, 73, 106, 51, 99, 22, 77, 93, 115, 58, 108, 54, 74, 126, 42, 104, 78, 102, 15, 101, 75, 121, 91, 4, 59, 94, 33, 97, 25, 34, 123, 8, 65, 124, 16, 112, 6, 21, 119, 88, 60, 26, 70, 7, 47, 68, 113, 18, 37, 9, 72, 29, 100, 24, 48, 122, 12, 1, 23, 103, 28, 20, 30, 127, 79, 13, 67, 63, 84, 56, 117, 3, 85, 76, 52, 43, 96, 82, 120, 128, 90, 2, 116, 83, 46, 80, 62, 71]
客户端数：105	时间：971.3076815605164	客户端：[86, 41, 55, 105, 89, 49, 109, 114, 111, 69, 107, 92, 57, 73, 106, 51, 99, 22, 77, 93, 115, 58, 108, 54, 74, 126, 42, 104, 78, 102, 15, 101, 75, 121, 91, 4, 59, 94, 33, 97, 25, 34, 123, 8, 65, 124, 16, 112, 6, 21, 119, 88, 60, 26, 70, 7, 47, 68, 113, 18, 37, 9, 72, 29, 100, 24, 48, 122, 12, 1, 23, 103, 28, 20, 30, 127, 79, 13, 67, 63, 84, 56, 117, 3, 85, 76, 52, 43, 96, 82, 120, 128, 90, 2, 116, 83, 46, 80, 62, 71, 14, 64, 110, 36, 40]
BYTE
客户端数：0	字节数：0	客户端：[]
MAE：92918706.8
RMSE：93108286.89613
finished iteration：2023-01-01 00:02:50.261894

Number of rounds 9
T1
客户端数：0	时间：0	客户端：[]
T2
客户端数：10	时间：0.0009975433349609375	客户端：[86, 55, 114, 92, 105, 99, 111, 83, 67, 47]
客户端数：20	时间：0.0009975433349609375	客户端：[86, 55, 114, 92, 105, 99, 111, 83, 67, 47, 69, 57, 41, 90, 59, 49, 12, 48, 65, 58]
客户端数：30	时间：0.0009975433349609375	客户端：[86, 55, 114, 92, 105, 99, 111, 83, 67, 47, 69, 57, 41, 90, 59, 49, 12, 48, 65, 58, 104, 75, 74, 115, 85, 110, 54, 4, 108, 64]
客户端数：40	时间：0.0019948482513427734	客户端：[86, 55, 114, 92, 105, 99, 111, 83, 67, 47, 69, 57, 41, 90, 59, 49, 12, 48, 65, 58, 104, 75, 74, 115, 85, 110, 54, 4, 108, 64, 42, 16, 34, 84, 56, 101, 76, 107, 62, 113]
客户端数：50	时间：0.0019948482513427734	客户端：[86, 55, 114, 92, 105, 99, 111, 83, 67, 47, 69, 57, 41, 90, 59, 49, 12, 48, 65, 58, 104, 75, 74, 115, 85, 110, 54, 4, 108, 64, 42, 16, 34, 84, 56, 101, 76, 107, 62, 113, 89, 103, 22, 40, 46, 13, 94, 121, 124, 109]
客户端数：60	时间：0.0019948482513427734	客户端：[86, 55, 114, 92, 105, 99, 111, 83, 67, 47, 69, 57, 41, 90, 59, 49, 12, 48, 65, 58, 104, 75, 74, 115, 85, 110, 54, 4, 108, 64, 42, 16, 34, 84, 56, 101, 76, 107, 62, 113, 89, 103, 22, 40, 46, 13, 94, 121, 124, 109, 77, 21, 120, 2, 102, 123, 23, 6, 15, 1]
客户端数：70	时间：0.0029921531677246094	客户端：[86, 55, 114, 92, 105, 99, 111, 83, 67, 47, 69, 57, 41, 90, 59, 49, 12, 48, 65, 58, 104, 75, 74, 115, 85, 110, 54, 4, 108, 64, 42, 16, 34, 84, 56, 101, 76, 107, 62, 113, 89, 103, 22, 40, 46, 13, 94, 121, 124, 109, 77, 21, 120, 2, 102, 123, 23, 6, 15, 1, 91, 96, 80, 97, 70, 43, 60, 82, 79, 29]
客户端数：80	时间：0.0029921531677246094	客户端：[86, 55, 114, 92, 105, 99, 111, 83, 67, 47, 69, 57, 41, 90, 59, 49, 12, 48, 65, 58, 104, 75, 74, 115, 85, 110, 54, 4, 108, 64, 42, 16, 34, 84, 56, 101, 76, 107, 62, 113, 89, 103, 22, 40, 46, 13, 94, 121, 124, 109, 77, 21, 120, 2, 102, 123, 23, 6, 15, 1, 91, 96, 80, 97, 70, 43, 60, 82, 79, 29, 18, 88, 119, 126, 25, 73, 106, 71, 26, 93]
客户端数：90	时间：0.003989458084106445	客户端：[86, 55, 114, 92, 105, 99, 111, 83, 67, 47, 69, 57, 41, 90, 59, 49, 12, 48, 65, 58, 104, 75, 74, 115, 85, 110, 54, 4, 108, 64, 42, 16, 34, 84, 56, 101, 76, 107, 62, 113, 89, 103, 22, 40, 46, 13, 94, 121, 124, 109, 77, 21, 120, 2, 102, 123, 23, 6, 15, 1, 91, 96, 80, 97, 70, 43, 60, 82, 79, 29, 18, 88, 119, 126, 25, 73, 106, 71, 26, 93, 7, 72, 9, 33, 52, 63, 20, 14, 51, 112]
客户端数：100	时间：0.003989458084106445	客户端：[86, 55, 114, 92, 105, 99, 111, 83, 67, 47, 69, 57, 41, 90, 59, 49, 12, 48, 65, 58, 104, 75, 74, 115, 85, 110, 54, 4, 108, 64, 42, 16, 34, 84, 56, 101, 76, 107, 62, 113, 89, 103, 22, 40, 46, 13, 94, 121, 124, 109, 77, 21, 120, 2, 102, 123, 23, 6, 15, 1, 91, 96, 80, 97, 70, 43, 60, 82, 79, 29, 18, 88, 119, 126, 25, 73, 106, 71, 26, 93, 7, 72, 9, 33, 52, 63, 20, 14, 51, 112, 3, 127, 128, 100, 30, 122, 28, 78, 36, 68]
客户端数：105	时间：0.003989458084106445	客户端：[86, 55, 114, 92, 105, 99, 111, 83, 67, 47, 69, 57, 41, 90, 59, 49, 12, 48, 65, 58, 104, 75, 74, 115, 85, 110, 54, 4, 108, 64, 42, 16, 34, 84, 56, 101, 76, 107, 62, 113, 89, 103, 22, 40, 46, 13, 94, 121, 124, 109, 77, 21, 120, 2, 102, 123, 23, 6, 15, 1, 91, 96, 80, 97, 70, 43, 60, 82, 79, 29, 18, 88, 119, 126, 25, 73, 106, 71, 26, 93, 7, 72, 9, 33, 52, 63, 20, 14, 51, 112, 3, 127, 128, 100, 30, 122, 28, 78, 36, 68, 24, 10, 37, 116, 8]
T3
客户端数：10	时间：7.988933324813843	客户端：[86, 55, 114, 92, 105, 99, 111, 83, 67, 47]
客户端数：20	时间：33.992260217666626	客户端：[86, 55, 114, 92, 105, 99, 111, 83, 67, 47, 69, 57, 41, 90, 59, 49, 12, 48, 65, 58]
客户端数：30	时间：78.24145030975342	客户端：[86, 55, 114, 92, 105, 99, 111, 83, 67, 47, 69, 57, 41, 90, 59, 49, 12, 48, 65, 58, 104, 75, 74, 115, 85, 110, 54, 4, 108, 64]
客户端数：40	时间：140.42896509170532	客户端：[86, 55, 114, 92, 105, 99, 111, 83, 67, 47, 69, 57, 41, 90, 59, 49, 12, 48, 65, 58, 104, 75, 74, 115, 85, 110, 54, 4, 108, 64, 42, 16, 34, 84, 56, 101, 76, 107, 62, 113]
客户端数：50	时间：220.25205874443054	客户端：[86, 55, 114, 92, 105, 99, 111, 83, 67, 47, 69, 57, 41, 90, 59, 49, 12, 48, 65, 58, 104, 75, 74, 115, 85, 110, 54, 4, 108, 64, 42, 16, 34, 84, 56, 101, 76, 107, 62, 113, 89, 103, 22, 40, 46, 13, 94, 121, 124, 109]
客户端数：60	时间：317.9394872188568	客户端：[86, 55, 114, 92, 105, 99, 111, 83, 67, 47, 69, 57, 41, 90, 59, 49, 12, 48, 65, 58, 104, 75, 74, 115, 85, 110, 54, 4, 108, 64, 42, 16, 34, 84, 56, 101, 76, 107, 62, 113, 89, 103, 22, 40, 46, 13, 94, 121, 124, 109, 77, 21, 120, 2, 102, 123, 23, 6, 15, 1]
客户端数：70	时间：434.80844807624817	客户端：[86, 55, 114, 92, 105, 99, 111, 83, 67, 47, 69, 57, 41, 90, 59, 49, 12, 48, 65, 58, 104, 75, 74, 115, 85, 110, 54, 4, 108, 64, 42, 16, 34, 84, 56, 101, 76, 107, 62, 113, 89, 103, 22, 40, 46, 13, 94, 121, 124, 109, 77, 21, 120, 2, 102, 123, 23, 6, 15, 1, 91, 96, 80, 97, 70, 43, 60, 82, 79, 29]
客户端数：80	时间：570.7868769168854	客户端：[86, 55, 114, 92, 105, 99, 111, 83, 67, 47, 69, 57, 41, 90, 59, 49, 12, 48, 65, 58, 104, 75, 74, 115, 85, 110, 54, 4, 108, 64, 42, 16, 34, 84, 56, 101, 76, 107, 62, 113, 89, 103, 22, 40, 46, 13, 94, 121, 124, 109, 77, 21, 120, 2, 102, 123, 23, 6, 15, 1, 91, 96, 80, 97, 70, 43, 60, 82, 79, 29, 18, 88, 119, 126, 25, 73, 106, 71, 26, 93]
客户端数：90	时间：724.8331460952759	客户端：[86, 55, 114, 92, 105, 99, 111, 83, 67, 47, 69, 57, 41, 90, 59, 49, 12, 48, 65, 58, 104, 75, 74, 115, 85, 110, 54, 4, 108, 64, 42, 16, 34, 84, 56, 101, 76, 107, 62, 113, 89, 103, 22, 40, 46, 13, 94, 121, 124, 109, 77, 21, 120, 2, 102, 123, 23, 6, 15, 1, 91, 96, 80, 97, 70, 43, 60, 82, 79, 29, 18, 88, 119, 126, 25, 73, 106, 71, 26, 93, 7, 72, 9, 33, 52, 63, 20, 14, 51, 112]
客户端数：100	时间：897.479560136795	客户端：[86, 55, 114, 92, 105, 99, 111, 83, 67, 47, 69, 57, 41, 90, 59, 49, 12, 48, 65, 58, 104, 75, 74, 115, 85, 110, 54, 4, 108, 64, 42, 16, 34, 84, 56, 101, 76, 107, 62, 113, 89, 103, 22, 40, 46, 13, 94, 121, 124, 109, 77, 21, 120, 2, 102, 123, 23, 6, 15, 1, 91, 96, 80, 97, 70, 43, 60, 82, 79, 29, 18, 88, 119, 126, 25, 73, 106, 71, 26, 93, 7, 72, 9, 33, 52, 63, 20, 14, 51, 112, 3, 127, 128, 100, 30, 122, 28, 78, 36, 68]
客户端数：105	时间：1026.7423241138458	客户端：[86, 55, 114, 92, 105, 99, 111, 83, 67, 47, 69, 57, 41, 90, 59, 49, 12, 48, 65, 58, 104, 75, 74, 115, 85, 110, 54, 4, 108, 64, 42, 16, 34, 84, 56, 101, 76, 107, 62, 113, 89, 103, 22, 40, 46, 13, 94, 121, 124, 109, 77, 21, 120, 2, 102, 123, 23, 6, 15, 1, 91, 96, 80, 97, 70, 43, 60, 82, 79, 29, 18, 88, 119, 126, 25, 73, 106, 71, 26, 93, 7, 72, 9, 33, 52, 63, 20, 14, 51, 112, 3, 127, 128, 100, 30, 122, 28, 78, 36, 68, 24, 10, 37, 116, 8]
BYTE
客户端数：0	字节数：0	客户端：[]
MAE：90068586.8
RMSE：90136078.62217094
finished iteration：2023-01-01 00:03:13.458557

Number of rounds 10
T1
客户端数：0	时间：0	客户端：[]
T2
客户端数：10	时间：0.0	客户端：[41, 86, 92, 107, 105, 99, 106, 49, 67, 85]
客户端数：20	时间：0.0	客户端：[41, 86, 92, 107, 105, 99, 106, 49, 67, 85, 114, 89, 75, 113, 57, 55, 90, 77, 111, 73]
客户端数：30	时间：0.0	客户端：[41, 86, 92, 107, 105, 99, 106, 49, 67, 85, 114, 89, 75, 113, 57, 55, 90, 77, 111, 73, 59, 108, 83, 12, 48, 43, 104, 64, 56, 4]
客户端数：40	时间：0.0	客户端：[41, 86, 92, 107, 105, 99, 106, 49, 67, 85, 114, 89, 75, 113, 57, 55, 90, 77, 111, 73, 59, 108, 83, 12, 48, 43, 104, 64, 56, 4, 47, 34, 16, 110, 84, 72, 123, 30, 109, 115]
客户端数：50	时间：0.0	客户端：[41, 86, 92, 107, 105, 99, 106, 49, 67, 85, 114, 89, 75, 113, 57, 55, 90, 77, 111, 73, 59, 108, 83, 12, 48, 43, 104, 64, 56, 4, 47, 34, 16, 110, 84, 72, 123, 30, 109, 115, 76, 102, 93, 15, 13, 51, 40, 96, 78, 62]
客户端数：60	时间：0.0	客户端：[41, 86, 92, 107, 105, 99, 106, 49, 67, 85, 114, 89, 75, 113, 57, 55, 90, 77, 111, 73, 59, 108, 83, 12, 48, 43, 104, 64, 56, 4, 47, 34, 16, 110, 84, 72, 123, 30, 109, 115, 76, 102, 93, 15, 13, 51, 40, 96, 78, 62, 23, 52, 103, 122, 6, 79, 25, 97, 20, 127]
客户端数：70	时间：0.0	客户端：[41, 86, 92, 107, 105, 99, 106, 49, 67, 85, 114, 89, 75, 113, 57, 55, 90, 77, 111, 73, 59, 108, 83, 12, 48, 43, 104, 64, 56, 4, 47, 34, 16, 110, 84, 72, 123, 30, 109, 115, 76, 102, 93, 15, 13, 51, 40, 96, 78, 62, 23, 52, 103, 122, 6, 79, 25, 97, 20, 127, 37, 60, 71, 82, 88, 26, 80, 9, 128, 24]
客户端数：80	时间：0.000997304916381836	客户端：[41, 86, 92, 107, 105, 99, 106, 49, 67, 85, 114, 89, 75, 113, 57, 55, 90, 77, 111, 73, 59, 108, 83, 12, 48, 43, 104, 64, 56, 4, 47, 34, 16, 110, 84, 72, 123, 30, 109, 115, 76, 102, 93, 15, 13, 51, 40, 96, 78, 62, 23, 52, 103, 122, 6, 79, 25, 97, 20, 127, 37, 60, 71, 82, 88, 26, 80, 9, 128, 24, 21, 116, 70, 54, 29, 65, 68, 7, 58, 124]
客户端数：90	时间：0.000997304916381836	客户端：[41, 86, 92, 107, 105, 99, 106, 49, 67, 85, 114, 89, 75, 113, 57, 55, 90, 77, 111, 73, 59, 108, 83, 12, 48, 43, 104, 64, 56, 4, 47, 34, 16, 110, 84, 72, 123, 30, 109, 115, 76, 102, 93, 15, 13, 51, 40, 96, 78, 62, 23, 52, 103, 122, 6, 79, 25, 97, 20, 127, 37, 60, 71, 82, 88, 26, 80, 9, 128, 24, 21, 116, 70, 54, 29, 65, 68, 7, 58, 124, 42, 14, 33, 18, 112, 63, 69, 1, 120, 74]
客户端数：100	时间：0.000997304916381836	客户端：[41, 86, 92, 107, 105, 99, 106, 49, 67, 85, 114, 89, 75, 113, 57, 55, 90, 77, 111, 73, 59, 108, 83, 12, 48, 43, 104, 64, 56, 4, 47, 34, 16, 110, 84, 72, 123, 30, 109, 115, 76, 102, 93, 15, 13, 51, 40, 96, 78, 62, 23, 52, 103, 122, 6, 79, 25, 97, 20, 127, 37, 60, 71, 82, 88, 26, 80, 9, 128, 24, 21, 116, 70, 54, 29, 65, 68, 7, 58, 124, 42, 14, 33, 18, 112, 63, 69, 1, 120, 74, 3, 2, 121, 28, 126, 46, 91, 100, 36, 22]
客户端数：104	时间：0.000997304916381836	客户端：[41, 86, 92, 107, 105, 99, 106, 49, 67, 85, 114, 89, 75, 113, 57, 55, 90, 77, 111, 73, 59, 108, 83, 12, 48, 43, 104, 64, 56, 4, 47, 34, 16, 110, 84, 72, 123, 30, 109, 115, 76, 102, 93, 15, 13, 51, 40, 96, 78, 62, 23, 52, 103, 122, 6, 79, 25, 97, 20, 127, 37, 60, 71, 82, 88, 26, 80, 9, 128, 24, 21, 116, 70, 54, 29, 65, 68, 7, 58, 124, 42, 14, 33, 18, 112, 63, 69, 1, 120, 74, 3, 2, 121, 28, 126, 46, 91, 100, 36, 22, 8, 94, 101, 119]
T3
客户端数：10	时间：0.341355562210083	客户端：[41, 86, 92, 107, 105, 99, 106, 49, 67, 85]
客户端数：20	时间：0.7046544551849365	客户端：[41, 86, 92, 107, 105, 99, 106, 49, 67, 85, 114, 89, 75, 113, 57, 55, 90, 77, 111, 73]
客户端数：30	时间：1.0908870697021484	客户端：[41, 86, 92, 107, 105, 99, 106, 49, 67, 85, 114, 89, 75, 113, 57, 55, 90, 77, 111, 73, 59, 108, 83, 12, 48, 43, 104, 64, 56, 4]
客户端数：40	时间：1.4980649948120117	客户端：[41, 86, 92, 107, 105, 99, 106, 49, 67, 85, 114, 89, 75, 113, 57, 55, 90, 77, 111, 73, 59, 108, 83, 12, 48, 43, 104, 64, 56, 4, 47, 34, 16, 110, 84, 72, 123, 30, 109, 115]
客户端数：50	时间：1.9261865615844727	客户端：[41, 86, 92, 107, 105, 99, 106, 49, 67, 85, 114, 89, 75, 113, 57, 55, 90, 77, 111, 73, 59, 108, 83, 12, 48, 43, 104, 64, 56, 4, 47, 34, 16, 110, 84, 72, 123, 30, 109, 115, 76, 102, 93, 15, 13, 51, 40, 96, 78, 62]
客户端数：60	时间：2.3762476444244385	客户端：[41, 86, 92, 107, 105, 99, 106, 49, 67, 85, 114, 89, 75, 113, 57, 55, 90, 77, 111, 73, 59, 108, 83, 12, 48, 43, 104, 64, 56, 4, 47, 34, 16, 110, 84, 72, 123, 30, 109, 115, 76, 102, 93, 15, 13, 51, 40, 96, 78, 62, 23, 52, 103, 122, 6, 79, 25, 97, 20, 127]
客户端数：70	时间：2.8472540378570557	客户端：[41, 86, 92, 107, 105, 99, 106, 49, 67, 85, 114, 89, 75, 113, 57, 55, 90, 77, 111, 73, 59, 108, 83, 12, 48, 43, 104, 64, 56, 4, 47, 34, 16, 110, 84, 72, 123, 30, 109, 115, 76, 102, 93, 15, 13, 51, 40, 96, 78, 62, 23, 52, 103, 122, 6, 79, 25, 97, 20, 127, 37, 60, 71, 82, 88, 26, 80, 9, 128, 24]
客户端数：80	时间：3.3402016162872314	客户端：[41, 86, 92, 107, 105, 99, 106, 49, 67, 85, 114, 89, 75, 113, 57, 55, 90, 77, 111, 73, 59, 108, 83, 12, 48, 43, 104, 64, 56, 4, 47, 34, 16, 110, 84, 72, 123, 30, 109, 115, 76, 102, 93, 15, 13, 51, 40, 96, 78, 62, 23, 52, 103, 122, 6, 79, 25, 97, 20, 127, 37, 60, 71, 82, 88, 26, 80, 9, 128, 24, 21, 116, 70, 54, 29, 65, 68, 7, 58, 124]
客户端数：90	时间：3.855097770690918	客户端：[41, 86, 92, 107, 105, 99, 106, 49, 67, 85, 114, 89, 75, 113, 57, 55, 90, 77, 111, 73, 59, 108, 83, 12, 48, 43, 104, 64, 56, 4, 47, 34, 16, 110, 84, 72, 123, 30, 109, 115, 76, 102, 93, 15, 13, 51, 40, 96, 78, 62, 23, 52, 103, 122, 6, 79, 25, 97, 20, 127, 37, 60, 71, 82, 88, 26, 80, 9, 128, 24, 21, 116, 70, 54, 29, 65, 68, 7, 58, 124, 42, 14, 33, 18, 112, 63, 69, 1, 120, 74]
客户端数：100	时间：4.391938924789429	客户端：[41, 86, 92, 107, 105, 99, 106, 49, 67, 85, 114, 89, 75, 113, 57, 55, 90, 77, 111, 73, 59, 108, 83, 12, 48, 43, 104, 64, 56, 4, 47, 34, 16, 110, 84, 72, 123, 30, 109, 115, 76, 102, 93, 15, 13, 51, 40, 96, 78, 62, 23, 52, 103, 122, 6, 79, 25, 97, 20, 127, 37, 60, 71, 82, 88, 26, 80, 9, 128, 24, 21, 116, 70, 54, 29, 65, 68, 7, 58, 124, 42, 14, 33, 18, 112, 63, 69, 1, 120, 74, 3, 2, 121, 28, 126, 46, 91, 100, 36, 22]
客户端数：104	时间：4.618445158004761	客户端：[41, 86, 92, 107, 105, 99, 106, 49, 67, 85, 114, 89, 75, 113, 57, 55, 90, 77, 111, 73, 59, 108, 83, 12, 48, 43, 104, 64, 56, 4, 47, 34, 16, 110, 84, 72, 123, 30, 109, 115, 76, 102, 93, 15, 13, 51, 40, 96, 78, 62, 23, 52, 103, 122, 6, 79, 25, 97, 20, 127, 37, 60, 71, 82, 88, 26, 80, 9, 128, 24, 21, 116, 70, 54, 29, 65, 68, 7, 58, 124, 42, 14, 33, 18, 112, 63, 69, 1, 120, 74, 3, 2, 121, 28, 126, 46, 91, 100, 36, 22, 8, 94, 101, 119]
BYTE
客户端数：0	字节数：0	客户端：[]
MAE：95379893.42564103
RMSE：95664235.15718435
finished iteration：2023-01-01 00:03:36.533769

