Number of rounds 1
T1
客户端数：10	时间：0.24554872512817383	客户端：[24, 61, 44, 16, 63, 10, 17, 26, 41, 46]
客户端数：20	时间：0.24854063987731934	客户端：[24, 61, 44, 16, 63, 10, 17, 26, 41, 46, 51, 40, 34, 33, 47, 54, 57, 53, 30, 1]
客户端数：30	时间：0.250535249710083	客户端：[24, 61, 44, 16, 63, 10, 17, 26, 41, 46, 51, 40, 34, 33, 47, 54, 57, 53, 30, 1, 58, 4, 38, 14, 3, 49, 64, 31, 2, 11]
客户端数：40	时间：0.2535276412963867	客户端：[24, 61, 44, 16, 63, 10, 17, 26, 41, 46, 51, 40, 34, 33, 47, 54, 57, 53, 30, 1, 58, 4, 38, 14, 3, 49, 64, 31, 2, 11, 8, 45, 39, 19, 27, 55, 52, 56, 32, 22]
客户端数：50	时间：0.25651979446411133	客户端：[24, 61, 44, 16, 63, 10, 17, 26, 41, 46, 51, 40, 34, 33, 47, 54, 57, 53, 30, 1, 58, 4, 38, 14, 3, 49, 64, 31, 2, 11, 8, 45, 39, 19, 27, 55, 52, 56, 32, 22, 50, 9, 28, 35, 23, 29, 6, 5, 48, 21]
客户端数：58	时间：0.25951051712036133	客户端：[24, 61, 44, 16, 63, 10, 17, 26, 41, 46, 51, 40, 34, 33, 47, 54, 57, 53, 30, 1, 58, 4, 38, 14, 3, 49, 64, 31, 2, 11, 8, 45, 39, 19, 27, 55, 52, 56, 32, 22, 50, 9, 28, 35, 23, 29, 6, 5, 48, 21, 12, 62, 7, 36, 60, 37, 20, 13]
T2
客户端数：10	时间：0.005974769592285156	客户端：[41, 29, 54, 31, 56, 57, 32, 63, 14, 48]
客户端数：20	时间：0.010980367660522461	客户端：[41, 29, 54, 31, 56, 57, 32, 63, 14, 48, 10, 16, 6, 40, 46, 33, 36, 35, 53, 58]
客户端数：30	时间：0.01696610450744629	客户端：[41, 29, 54, 31, 56, 57, 32, 63, 14, 48, 10, 16, 6, 40, 46, 33, 36, 35, 53, 58, 30, 34, 61, 50, 13, 12, 52, 23, 9, 27]
客户端数：40	时间：0.020955801010131836	客户端：[41, 29, 54, 31, 56, 57, 32, 63, 14, 48, 10, 16, 6, 40, 46, 33, 36, 35, 53, 58, 30, 34, 61, 50, 13, 12, 52, 23, 9, 27, 44, 51, 3, 22, 21, 1, 39, 38, 55, 26]
客户端数：50	时间：0.021952390670776367	客户端：[41, 29, 54, 31, 56, 57, 32, 63, 14, 48, 10, 16, 6, 40, 46, 33, 36, 35, 53, 58, 30, 34, 61, 50, 13, 12, 52, 23, 9, 27, 44, 51, 3, 22, 21, 1, 39, 38, 55, 26, 62, 7, 45, 64, 24, 20, 37, 60, 11, 5]
客户端数：58	时间：0.025935649871826172	客户端：[41, 29, 54, 31, 56, 57, 32, 63, 14, 48, 10, 16, 6, 40, 46, 33, 36, 35, 53, 58, 30, 34, 61, 50, 13, 12, 52, 23, 9, 27, 44, 51, 3, 22, 21, 1, 39, 38, 55, 26, 62, 7, 45, 64, 24, 20, 37, 60, 11, 5, 47, 8, 28, 19, 17, 49, 4, 2]
T3
客户端数：10	时间：17.450490474700928	客户端：[41, 29, 54, 31, 56, 57, 32, 63, 14, 48]
客户端数：20	时间：61.4087131023407	客户端：[41, 29, 54, 31, 56, 57, 32, 63, 14, 48, 10, 16, 6, 40, 46, 33, 36, 35, 53, 58]
客户端数：30	时间：131.88649725914001	客户端：[41, 29, 54, 31, 56, 57, 32, 63, 14, 48, 10, 16, 6, 40, 46, 33, 36, 35, 53, 58, 30, 34, 61, 50, 13, 12, 52, 23, 9, 27]
客户端数：40	时间：228.92752647399902	客户端：[41, 29, 54, 31, 56, 57, 32, 63, 14, 48, 10, 16, 6, 40, 46, 33, 36, 35, 53, 58, 30, 34, 61, 50, 13, 12, 52, 23, 9, 27, 44, 51, 3, 22, 21, 1, 39, 38, 55, 26]
客户端数：50	时间：352.90634393692017	客户端：[41, 29, 54, 31, 56, 57, 32, 63, 14, 48, 10, 16, 6, 40, 46, 33, 36, 35, 53, 58, 30, 34, 61, 50, 13, 12, 52, 23, 9, 27, 44, 51, 3, 22, 21, 1, 39, 38, 55, 26, 62, 7, 45, 64, 24, 20, 37, 60, 11, 5]
客户端数：58	时间：471.09453678131104	客户端：[41, 29, 54, 31, 56, 57, 32, 63, 14, 48, 10, 16, 6, 40, 46, 33, 36, 35, 53, 58, 30, 34, 61, 50, 13, 12, 52, 23, 9, 27, 44, 51, 3, 22, 21, 1, 39, 38, 55, 26, 62, 7, 45, 64, 24, 20, 37, 60, 11, 5, 47, 8, 28, 19, 17, 49, 4, 2]
BYTE
客户端数：10	字节数：3200000	客户端：[24, 61, 44, 16, 63, 10, 17, 26, 41, 46]
客户端数：20	字节数：6400000	客户端：[24, 61, 44, 16, 63, 10, 17, 26, 41, 46, 51, 40, 34, 33, 47, 54, 57, 53, 30, 1]
客户端数：30	字节数：9600000	客户端：[24, 61, 44, 16, 63, 10, 17, 26, 41, 46, 51, 40, 34, 33, 47, 54, 57, 53, 30, 1, 58, 4, 38, 14, 3, 49, 64, 31, 2, 11]
客户端数：40	字节数：12800000	客户端：[24, 61, 44, 16, 63, 10, 17, 26, 41, 46, 51, 40, 34, 33, 47, 54, 57, 53, 30, 1, 58, 4, 38, 14, 3, 49, 64, 31, 2, 11, 8, 45, 39, 19, 27, 55, 52, 56, 32, 22]
客户端数：50	字节数：16000000	客户端：[24, 61, 44, 16, 63, 10, 17, 26, 41, 46, 51, 40, 34, 33, 47, 54, 57, 53, 30, 1, 58, 4, 38, 14, 3, 49, 64, 31, 2, 11, 8, 45, 39, 19, 27, 55, 52, 56, 32, 22, 50, 9, 28, 35, 23, 29, 6, 5, 48, 21]
客户端数：58	字节数：18560000	客户端：[24, 61, 44, 16, 63, 10, 17, 26, 41, 46, 51, 40, 34, 33, 47, 54, 57, 53, 30, 1, 58, 4, 38, 14, 3, 49, 64, 31, 2, 11, 8, 45, 39, 19, 27, 55, 52, 56, 32, 22, 50, 9, 28, 35, 23, 29, 6, 5, 48, 21, 12, 62, 7, 36, 60, 37, 20, 13]
PRO_LEN：320000
score：0.6073650793650793
loss rate：0.39263492063492067
finished iteration：2023-01-01 00:00:27.856295

Number of rounds 2
T1
客户端数：10	时间：0.0019943714141845703	客户端：[41, 57, 10, 40, 33, 63, 46, 29, 61, 48]
客户端数：20	时间：0.004988431930541992	客户端：[41, 57, 10, 40, 33, 63, 46, 29, 61, 48, 31, 23, 34, 35, 58, 21, 44, 6, 12, 3]
客户端数：30	时间：0.005985260009765625	客户端：[41, 57, 10, 40, 33, 63, 46, 29, 61, 48, 31, 23, 34, 35, 58, 21, 44, 6, 12, 3, 26, 50, 9, 27, 52, 54, 24, 38, 36, 62]
客户端数：40	时间：0.007980108261108398	客户端：[41, 57, 10, 40, 33, 63, 46, 29, 61, 48, 31, 23, 34, 35, 58, 21, 44, 6, 12, 3, 26, 50, 9, 27, 52, 54, 24, 38, 36, 62, 7, 51, 32, 20, 55, 45, 39, 37, 60, 16]
客户端数：50	时间：0.00997471809387207	客户端：[41, 57, 10, 40, 33, 63, 46, 29, 61, 48, 31, 23, 34, 35, 58, 21, 44, 6, 12, 3, 26, 50, 9, 27, 52, 54, 24, 38, 36, 62, 7, 51, 32, 20, 55, 45, 39, 37, 60, 16, 5, 47, 22, 8, 28, 53, 30, 64, 19, 56]
客户端数：58	时间：0.01196908950805664	客户端：[41, 57, 10, 40, 33, 63, 46, 29, 61, 48, 31, 23, 34, 35, 58, 21, 44, 6, 12, 3, 26, 50, 9, 27, 52, 54, 24, 38, 36, 62, 7, 51, 32, 20, 55, 45, 39, 37, 60, 16, 5, 47, 22, 8, 28, 53, 30, 64, 19, 56, 17, 49, 4, 11, 2, 14, 1, 13]
T2
客户端数：10	时间：0.0029914379119873047	客户端：[53, 41, 31, 29, 28, 54, 35, 32, 63, 8]
客户端数：20	时间：0.003988981246948242	客户端：[53, 41, 31, 29, 28, 54, 35, 32, 63, 8, 14, 33, 40, 48, 10, 57, 2, 46, 16, 51]
客户端数：30	时间：0.00800013542175293	客户端：[53, 41, 31, 29, 28, 54, 35, 32, 63, 8, 14, 33, 40, 48, 10, 57, 2, 46, 16, 51, 47, 55, 61, 50, 58, 34, 13, 12, 64, 37]
客户端数：40	时间：0.00800013542175293	客户端：[53, 41, 31, 29, 28, 54, 35, 32, 63, 8, 14, 33, 40, 48, 10, 57, 2, 46, 16, 51, 47, 55, 61, 50, 58, 34, 13, 12, 64, 37, 38, 21, 19, 9, 44, 27, 3, 6, 4, 11]
客户端数：50	时间：0.010993242263793945	客户端：[53, 41, 31, 29, 28, 54, 35, 32, 63, 8, 14, 33, 40, 48, 10, 57, 2, 46, 16, 51, 47, 55, 61, 50, 58, 34, 13, 12, 64, 37, 38, 21, 19, 9, 44, 27, 3, 6, 4, 11, 62, 23, 26, 56, 1, 20, 36, 22, 5, 49]
客户端数：56	时间：0.013868093490600586	客户端：[53, 41, 31, 29, 28, 54, 35, 32, 63, 8, 14, 33, 40, 48, 10, 57, 2, 46, 16, 51, 47, 55, 61, 50, 58, 34, 13, 12, 64, 37, 38, 21, 19, 9, 44, 27, 3, 6, 4, 11, 62, 23, 26, 56, 1, 20, 36, 22, 5, 49, 39, 45, 30, 7, 24, 17]
T3
客户端数：10	时间：13.345169305801392	客户端：[53, 41, 31, 29, 28, 54, 35, 32, 63, 8]
客户端数：20	时间：53.662957429885864	客户端：[53, 41, 31, 29, 28, 54, 35, 32, 63, 8, 14, 33, 40, 48, 10, 57, 2, 46, 16, 51]
客户端数：30	时间：120.58598637580872	客户端：[53, 41, 31, 29, 28, 54, 35, 32, 63, 8, 14, 33, 40, 48, 10, 57, 2, 46, 16, 51, 47, 55, 61, 50, 58, 34, 13, 12, 64, 37]
客户端数：40	时间：214.23948049545288	客户端：[53, 41, 31, 29, 28, 54, 35, 32, 63, 8, 14, 33, 40, 48, 10, 57, 2, 46, 16, 51, 47, 55, 61, 50, 58, 34, 13, 12, 64, 37, 38, 21, 19, 9, 44, 27, 3, 6, 4, 11]
客户端数：50	时间：334.10020208358765	客户端：[53, 41, 31, 29, 28, 54, 35, 32, 63, 8, 14, 33, 40, 48, 10, 57, 2, 46, 16, 51, 47, 55, 61, 50, 58, 34, 13, 12, 64, 37, 38, 21, 19, 9, 44, 27, 3, 6, 4, 11, 62, 23, 26, 56, 1, 20, 36, 22, 5, 49]
客户端数：56	时间：418.4315950870514	客户端：[53, 41, 31, 29, 28, 54, 35, 32, 63, 8, 14, 33, 40, 48, 10, 57, 2, 46, 16, 51, 47, 55, 61, 50, 58, 34, 13, 12, 64, 37, 38, 21, 19, 9, 44, 27, 3, 6, 4, 11, 62, 23, 26, 56, 1, 20, 36, 22, 5, 49, 39, 45, 30, 7, 24, 17]
BYTE
客户端数：10	字节数：3200000	客户端：[41, 57, 10, 40, 33, 63, 46, 29, 61, 48]
客户端数：20	字节数：6400000	客户端：[41, 57, 10, 40, 33, 63, 46, 29, 61, 48, 31, 23, 34, 35, 58, 21, 44, 6, 12, 3]
客户端数：30	字节数：9600000	客户端：[41, 57, 10, 40, 33, 63, 46, 29, 61, 48, 31, 23, 34, 35, 58, 21, 44, 6, 12, 3, 26, 50, 9, 27, 52, 54, 24, 38, 36, 62]
客户端数：40	字节数：12800000	客户端：[41, 57, 10, 40, 33, 63, 46, 29, 61, 48, 31, 23, 34, 35, 58, 21, 44, 6, 12, 3, 26, 50, 9, 27, 52, 54, 24, 38, 36, 62, 7, 51, 32, 20, 55, 45, 39, 37, 60, 16]
客户端数：50	字节数：16000000	客户端：[41, 57, 10, 40, 33, 63, 46, 29, 61, 48, 31, 23, 34, 35, 58, 21, 44, 6, 12, 3, 26, 50, 9, 27, 52, 54, 24, 38, 36, 62, 7, 51, 32, 20, 55, 45, 39, 37, 60, 16, 5, 47, 22, 8, 28, 53, 30, 64, 19, 56]
客户端数：58	字节数：18560000	客户端：[41, 57, 10, 40, 33, 63, 46, 29, 61, 48, 31, 23, 34, 35, 58, 21, 44, 6, 12, 3, 26, 50, 9, 27, 52, 54, 24, 38, 36, 62, 7, 51, 32, 20, 55, 45, 39, 37, 60, 16, 5, 47, 22, 8, 28, 53, 30, 64, 19, 56, 17, 49, 4, 11, 2, 14, 1, 13]
PRO_LEN：320000
score：0.9508571428571428
loss rate：0.049142857142857155
finished iteration：2023-01-01 00:00:47.170004

Number of rounds 3
T1
客户端数：10	时间：0.002991914749145508	客户端：[41, 40, 33, 63, 54, 16, 47, 53, 46, 10]
客户端数：20	时间：0.004987239837646484	客户端：[41, 40, 33, 63, 54, 16, 47, 53, 46, 10, 61, 28, 44, 8, 55, 58, 50, 2, 21, 32]
客户端数：30	时间：0.005984306335449219	客户端：[41, 40, 33, 63, 54, 16, 47, 53, 46, 10, 61, 28, 44, 8, 55, 58, 50, 2, 21, 32, 64, 12, 38, 34, 27, 4, 35, 23, 31, 6]
客户端数：40	时间：0.00797891616821289	客户端：[41, 40, 33, 63, 54, 16, 47, 53, 46, 10, 61, 28, 44, 8, 55, 58, 50, 2, 21, 32, 64, 12, 38, 34, 27, 4, 35, 23, 31, 6, 62, 26, 11, 56, 9, 37, 13, 3, 22, 14]
客户端数：50	时间：0.010969400405883789	客户端：[41, 40, 33, 63, 54, 16, 47, 53, 46, 10, 61, 28, 44, 8, 55, 58, 50, 2, 21, 32, 64, 12, 38, 34, 27, 4, 35, 23, 31, 6, 62, 26, 11, 56, 9, 37, 13, 3, 22, 14, 51, 36, 5, 45, 20, 30, 39, 57, 48, 19]
客户端数：54	时间：0.011968374252319336	客户端：[41, 40, 33, 63, 54, 16, 47, 53, 46, 10, 61, 28, 44, 8, 55, 58, 50, 2, 21, 32, 64, 12, 38, 34, 27, 4, 35, 23, 31, 6, 62, 26, 11, 56, 9, 37, 13, 3, 22, 14, 51, 36, 5, 45, 20, 30, 39, 57, 48, 19, 1, 7, 24, 17]
T2
客户端数：10	时间：0.002992391586303711	客户端：[60, 53, 31, 41, 28, 33, 56, 26, 40, 54]
客户端数：20	时间：0.005984783172607422	客户端：[60, 53, 31, 41, 28, 33, 56, 26, 40, 54, 35, 63, 32, 57, 11, 10, 8, 48, 16, 46]
客户端数：30	时间：0.009974241256713867	客户端：[60, 53, 31, 41, 28, 33, 56, 26, 40, 54, 35, 63, 32, 57, 11, 10, 8, 48, 16, 46, 36, 50, 19, 7, 64, 45, 39, 23, 13, 30]
客户端数：40	时间：0.012966632843017578	客户端：[60, 53, 31, 41, 28, 33, 56, 26, 40, 54, 35, 63, 32, 57, 11, 10, 8, 48, 16, 46, 36, 50, 19, 7, 64, 45, 39, 23, 13, 30, 9, 62, 3, 12, 22, 14, 61, 24, 21, 47]
客户端数：50	时间：0.01695561408996582	客户端：[60, 53, 31, 41, 28, 33, 56, 26, 40, 54, 35, 63, 32, 57, 11, 10, 8, 48, 16, 46, 36, 50, 19, 7, 64, 45, 39, 23, 13, 30, 9, 62, 3, 12, 22, 14, 61, 24, 21, 47, 51, 55, 5, 58, 2, 44, 20, 38, 52, 37]
客户端数：55	时间：0.017932891845703125	客户端：[60, 53, 31, 41, 28, 33, 56, 26, 40, 54, 35, 63, 32, 57, 11, 10, 8, 48, 16, 46, 36, 50, 19, 7, 64, 45, 39, 23, 13, 30, 9, 62, 3, 12, 22, 14, 61, 24, 21, 47, 51, 55, 5, 58, 2, 44, 20, 38, 52, 37, 34, 6, 4, 1, 27]
T3
客户端数：10	时间：26.922612190246582	客户端：[60, 53, 31, 41, 28, 33, 56, 26, 40, 54]
客户端数：20	时间：63.660035848617554	客户端：[60, 53, 31, 41, 28, 33, 56, 26, 40, 54, 35, 63, 32, 57, 11, 10, 8, 48, 16, 46]
客户端数：30	时间：126.57765674591064	客户端：[60, 53, 31, 41, 28, 33, 56, 26, 40, 54, 35, 63, 32, 57, 11, 10, 8, 48, 16, 46, 36, 50, 19, 7, 64, 45, 39, 23, 13, 30]
客户端数：40	时间：215.53426671028137	客户端：[60, 53, 31, 41, 28, 33, 56, 26, 40, 54, 35, 63, 32, 57, 11, 10, 8, 48, 16, 46, 36, 50, 19, 7, 64, 45, 39, 23, 13, 30, 9, 62, 3, 12, 22, 14, 61, 24, 21, 47]
客户端数：50	时间：353.9572522640228	客户端：[60, 53, 31, 41, 28, 33, 56, 26, 40, 54, 35, 63, 32, 57, 11, 10, 8, 48, 16, 46, 36, 50, 19, 7, 64, 45, 39, 23, 13, 30, 9, 62, 3, 12, 22, 14, 61, 24, 21, 47, 51, 55, 5, 58, 2, 44, 20, 38, 52, 37]
客户端数：55	时间：421.7470099925995	客户端：[60, 53, 31, 41, 28, 33, 56, 26, 40, 54, 35, 63, 32, 57, 11, 10, 8, 48, 16, 46, 36, 50, 19, 7, 64, 45, 39, 23, 13, 30, 9, 62, 3, 12, 22, 14, 61, 24, 21, 47, 51, 55, 5, 58, 2, 44, 20, 38, 52, 37, 34, 6, 4, 1, 27]
BYTE
客户端数：10	字节数：3200000	客户端：[41, 40, 33, 63, 54, 16, 47, 53, 46, 10]
客户端数：20	字节数：6400000	客户端：[41, 40, 33, 63, 54, 16, 47, 53, 46, 10, 61, 28, 44, 8, 55, 58, 50, 2, 21, 32]
客户端数：30	字节数：9600000	客户端：[41, 40, 33, 63, 54, 16, 47, 53, 46, 10, 61, 28, 44, 8, 55, 58, 50, 2, 21, 32, 64, 12, 38, 34, 27, 4, 35, 23, 31, 6]
客户端数：40	字节数：12800000	客户端：[41, 40, 33, 63, 54, 16, 47, 53, 46, 10, 61, 28, 44, 8, 55, 58, 50, 2, 21, 32, 64, 12, 38, 34, 27, 4, 35, 23, 31, 6, 62, 26, 11, 56, 9, 37, 13, 3, 22, 14]
客户端数：50	字节数：16000000	客户端：[41, 40, 33, 63, 54, 16, 47, 53, 46, 10, 61, 28, 44, 8, 55, 58, 50, 2, 21, 32, 64, 12, 38, 34, 27, 4, 35, 23, 31, 6, 62, 26, 11, 56, 9, 37, 13, 3, 22, 14, 51, 36, 5, 45, 20, 30, 39, 57, 48, 19]
客户端数：54	字节数：17280000	客户端：[41, 40, 33, 63, 54, 16, 47, 53, 46, 10, 61, 28, 44, 8, 55, 58, 50, 2, 21, 32, 64, 12, 38, 34, 27, 4, 35, 23, 31, 6, 62, 26, 11, 56, 9, 37, 13, 3, 22, 14, 51, 36, 5, 45, 20, 30, 39, 57, 48, 19, 1, 7, 24, 17]
PRO_LEN：320000
score：0.9611428571428572
loss rate：0.03885714285714281
finished iteration：2023-01-01 00:01:06.752128

Number of rounds 4
T1
客户端数：10	时间：0.0019953250885009766	客户端：[41, 40, 56, 33, 63, 26, 57, 53, 10, 19]
客户端数：20	时间：0.0039904117584228516	客户端：[41, 40, 56, 33, 63, 26, 57, 53, 10, 19, 35, 31, 46, 48, 36, 16, 24, 23, 11, 61]
客户端数：30	时间：0.005986452102661133	客户端：[41, 40, 56, 33, 63, 26, 57, 53, 10, 19, 35, 31, 46, 48, 36, 16, 24, 23, 11, 61, 8, 3, 64, 45, 30, 51, 47, 21, 13, 14]
客户端数：40	时间：0.007979869842529297	客户端：[41, 40, 56, 33, 63, 26, 57, 53, 10, 19, 35, 31, 46, 48, 36, 16, 24, 23, 11, 61, 8, 3, 64, 45, 30, 51, 47, 21, 13, 14, 54, 12, 28, 7, 55, 58, 50, 44, 5, 62]
客户端数：50	时间：0.009974241256713867	客户端：[41, 40, 56, 33, 63, 26, 57, 53, 10, 19, 35, 31, 46, 48, 36, 16, 24, 23, 11, 61, 8, 3, 64, 45, 30, 51, 47, 21, 13, 14, 54, 12, 28, 7, 55, 58, 50, 44, 5, 62, 32, 22, 20, 37, 39, 6, 38, 2, 9, 34]
客户端数：53	时间：0.010973215103149414	客户端：[41, 40, 56, 33, 63, 26, 57, 53, 10, 19, 35, 31, 46, 48, 36, 16, 24, 23, 11, 61, 8, 3, 64, 45, 30, 51, 47, 21, 13, 14, 54, 12, 28, 7, 55, 58, 50, 44, 5, 62, 32, 22, 20, 37, 39, 6, 38, 2, 9, 34, 4, 1, 27]
T2
客户端数：10	时间：0.003991365432739258	客户端：[17, 53, 41, 54, 35, 40, 57, 2, 32, 14]
客户端数：20	时间：0.006003379821777344	客户端：[17, 53, 41, 54, 35, 40, 57, 2, 32, 14, 6, 33, 56, 16, 36, 46, 11, 21, 58, 34]
客户端数：30	时间：0.007000923156738281	客户端：[17, 53, 41, 54, 35, 40, 57, 2, 32, 14, 6, 33, 56, 16, 36, 46, 11, 21, 58, 34, 45, 12, 30, 7, 9, 22, 47, 64, 50, 20]
客户端数：40	时间：0.01000833511352539	客户端：[17, 53, 41, 54, 35, 40, 57, 2, 32, 14, 6, 33, 56, 16, 36, 46, 11, 21, 58, 34, 45, 12, 30, 7, 9, 22, 47, 64, 50, 20, 31, 4, 3, 62, 61, 48, 24, 19, 10, 44]
客户端数：50	时间：0.013000726699829102	客户端：[17, 53, 41, 54, 35, 40, 57, 2, 32, 14, 6, 33, 56, 16, 36, 46, 11, 21, 58, 34, 45, 12, 30, 7, 9, 22, 47, 64, 50, 20, 31, 4, 3, 62, 61, 48, 24, 19, 10, 44, 23, 8, 38, 39, 63, 27, 55, 28, 1, 26]
客户端数：51	时间：0.013000726699829102	客户端：[17, 53, 41, 54, 35, 40, 57, 2, 32, 14, 6, 33, 56, 16, 36, 46, 11, 21, 58, 34, 45, 12, 30, 7, 9, 22, 47, 64, 50, 20, 31, 4, 3, 62, 61, 48, 24, 19, 10, 44, 23, 8, 38, 39, 63, 27, 55, 28, 1, 26, 51]
T3
客户端数：10	时间：28.612038612365723	客户端：[17, 53, 41, 54, 35, 40, 57, 2, 32, 14]
客户端数：20	时间：66.92831087112427	客户端：[17, 53, 41, 54, 35, 40, 57, 2, 32, 14, 6, 33, 56, 16, 36, 46, 11, 21, 58, 34]
客户端数：30	时间：133.0080943107605	客户端：[17, 53, 41, 54, 35, 40, 57, 2, 32, 14, 6, 33, 56, 16, 36, 46, 11, 21, 58, 34, 45, 12, 30, 7, 9, 22, 47, 64, 50, 20]
客户端数：40	时间：225.88813400268555	客户端：[17, 53, 41, 54, 35, 40, 57, 2, 32, 14, 6, 33, 56, 16, 36, 46, 11, 21, 58, 34, 45, 12, 30, 7, 9, 22, 47, 64, 50, 20, 31, 4, 3, 62, 61, 48, 24, 19, 10, 44]
客户端数：50	时间：345.0942680835724	客户端：[17, 53, 41, 54, 35, 40, 57, 2, 32, 14, 6, 33, 56, 16, 36, 46, 11, 21, 58, 34, 45, 12, 30, 7, 9, 22, 47, 64, 50, 20, 31, 4, 3, 62, 61, 48, 24, 19, 10, 44, 23, 8, 38, 39, 63, 27, 55, 28, 1, 26]
客户端数：51	时间：358.4614381790161	客户端：[17, 53, 41, 54, 35, 40, 57, 2, 32, 14, 6, 33, 56, 16, 36, 46, 11, 21, 58, 34, 45, 12, 30, 7, 9, 22, 47, 64, 50, 20, 31, 4, 3, 62, 61, 48, 24, 19, 10, 44, 23, 8, 38, 39, 63, 27, 55, 28, 1, 26, 51]
BYTE
客户端数：10	字节数：3200000	客户端：[41, 40, 56, 33, 63, 26, 57, 53, 10, 19]
客户端数：20	字节数：6400000	客户端：[41, 40, 56, 33, 63, 26, 57, 53, 10, 19, 35, 31, 46, 48, 36, 16, 24, 23, 11, 61]
客户端数：30	字节数：9600000	客户端：[41, 40, 56, 33, 63, 26, 57, 53, 10, 19, 35, 31, 46, 48, 36, 16, 24, 23, 11, 61, 8, 3, 64, 45, 30, 51, 47, 21, 13, 14]
客户端数：40	字节数：12800000	客户端：[41, 40, 56, 33, 63, 26, 57, 53, 10, 19, 35, 31, 46, 48, 36, 16, 24, 23, 11, 61, 8, 3, 64, 45, 30, 51, 47, 21, 13, 14, 54, 12, 28, 7, 55, 58, 50, 44, 5, 62]
客户端数：50	字节数：16000000	客户端：[41, 40, 56, 33, 63, 26, 57, 53, 10, 19, 35, 31, 46, 48, 36, 16, 24, 23, 11, 61, 8, 3, 64, 45, 30, 51, 47, 21, 13, 14, 54, 12, 28, 7, 55, 58, 50, 44, 5, 62, 32, 22, 20, 37, 39, 6, 38, 2, 9, 34]
客户端数：53	字节数：16960000	客户端：[41, 40, 56, 33, 63, 26, 57, 53, 10, 19, 35, 31, 46, 48, 36, 16, 24, 23, 11, 61, 8, 3, 64, 45, 30, 51, 47, 21, 13, 14, 54, 12, 28, 7, 55, 58, 50, 44, 5, 62, 32, 22, 20, 37, 39, 6, 38, 2, 9, 34, 4, 1, 27]
PRO_LEN：320000
score：0.9642539682539683
loss rate：0.03574603174603175
finished iteration：2023-01-01 00:01:26.331025

Number of rounds 5
T1
客户端数：10	时间：0.004988670349121094	客户端：[57, 53, 40, 33, 36, 21, 14, 47, 30, 2]
客户端数：20	时间：0.006983280181884766	客户端：[57, 53, 40, 33, 36, 21, 14, 47, 30, 2, 32, 11, 56, 20, 22, 50, 12, 34, 19, 64]
客户端数：30	时间：0.012050628662109375	客户端：[57, 53, 40, 33, 36, 21, 14, 47, 30, 2, 32, 11, 56, 20, 22, 50, 12, 34, 19, 64, 4, 9, 31, 3, 61, 45, 62, 6, 10, 48]
客户端数：40	时间：0.017544031143188477	客户端：[57, 53, 40, 33, 36, 21, 14, 47, 30, 2, 32, 11, 56, 20, 22, 50, 12, 34, 19, 64, 4, 9, 31, 3, 61, 45, 62, 6, 10, 48, 44, 58, 23, 41, 24, 8, 38, 39, 63, 54]
客户端数：50	时间：0.018541812896728516	客户端：[57, 53, 40, 33, 36, 21, 14, 47, 30, 2, 32, 11, 56, 20, 22, 50, 12, 34, 19, 64, 4, 9, 31, 3, 61, 45, 62, 6, 10, 48, 44, 58, 23, 41, 24, 8, 38, 39, 63, 54, 27, 7, 55, 28, 35, 16, 1, 26, 46, 51]
T2
客户端数：10	时间：0.001998424530029297	客户端：[5, 53, 41, 26, 54, 33, 40, 56, 63, 31]
客户端数：20	时间：0.0039937496185302734	客户端：[5, 53, 41, 26, 54, 33, 40, 56, 63, 31, 57, 14, 28, 32, 11, 6, 48, 16, 2, 35]
客户端数：30	时间：0.0069866180419921875	客户端：[5, 53, 41, 26, 54, 33, 40, 56, 63, 31, 57, 14, 28, 32, 11, 6, 48, 16, 2, 35, 51, 61, 19, 21, 62, 64, 50, 38, 12, 20]
客户端数：40	时间：0.008983373641967773	客户端：[5, 53, 41, 26, 54, 33, 40, 56, 63, 31, 57, 14, 28, 32, 11, 6, 48, 16, 2, 35, 51, 61, 19, 21, 62, 64, 50, 38, 12, 20, 55, 36, 34, 45, 3, 39, 23, 44, 4, 58]
客户端数：50	时间：0.013960599899291992	客户端：[5, 53, 41, 26, 54, 33, 40, 56, 63, 31, 57, 14, 28, 32, 11, 6, 48, 16, 2, 35, 51, 61, 19, 21, 62, 64, 50, 38, 12, 20, 55, 36, 34, 45, 3, 39, 23, 44, 4, 58, 22, 27, 9, 1, 24, 7, 46, 47, 30, 8]
客户端数：52	时间：0.013960599899291992	客户端：[5, 53, 41, 26, 54, 33, 40, 56, 63, 31, 57, 14, 28, 32, 11, 6, 48, 16, 2, 35, 51, 61, 19, 21, 62, 64, 50, 38, 12, 20, 55, 36, 34, 45, 3, 39, 23, 44, 4, 58, 22, 27, 9, 1, 24, 7, 46, 47, 30, 8, 37, 10]
T3
客户端数：10	时间：26.814143896102905	客户端：[5, 53, 41, 26, 54, 33, 40, 56, 63, 31]
客户端数：20	时间：67.36503219604492	客户端：[5, 53, 41, 26, 54, 33, 40, 56, 63, 31, 57, 14, 28, 32, 11, 6, 48, 16, 2, 35]
客户端数：30	时间：134.5794117450714	客户端：[5, 53, 41, 26, 54, 33, 40, 56, 63, 31, 57, 14, 28, 32, 11, 6, 48, 16, 2, 35, 51, 61, 19, 21, 62, 64, 50, 38, 12, 20]
客户端数：40	时间：228.03329515457153	客户端：[5, 53, 41, 26, 54, 33, 40, 56, 63, 31, 57, 14, 28, 32, 11, 6, 48, 16, 2, 35, 51, 61, 19, 21, 62, 64, 50, 38, 12, 20, 55, 36, 34, 45, 3, 39, 23, 44, 4, 58]
客户端数：50	时间：348.0412404537201	客户端：[5, 53, 41, 26, 54, 33, 40, 56, 63, 31, 57, 14, 28, 32, 11, 6, 48, 16, 2, 35, 51, 61, 19, 21, 62, 64, 50, 38, 12, 20, 55, 36, 34, 45, 3, 39, 23, 44, 4, 58, 22, 27, 9, 1, 24, 7, 46, 47, 30, 8]
客户端数：52	时间：398.46057987213135	客户端：[5, 53, 41, 26, 54, 33, 40, 56, 63, 31, 57, 14, 28, 32, 11, 6, 48, 16, 2, 35, 51, 61, 19, 21, 62, 64, 50, 38, 12, 20, 55, 36, 34, 45, 3, 39, 23, 44, 4, 58, 22, 27, 9, 1, 24, 7, 46, 47, 30, 8, 37, 10]
BYTE
客户端数：10	字节数：3200000	客户端：[57, 53, 40, 33, 36, 21, 14, 47, 30, 2]
客户端数：20	字节数：6400000	客户端：[57, 53, 40, 33, 36, 21, 14, 47, 30, 2, 32, 11, 56, 20, 22, 50, 12, 34, 19, 64]
客户端数：30	字节数：9600000	客户端：[57, 53, 40, 33, 36, 21, 14, 47, 30, 2, 32, 11, 56, 20, 22, 50, 12, 34, 19, 64, 4, 9, 31, 3, 61, 45, 62, 6, 10, 48]
客户端数：40	字节数：12800000	客户端：[57, 53, 40, 33, 36, 21, 14, 47, 30, 2, 32, 11, 56, 20, 22, 50, 12, 34, 19, 64, 4, 9, 31, 3, 61, 45, 62, 6, 10, 48, 44, 58, 23, 41, 24, 8, 38, 39, 63, 54]
客户端数：50	字节数：16000000	客户端：[57, 53, 40, 33, 36, 21, 14, 47, 30, 2, 32, 11, 56, 20, 22, 50, 12, 34, 19, 64, 4, 9, 31, 3, 61, 45, 62, 6, 10, 48, 44, 58, 23, 41, 24, 8, 38, 39, 63, 54, 27, 7, 55, 28, 35, 16, 1, 26, 46, 51]
PRO_LEN：320000
score：0.9646349206349206
loss rate：0.03536507936507938
finished iteration：2023-01-01 00:01:46.328468

Number of rounds 6
T1
客户端数：10	时间：0.0030281543731689453	客户端：[40, 56, 33, 63, 53, 61, 16, 54, 26, 48]
客户端数：20	时间：0.005988597869873047	客户端：[40, 56, 33, 63, 53, 61, 16, 54, 26, 48, 57, 21, 14, 51, 31, 11, 28, 12, 64, 3]
客户端数：30	时间：0.0079803466796875	客户端：[40, 56, 33, 63, 53, 61, 16, 54, 26, 48, 57, 21, 14, 51, 31, 11, 28, 12, 64, 3, 38, 35, 45, 6, 2, 44, 4, 55, 20, 22]
客户端数：40	时间：0.009974956512451172	客户端：[40, 56, 33, 63, 53, 61, 16, 54, 26, 48, 57, 21, 14, 51, 31, 11, 28, 12, 64, 3, 38, 35, 45, 6, 2, 44, 4, 55, 20, 22, 58, 24, 41, 27, 1, 62, 36, 50, 7, 39]
客户端数：49	时间：0.01296687126159668	客户端：[40, 56, 33, 63, 53, 61, 16, 54, 26, 48, 57, 21, 14, 51, 31, 11, 28, 12, 64, 3, 38, 35, 45, 6, 2, 44, 4, 55, 20, 22, 58, 24, 41, 27, 1, 62, 36, 50, 7, 39, 32, 46, 47, 19, 8, 30, 23, 9, 10]
T2
客户端数：10	时间：0.002992868423461914	客户端：[13, 53, 41, 28, 56, 35, 54, 40, 32, 26]
客户端数：20	时间：0.005985736846923828	客户端：[13, 53, 41, 28, 56, 35, 54, 40, 32, 26, 6, 2, 47, 63, 51, 11, 8, 10, 48, 36]
客户端数：30	时间：0.008978128433227539	客户端：[13, 53, 41, 28, 56, 35, 54, 40, 32, 26, 6, 2, 47, 63, 51, 11, 8, 10, 48, 36, 16, 50, 61, 21, 19, 62, 64, 7, 30, 12]
客户端数：40	时间：0.011002540588378906	客户端：[13, 53, 41, 28, 56, 35, 54, 40, 32, 26, 6, 2, 47, 63, 51, 11, 8, 10, 48, 36, 16, 50, 61, 21, 19, 62, 64, 7, 30, 12, 20, 22, 9, 45, 55, 3, 4, 44, 1, 27]
客户端数：49	时间：0.014992713928222656	客户端：[13, 53, 41, 28, 56, 35, 54, 40, 32, 26, 6, 2, 47, 63, 51, 11, 8, 10, 48, 36, 16, 50, 61, 21, 19, 62, 64, 7, 30, 12, 20, 22, 9, 45, 55, 3, 4, 44, 1, 27, 14, 23, 38, 58, 24, 31, 39, 33, 57]
T3
客户端数：10	时间：49.62765312194824	客户端：[13, 53, 41, 28, 56, 35, 54, 40, 32, 26]
客户端数：20	时间：89.6775631904602	客户端：[13, 53, 41, 28, 56, 35, 54, 40, 32, 26, 6, 2, 47, 63, 51, 11, 8, 10, 48, 36]
客户端数：30	时间：157.5851399898529	客户端：[13, 53, 41, 28, 56, 35, 54, 40, 32, 26, 6, 2, 47, 63, 51, 11, 8, 10, 48, 36, 16, 50, 61, 21, 19, 62, 64, 7, 30, 12]
客户端数：40	时间：254.5450038909912	客户端：[13, 53, 41, 28, 56, 35, 54, 40, 32, 26, 6, 2, 47, 63, 51, 11, 8, 10, 48, 36, 16, 50, 61, 21, 19, 62, 64, 7, 30, 12, 20, 22, 9, 45, 55, 3, 4, 44, 1, 27]
客户端数：49	时间：369.9313488006592	客户端：[13, 53, 41, 28, 56, 35, 54, 40, 32, 26, 6, 2, 47, 63, 51, 11, 8, 10, 48, 36, 16, 50, 61, 21, 19, 62, 64, 7, 30, 12, 20, 22, 9, 45, 55, 3, 4, 44, 1, 27, 14, 23, 38, 58, 24, 31, 39, 33, 57]
BYTE
客户端数：10	字节数：3200000	客户端：[40, 56, 33, 63, 53, 61, 16, 54, 26, 48]
客户端数：20	字节数：6400000	客户端：[40, 56, 33, 63, 53, 61, 16, 54, 26, 48, 57, 21, 14, 51, 31, 11, 28, 12, 64, 3]
客户端数：30	字节数：9600000	客户端：[40, 56, 33, 63, 53, 61, 16, 54, 26, 48, 57, 21, 14, 51, 31, 11, 28, 12, 64, 3, 38, 35, 45, 6, 2, 44, 4, 55, 20, 22]
客户端数：40	字节数：12800000	客户端：[40, 56, 33, 63, 53, 61, 16, 54, 26, 48, 57, 21, 14, 51, 31, 11, 28, 12, 64, 3, 38, 35, 45, 6, 2, 44, 4, 55, 20, 22, 58, 24, 41, 27, 1, 62, 36, 50, 7, 39]
客户端数：49	字节数：15680000	客户端：[40, 56, 33, 63, 53, 61, 16, 54, 26, 48, 57, 21, 14, 51, 31, 11, 28, 12, 64, 3, 38, 35, 45, 6, 2, 44, 4, 55, 20, 22, 58, 24, 41, 27, 1, 62, 36, 50, 7, 39, 32, 46, 47, 19, 8, 30, 23, 9, 10]
PRO_LEN：320000
score：0.9638095238095238
loss rate：0.03619047619047622
finished iteration：2023-01-01 00:02:06.751560

Number of rounds 7
T1
客户端数：10	时间：0.007978439331054688	客户端：[41, 53, 26, 47, 10, 56, 19, 16, 35, 40]
客户端数：20	时间：0.014959573745727539	客户端：[41, 53, 26, 47, 10, 56, 19, 16, 35, 40, 54, 50, 2, 30, 32, 20, 6, 8, 63, 62]
客户端数：30	时间：0.02293705940246582	客户端：[41, 53, 26, 47, 10, 56, 19, 16, 35, 40, 54, 50, 2, 30, 32, 20, 6, 8, 63, 62, 12, 64, 28, 21, 44, 51, 9, 4, 36, 1]
客户端数：40	时间：0.02892279624938965	客户端：[41, 53, 26, 47, 10, 56, 19, 16, 35, 40, 54, 50, 2, 30, 32, 20, 6, 8, 63, 62, 12, 64, 28, 21, 44, 51, 9, 4, 36, 1, 7, 14, 58, 38, 48, 23, 55, 24, 3, 61]
客户端数：48	时间：0.034906864166259766	客户端：[41, 53, 26, 47, 10, 56, 19, 16, 35, 40, 54, 50, 2, 30, 32, 20, 6, 8, 63, 62, 12, 64, 28, 21, 44, 51, 9, 4, 36, 1, 7, 14, 58, 38, 48, 23, 55, 24, 3, 61, 39, 31, 45, 11, 27, 22, 33, 57]
T2
客户端数：10	时间：0.0009987354278564453	客户端：[53, 41, 28, 31, 35, 40, 2, 63, 56, 33]
客户端数：20	时间：0.0030007362365722656	客户端：[53, 41, 28, 31, 35, 40, 2, 63, 56, 33, 54, 11, 51, 48, 26, 55, 16, 6, 21, 57]
客户端数：30	时间：0.006989717483520508	客户端：[53, 41, 28, 31, 35, 40, 2, 63, 56, 33, 54, 11, 51, 48, 26, 55, 16, 6, 21, 57, 10, 58, 64, 47, 22, 27, 38, 23, 44, 19]
客户端数：40	时间：0.00798797607421875	客户端：[53, 41, 28, 31, 35, 40, 2, 63, 56, 33, 54, 11, 51, 48, 26, 55, 16, 6, 21, 57, 10, 58, 64, 47, 22, 27, 38, 23, 44, 19, 20, 3, 39, 62, 50, 9, 32, 14, 24, 7]
客户端数：49	时间：0.01200413703918457	客户端：[53, 41, 28, 31, 35, 40, 2, 63, 56, 33, 54, 11, 51, 48, 26, 55, 16, 6, 21, 57, 10, 58, 64, 47, 22, 27, 38, 23, 44, 19, 20, 3, 39, 62, 50, 9, 32, 14, 24, 7, 12, 4, 30, 45, 8, 36, 46, 61, 1]
T3
客户端数：10	时间：14.278916358947754	客户端：[53, 41, 28, 31, 35, 40, 2, 63, 56, 33]
客户端数：20	时间：57.17955803871155	客户端：[53, 41, 28, 31, 35, 40, 2, 63, 56, 33, 54, 11, 51, 48, 26, 55, 16, 6, 21, 57]
客户端数：30	时间：128.2754669189453	客户端：[53, 41, 28, 31, 35, 40, 2, 63, 56, 33, 54, 11, 51, 48, 26, 55, 16, 6, 21, 57, 10, 58, 64, 47, 22, 27, 38, 23, 44, 19]
客户端数：40	时间：227.7909436225891	客户端：[53, 41, 28, 31, 35, 40, 2, 63, 56, 33, 54, 11, 51, 48, 26, 55, 16, 6, 21, 57, 10, 58, 64, 47, 22, 27, 38, 23, 44, 19, 20, 3, 39, 62, 50, 9, 32, 14, 24, 7]
客户端数：49	时间：366.4176151752472	客户端：[53, 41, 28, 31, 35, 40, 2, 63, 56, 33, 54, 11, 51, 48, 26, 55, 16, 6, 21, 57, 10, 58, 64, 47, 22, 27, 38, 23, 44, 19, 20, 3, 39, 62, 50, 9, 32, 14, 24, 7, 12, 4, 30, 45, 8, 36, 46, 61, 1]
BYTE
客户端数：10	字节数：3200000	客户端：[41, 53, 26, 47, 10, 56, 19, 16, 35, 40]
客户端数：20	字节数：6400000	客户端：[41, 53, 26, 47, 10, 56, 19, 16, 35, 40, 54, 50, 2, 30, 32, 20, 6, 8, 63, 62]
客户端数：30	字节数：9600000	客户端：[41, 53, 26, 47, 10, 56, 19, 16, 35, 40, 54, 50, 2, 30, 32, 20, 6, 8, 63, 62, 12, 64, 28, 21, 44, 51, 9, 4, 36, 1]
客户端数：40	字节数：12800000	客户端：[41, 53, 26, 47, 10, 56, 19, 16, 35, 40, 54, 50, 2, 30, 32, 20, 6, 8, 63, 62, 12, 64, 28, 21, 44, 51, 9, 4, 36, 1, 7, 14, 58, 38, 48, 23, 55, 24, 3, 61]
客户端数：48	字节数：15360000	客户端：[41, 53, 26, 47, 10, 56, 19, 16, 35, 40, 54, 50, 2, 30, 32, 20, 6, 8, 63, 62, 12, 64, 28, 21, 44, 51, 9, 4, 36, 1, 7, 14, 58, 38, 48, 23, 55, 24, 3, 61, 39, 31, 45, 11, 27, 22, 33, 57]
PRO_LEN：320000
score：0.9637460317460318
loss rate：0.036253968253968205
finished iteration：2023-01-01 00:02:27.083561

Number of rounds 8
T1
客户端数：10	时间：0.0009975433349609375	客户端：[41, 63, 56, 33, 16, 51, 35, 40, 10, 44]
客户端数：20	时间：0.0029921531677246094	客户端：[41, 63, 56, 33, 16, 51, 35, 40, 10, 44, 47, 48, 23, 57, 28, 58, 20, 22, 2, 26]
客户端数：30	时间：0.003989458084106445	客户端：[41, 63, 56, 33, 16, 51, 35, 40, 10, 44, 47, 48, 23, 57, 28, 58, 20, 22, 2, 26, 24, 6, 19, 14, 27, 38, 9, 32, 12, 39]
客户端数：40	时间：0.006981611251831055	客户端：[41, 63, 56, 33, 16, 51, 35, 40, 10, 44, 47, 48, 23, 57, 28, 58, 20, 22, 2, 26, 24, 6, 19, 14, 27, 38, 9, 32, 12, 39, 11, 7, 62, 4, 31, 64, 30, 53, 54, 21]
客户端数：48	时间：0.009973526000976562	客户端：[41, 63, 56, 33, 16, 51, 35, 40, 10, 44, 47, 48, 23, 57, 28, 58, 20, 22, 2, 26, 24, 6, 19, 14, 27, 38, 9, 32, 12, 39, 11, 7, 62, 4, 31, 64, 30, 53, 54, 21, 50, 45, 8, 36, 3, 61, 1, 55]
T2
客户端数：10	时间：0.001994609832763672	客户端：[31, 53, 41, 35, 28, 33, 56, 54, 2, 63]
客户端数：20	时间：0.001994609832763672	客户端：[31, 53, 41, 35, 28, 33, 56, 54, 2, 63, 14, 24, 51, 10, 47, 16, 11, 36, 26, 50]
客户端数：30	时间：0.004987955093383789	客户端：[31, 53, 41, 35, 28, 33, 56, 54, 2, 63, 14, 24, 51, 10, 47, 16, 11, 36, 26, 50, 48, 58, 61, 19, 64, 30, 9, 27, 44, 12]
客户端数：40	时间：0.007979869842529297	客户端：[31, 53, 41, 35, 28, 33, 56, 54, 2, 63, 14, 24, 51, 10, 47, 16, 11, 36, 26, 50, 48, 58, 61, 19, 64, 30, 9, 27, 44, 12, 39, 4, 7, 1, 38, 55, 23, 20, 3, 45]
客户端数：47	时间：0.009975433349609375	客户端：[31, 53, 41, 35, 28, 33, 56, 54, 2, 63, 14, 24, 51, 10, 47, 16, 11, 36, 26, 50, 48, 58, 61, 19, 64, 30, 9, 27, 44, 12, 39, 4, 7, 1, 38, 55, 23, 20, 3, 45, 6, 22, 32, 40, 57, 8, 21]
T3
客户端数：10	时间：12.878617763519287	客户端：[31, 53, 41, 35, 28, 33, 56, 54, 2, 63]
客户端数：20	时间：51.99490475654602	客户端：[31, 53, 41, 35, 28, 33, 56, 54, 2, 63, 14, 24, 51, 10, 47, 16, 11, 36, 26, 50]
客户端数：30	时间：119.18755316734314	客户端：[31, 53, 41, 35, 28, 33, 56, 54, 2, 63, 14, 24, 51, 10, 47, 16, 11, 36, 26, 50, 48, 58, 61, 19, 64, 30, 9, 27, 44, 12]
客户端数：40	时间：214.49800562858582	客户端：[31, 53, 41, 35, 28, 33, 56, 54, 2, 63, 14, 24, 51, 10, 47, 16, 11, 36, 26, 50, 48, 58, 61, 19, 64, 30, 9, 27, 44, 12, 39, 4, 7, 1, 38, 55, 23, 20, 3, 45]
客户端数：47	时间：297.6681897640228	客户端：[31, 53, 41, 35, 28, 33, 56, 54, 2, 63, 14, 24, 51, 10, 47, 16, 11, 36, 26, 50, 48, 58, 61, 19, 64, 30, 9, 27, 44, 12, 39, 4, 7, 1, 38, 55, 23, 20, 3, 45, 6, 22, 32, 40, 57, 8, 21]
BYTE
客户端数：10	字节数：3200000	客户端：[41, 63, 56, 33, 16, 51, 35, 40, 10, 44]
客户端数：20	字节数：6400000	客户端：[41, 63, 56, 33, 16, 51, 35, 40, 10, 44, 47, 48, 23, 57, 28, 58, 20, 22, 2, 26]
客户端数：30	字节数：9600000	客户端：[41, 63, 56, 33, 16, 51, 35, 40, 10, 44, 47, 48, 23, 57, 28, 58, 20, 22, 2, 26, 24, 6, 19, 14, 27, 38, 9, 32, 12, 39]
客户端数：40	字节数：12800000	客户端：[41, 63, 56, 33, 16, 51, 35, 40, 10, 44, 47, 48, 23, 57, 28, 58, 20, 22, 2, 26, 24, 6, 19, 14, 27, 38, 9, 32, 12, 39, 11, 7, 62, 4, 31, 64, 30, 53, 54, 21]
客户端数：48	字节数：15360000	客户端：[41, 63, 56, 33, 16, 51, 35, 40, 10, 44, 47, 48, 23, 57, 28, 58, 20, 22, 2, 26, 24, 6, 19, 14, 27, 38, 9, 32, 12, 39, 11, 7, 62, 4, 31, 64, 30, 53, 54, 21, 50, 45, 8, 36, 3, 61, 1, 55]
PRO_LEN：320000
score：0.9646349206349206
loss rate：0.03536507936507938
finished iteration：2023-01-01 00:02:47.381958

Number of rounds 9
T1
客户端数：10	时间：0.0029909610748291016	客户端：[33, 24, 63, 56, 47, 53, 51, 61, 26, 54]
客户端数：20	时间：0.005983591079711914	客户端：[33, 24, 63, 56, 47, 53, 51, 61, 26, 54, 10, 14, 23, 48, 16, 44, 58, 11, 4, 30]
客户端数：30	时间：0.008974075317382812	客户端：[33, 24, 63, 56, 47, 53, 51, 61, 26, 54, 10, 14, 23, 48, 16, 44, 58, 11, 4, 30, 12, 27, 20, 1, 9, 7, 22, 3, 39, 57]
客户端数：40	时间：0.00997304916381836	客户端：[33, 24, 63, 56, 47, 53, 51, 61, 26, 54, 10, 14, 23, 48, 16, 44, 58, 11, 4, 30, 12, 27, 20, 1, 9, 7, 22, 3, 39, 57, 50, 40, 38, 8, 55, 6, 32, 31, 41, 2]
客户端数：47	时间：0.011968612670898438	客户端：[33, 24, 63, 56, 47, 53, 51, 61, 26, 54, 10, 14, 23, 48, 16, 44, 58, 11, 4, 30, 12, 27, 20, 1, 9, 7, 22, 3, 39, 57, 50, 40, 38, 8, 55, 6, 32, 31, 41, 2, 28, 21, 19, 64, 36, 35, 45]
T2
客户端数：10	时间：0.002995014190673828	客户端：[31, 41, 35, 54, 53, 33, 26, 57, 63, 14]
客户端数：20	时间：0.005988121032714844	客户端：[31, 41, 35, 54, 53, 33, 26, 57, 63, 14, 51, 8, 40, 10, 47, 36, 28, 50, 61, 58]
客户端数：30	时间：0.007983207702636719	客户端：[31, 41, 35, 54, 53, 33, 26, 57, 63, 14, 51, 8, 40, 10, 47, 36, 28, 50, 61, 58, 30, 2, 64, 21, 12, 32, 9, 48, 22, 3]
客户端数：40	时间：0.008981466293334961	客户端：[31, 41, 35, 54, 53, 33, 26, 57, 63, 14, 51, 8, 40, 10, 47, 36, 28, 50, 61, 58, 30, 2, 64, 21, 12, 32, 9, 48, 22, 3, 4, 44, 27, 20, 45, 39, 7, 23, 38, 6]
客户端数：48	时间：0.012970447540283203	客户端：[31, 41, 35, 54, 53, 33, 26, 57, 63, 14, 51, 8, 40, 10, 47, 36, 28, 50, 61, 58, 30, 2, 64, 21, 12, 32, 9, 48, 22, 3, 4, 44, 27, 20, 45, 39, 7, 23, 38, 6, 16, 1, 24, 19, 56, 62, 55, 11]
T3
客户端数：10	时间：13.266551971435547	客户端：[31, 41, 35, 54, 53, 33, 26, 57, 63, 14]
客户端数：20	时间：52.87972927093506	客户端：[31, 41, 35, 54, 53, 33, 26, 57, 63, 14, 51, 8, 40, 10, 47, 36, 28, 50, 61, 58]
客户端数：30	时间：119.33333539962769	客户端：[31, 41, 35, 54, 53, 33, 26, 57, 63, 14, 51, 8, 40, 10, 47, 36, 28, 50, 61, 58, 30, 2, 64, 21, 12, 32, 9, 48, 22, 3]
客户端数：40	时间：213.02914929389954	客户端：[31, 41, 35, 54, 53, 33, 26, 57, 63, 14, 51, 8, 40, 10, 47, 36, 28, 50, 61, 58, 30, 2, 64, 21, 12, 32, 9, 48, 22, 3, 4, 44, 27, 20, 45, 39, 7, 23, 38, 6]
客户端数：48	时间：331.50084042549133	客户端：[31, 41, 35, 54, 53, 33, 26, 57, 63, 14, 51, 8, 40, 10, 47, 36, 28, 50, 61, 58, 30, 2, 64, 21, 12, 32, 9, 48, 22, 3, 4, 44, 27, 20, 45, 39, 7, 23, 38, 6, 16, 1, 24, 19, 56, 62, 55, 11]
BYTE
客户端数：10	字节数：3200000	客户端：[33, 24, 63, 56, 47, 53, 51, 61, 26, 54]
客户端数：20	字节数：6400000	客户端：[33, 24, 63, 56, 47, 53, 51, 61, 26, 54, 10, 14, 23, 48, 16, 44, 58, 11, 4, 30]
客户端数：30	字节数：9600000	客户端：[33, 24, 63, 56, 47, 53, 51, 61, 26, 54, 10, 14, 23, 48, 16, 44, 58, 11, 4, 30, 12, 27, 20, 1, 9, 7, 22, 3, 39, 57]
客户端数：40	字节数：12800000	客户端：[33, 24, 63, 56, 47, 53, 51, 61, 26, 54, 10, 14, 23, 48, 16, 44, 58, 11, 4, 30, 12, 27, 20, 1, 9, 7, 22, 3, 39, 57, 50, 40, 38, 8, 55, 6, 32, 31, 41, 2]
客户端数：47	字节数：15040000	客户端：[33, 24, 63, 56, 47, 53, 51, 61, 26, 54, 10, 14, 23, 48, 16, 44, 58, 11, 4, 30, 12, 27, 20, 1, 9, 7, 22, 3, 39, 57, 50, 40, 38, 8, 55, 6, 32, 31, 41, 2, 28, 21, 19, 64, 36, 35, 45]
PRO_LEN：320000
score：0.964
loss rate：0.03600000000000003
finished iteration：2023-01-01 00:03:08.075305

Number of rounds 10
T1
客户端数：10	时间：0.004986286163330078	客户端：[40, 26, 63, 33, 10, 54, 61, 47, 35, 57]
客户端数：20	时间：0.005983591079711914	客户端：[40, 26, 63, 33, 10, 54, 61, 47, 35, 57, 30, 21, 44, 36, 4, 22, 8, 31, 58, 48]
客户端数：30	时间：0.006981611251831055	客户端：[40, 26, 63, 33, 10, 54, 61, 47, 35, 57, 30, 21, 44, 36, 4, 22, 8, 31, 58, 48, 20, 64, 39, 9, 28, 12, 38, 2, 6, 23]
客户端数：40	时间：0.008975982666015625	客户端：[40, 26, 63, 33, 10, 54, 61, 47, 35, 57, 30, 21, 44, 36, 4, 22, 8, 31, 58, 48, 20, 64, 39, 9, 28, 12, 38, 2, 6, 23, 53, 41, 16, 51, 27, 3, 1, 7, 24, 45]
客户端数：46	时间：0.010969400405883789	客户端：[40, 26, 63, 33, 10, 54, 61, 47, 35, 57, 30, 21, 44, 36, 4, 22, 8, 31, 58, 48, 20, 64, 39, 9, 28, 12, 38, 2, 6, 23, 53, 41, 16, 51, 27, 3, 1, 7, 24, 45, 19, 56, 50, 55, 32, 11]
T2
客户端数：10	时间：0.0019948482513427734	客户端：[41, 28, 35, 40, 24, 63, 54, 6, 51, 8]
客户端数：20	时间：0.003988981246948242	客户端：[41, 28, 35, 40, 24, 63, 54, 6, 51, 8, 2, 48, 56, 11, 16, 47, 55, 36, 20, 30]
客户端数：30	时间：0.005984067916870117	客户端：[41, 28, 35, 40, 24, 63, 54, 6, 51, 8, 2, 48, 56, 11, 16, 47, 55, 36, 20, 30, 44, 38, 9, 50, 22, 27, 12, 61, 4, 3]
客户端数：40	时间：0.007978439331054688	客户端：[41, 28, 35, 40, 24, 63, 54, 6, 51, 8, 2, 48, 56, 11, 16, 47, 55, 36, 20, 30, 44, 38, 9, 50, 22, 27, 12, 61, 4, 3, 45, 1, 10, 23, 32, 58, 7, 19, 26, 39]
客户端数：46	时间：0.009973287582397461	客户端：[41, 28, 35, 40, 24, 63, 54, 6, 51, 8, 2, 48, 56, 11, 16, 47, 55, 36, 20, 30, 44, 38, 9, 50, 22, 27, 12, 61, 4, 3, 45, 1, 10, 23, 32, 58, 7, 19, 26, 39, 53, 33, 31, 57, 21, 64]
T3
客户端数：10	时间：1.3713264465332031	客户端：[41, 28, 35, 40, 24, 63, 54, 6, 51, 8]
客户端数：20	时间：2.762603759765625	客户端：[41, 28, 35, 40, 24, 63, 54, 6, 51, 8, 2, 48, 56, 11, 16, 47, 55, 36, 20, 30]
客户端数：30	时间：4.171834468841553	客户端：[41, 28, 35, 40, 24, 63, 54, 6, 51, 8, 2, 48, 56, 11, 16, 47, 55, 36, 20, 30, 44, 38, 9, 50, 22, 27, 12, 61, 4, 3]
客户端数：40	时间：5.601010799407959	客户端：[41, 28, 35, 40, 24, 63, 54, 6, 51, 8, 2, 48, 56, 11, 16, 47, 55, 36, 20, 30, 44, 38, 9, 50, 22, 27, 12, 61, 4, 3, 45, 1, 10, 23, 32, 58, 7, 19, 26, 39]
客户端数：46	时间：6.470684766769409	客户端：[41, 28, 35, 40, 24, 63, 54, 6, 51, 8, 2, 48, 56, 11, 16, 47, 55, 36, 20, 30, 44, 38, 9, 50, 22, 27, 12, 61, 4, 3, 45, 1, 10, 23, 32, 58, 7, 19, 26, 39, 53, 33, 31, 57, 21, 64]
BYTE
客户端数：10	字节数：3200000	客户端：[40, 26, 63, 33, 10, 54, 61, 47, 35, 57]
客户端数：20	字节数：6400000	客户端：[40, 26, 63, 33, 10, 54, 61, 47, 35, 57, 30, 21, 44, 36, 4, 22, 8, 31, 58, 48]
客户端数：30	字节数：9600000	客户端：[40, 26, 63, 33, 10, 54, 61, 47, 35, 57, 30, 21, 44, 36, 4, 22, 8, 31, 58, 48, 20, 64, 39, 9, 28, 12, 38, 2, 6, 23]
客户端数：40	字节数：12800000	客户端：[40, 26, 63, 33, 10, 54, 61, 47, 35, 57, 30, 21, 44, 36, 4, 22, 8, 31, 58, 48, 20, 64, 39, 9, 28, 12, 38, 2, 6, 23, 53, 41, 16, 51, 27, 3, 1, 7, 24, 45]
客户端数：46	字节数：14720000	客户端：[40, 26, 63, 33, 10, 54, 61, 47, 35, 57, 30, 21, 44, 36, 4, 22, 8, 31, 58, 48, 20, 64, 39, 9, 28, 12, 38, 2, 6, 23, 53, 41, 16, 51, 27, 3, 1, 7, 24, 45, 19, 56, 50, 55, 32, 11]
PRO_LEN：320000
score：0.9648253968253968
loss rate：0.03517460317460319
finished iteration：2023-01-01 00:03:28.449328

