Number of rounds 1
T1
客户端数：10	时间：0.004987239837646484	客户端：[23, 5, 14, 19, 11, 25, 62, 10, 27, 8]
客户端数：20	时间：0.007979154586791992	客户端：[23, 5, 14, 19, 11, 25, 62, 10, 27, 8, 40, 45, 49, 31, 36, 58, 9, 63, 55, 6]
客户端数：30	时间：0.00997304916381836	客户端：[23, 5, 14, 19, 11, 25, 62, 10, 27, 8, 40, 45, 49, 31, 36, 58, 9, 63, 55, 6, 59, 46, 53, 50, 64, 18, 1, 35, 4, 61]
客户端数：40	时间：0.012964963912963867	客户端：[23, 5, 14, 19, 11, 25, 62, 10, 27, 8, 40, 45, 49, 31, 36, 58, 9, 63, 55, 6, 59, 46, 53, 50, 64, 18, 1, 35, 4, 61, 30, 39, 28, 42, 22, 12, 44, 32, 56, 48]
客户端数：50	时间：0.015957355499267578	客户端：[23, 5, 14, 19, 11, 25, 62, 10, 27, 8, 40, 45, 49, 31, 36, 58, 9, 63, 55, 6, 59, 46, 53, 50, 64, 18, 1, 35, 4, 61, 30, 39, 28, 42, 22, 12, 44, 32, 56, 48, 41, 2, 51, 17, 21, 34, 52, 33, 3, 20]
客户端数：60	时间：0.018949270248413086	客户端：[23, 5, 14, 19, 11, 25, 62, 10, 27, 8, 40, 45, 49, 31, 36, 58, 9, 63, 55, 6, 59, 46, 53, 50, 64, 18, 1, 35, 4, 61, 30, 39, 28, 42, 22, 12, 44, 32, 56, 48, 41, 2, 51, 17, 21, 34, 52, 33, 3, 20, 43, 54, 7, 13, 15, 47, 24, 60, 29, 16]
客户端数：63	时间：0.018949270248413086	客户端：[23, 5, 14, 19, 11, 25, 62, 10, 27, 8, 40, 45, 49, 31, 36, 58, 9, 63, 55, 6, 59, 46, 53, 50, 64, 18, 1, 35, 4, 61, 30, 39, 28, 42, 22, 12, 44, 32, 56, 48, 41, 2, 51, 17, 21, 34, 52, 33, 3, 20, 43, 54, 7, 13, 15, 47, 24, 60, 29, 16, 57, 37, 26]
T2
客户端数：10	时间：0.0019919872283935547	客户端：[10, 64, 11, 12, 56, 14, 13, 4, 3, 46]
客户端数：20	时间：0.00408172607421875	客户端：[10, 64, 11, 12, 56, 14, 13, 4, 3, 46, 16, 9, 48, 44, 41, 29, 51, 15, 20, 30]
客户端数：30	时间：0.009155988693237305	客户端：[10, 64, 11, 12, 56, 14, 13, 4, 3, 46, 16, 9, 48, 44, 41, 29, 51, 15, 20, 30, 45, 33, 58, 25, 57, 7, 21, 52, 17, 1]
客户端数：40	时间：0.01421809196472168	客户端：[10, 64, 11, 12, 56, 14, 13, 4, 3, 46, 16, 9, 48, 44, 41, 29, 51, 15, 20, 30, 45, 33, 58, 25, 57, 7, 21, 52, 17, 1, 47, 50, 23, 6, 18, 26, 62, 63, 2, 37]
客户端数：50	时间：0.017209529876708984	客户端：[10, 64, 11, 12, 56, 14, 13, 4, 3, 46, 16, 9, 48, 44, 41, 29, 51, 15, 20, 30, 45, 33, 58, 25, 57, 7, 21, 52, 17, 1, 47, 50, 23, 6, 18, 26, 62, 63, 2, 37, 32, 53, 35, 28, 31, 55, 54, 40, 49, 8]
客户端数：60	时间：0.020212173461914062	客户端：[10, 64, 11, 12, 56, 14, 13, 4, 3, 46, 16, 9, 48, 44, 41, 29, 51, 15, 20, 30, 45, 33, 58, 25, 57, 7, 21, 52, 17, 1, 47, 50, 23, 6, 18, 26, 62, 63, 2, 37, 32, 53, 35, 28, 31, 55, 54, 40, 49, 8, 42, 22, 24, 43, 39, 27, 34, 59, 5, 36]
客户端数：63	时间：0.020212173461914062	客户端：[10, 64, 11, 12, 56, 14, 13, 4, 3, 46, 16, 9, 48, 44, 41, 29, 51, 15, 20, 30, 45, 33, 58, 25, 57, 7, 21, 52, 17, 1, 47, 50, 23, 6, 18, 26, 62, 63, 2, 37, 32, 53, 35, 28, 31, 55, 54, 40, 49, 8, 42, 22, 24, 43, 39, 27, 34, 59, 5, 36, 61, 60, 19]
T3
客户端数：10	时间：13.106439352035522	客户端：[10, 64, 11, 12, 56, 14, 13, 4, 3, 46]
客户端数：20	时间：52.144309282302856	客户端：[10, 64, 11, 12, 56, 14, 13, 4, 3, 46, 16, 9, 48, 44, 41, 29, 51, 15, 20, 30]
客户端数：30	时间：117.24008584022522	客户端：[10, 64, 11, 12, 56, 14, 13, 4, 3, 46, 16, 9, 48, 44, 41, 29, 51, 15, 20, 30, 45, 33, 58, 25, 57, 7, 21, 52, 17, 1]
客户端数：40	时间：208.74907612800598	客户端：[10, 64, 11, 12, 56, 14, 13, 4, 3, 46, 16, 9, 48, 44, 41, 29, 51, 15, 20, 30, 45, 33, 58, 25, 57, 7, 21, 52, 17, 1, 47, 50, 23, 6, 18, 26, 62, 63, 2, 37]
客户端数：50	时间：326.65382647514343	客户端：[10, 64, 11, 12, 56, 14, 13, 4, 3, 46, 16, 9, 48, 44, 41, 29, 51, 15, 20, 30, 45, 33, 58, 25, 57, 7, 21, 52, 17, 1, 47, 50, 23, 6, 18, 26, 62, 63, 2, 37, 32, 53, 35, 28, 31, 55, 54, 40, 49, 8]
客户端数：60	时间：471.2437472343445	客户端：[10, 64, 11, 12, 56, 14, 13, 4, 3, 46, 16, 9, 48, 44, 41, 29, 51, 15, 20, 30, 45, 33, 58, 25, 57, 7, 21, 52, 17, 1, 47, 50, 23, 6, 18, 26, 62, 63, 2, 37, 32, 53, 35, 28, 31, 55, 54, 40, 49, 8, 42, 22, 24, 43, 39, 27, 34, 59, 5, 36]
客户端数：63	时间：519.8030622005463	客户端：[10, 64, 11, 12, 56, 14, 13, 4, 3, 46, 16, 9, 48, 44, 41, 29, 51, 15, 20, 30, 45, 33, 58, 25, 57, 7, 21, 52, 17, 1, 47, 50, 23, 6, 18, 26, 62, 63, 2, 37, 32, 53, 35, 28, 31, 55, 54, 40, 49, 8, 42, 22, 24, 43, 39, 27, 34, 59, 5, 36, 61, 60, 19]
BYTE
客户端数：10	字节数：3200000	客户端：[23, 5, 14, 19, 11, 25, 62, 10, 27, 8]
客户端数：20	字节数：6400000	客户端：[23, 5, 14, 19, 11, 25, 62, 10, 27, 8, 40, 45, 49, 31, 36, 58, 9, 63, 55, 6]
客户端数：30	字节数：9600000	客户端：[23, 5, 14, 19, 11, 25, 62, 10, 27, 8, 40, 45, 49, 31, 36, 58, 9, 63, 55, 6, 59, 46, 53, 50, 64, 18, 1, 35, 4, 61]
客户端数：40	字节数：12800000	客户端：[23, 5, 14, 19, 11, 25, 62, 10, 27, 8, 40, 45, 49, 31, 36, 58, 9, 63, 55, 6, 59, 46, 53, 50, 64, 18, 1, 35, 4, 61, 30, 39, 28, 42, 22, 12, 44, 32, 56, 48]
客户端数：50	字节数：16000000	客户端：[23, 5, 14, 19, 11, 25, 62, 10, 27, 8, 40, 45, 49, 31, 36, 58, 9, 63, 55, 6, 59, 46, 53, 50, 64, 18, 1, 35, 4, 61, 30, 39, 28, 42, 22, 12, 44, 32, 56, 48, 41, 2, 51, 17, 21, 34, 52, 33, 3, 20]
客户端数：60	字节数：19200000	客户端：[23, 5, 14, 19, 11, 25, 62, 10, 27, 8, 40, 45, 49, 31, 36, 58, 9, 63, 55, 6, 59, 46, 53, 50, 64, 18, 1, 35, 4, 61, 30, 39, 28, 42, 22, 12, 44, 32, 56, 48, 41, 2, 51, 17, 21, 34, 52, 33, 3, 20, 43, 54, 7, 13, 15, 47, 24, 60, 29, 16]
客户端数：63	字节数：20160000	客户端：[23, 5, 14, 19, 11, 25, 62, 10, 27, 8, 40, 45, 49, 31, 36, 58, 9, 63, 55, 6, 59, 46, 53, 50, 64, 18, 1, 35, 4, 61, 30, 39, 28, 42, 22, 12, 44, 32, 56, 48, 41, 2, 51, 17, 21, 34, 52, 33, 3, 20, 43, 54, 7, 13, 15, 47, 24, 60, 29, 16, 57, 37, 26]
PRO_LEN：320000
score：0.5702857142857143
loss rate：0.4297142857142857
finished iteration：2023-01-01 00:00:20.035363

Number of rounds 2
T1
客户端数：10	时间：0.000997781753540039	客户端：[11, 14, 10, 15, 13, 45, 46, 12, 9, 4]
客户端数：20	时间：0.004987239837646484	客户端：[11, 14, 10, 15, 13, 45, 46, 12, 9, 4, 23, 3, 58, 25, 50, 30, 29, 51, 44, 33]
客户端数：30	时间：0.005984306335449219	客户端：[11, 14, 10, 15, 13, 45, 46, 12, 9, 4, 23, 3, 58, 25, 50, 30, 29, 51, 44, 33, 47, 7, 56, 17, 53, 57, 63, 6, 37, 26]
客户端数：40	时间：0.008976221084594727	客户端：[11, 14, 10, 15, 13, 45, 46, 12, 9, 4, 23, 3, 58, 25, 50, 30, 29, 51, 44, 33, 47, 7, 56, 17, 53, 57, 63, 6, 37, 26, 32, 55, 28, 52, 2, 31, 49, 8, 54, 48]
客户端数：50	时间：0.009973526000976562	客户端：[11, 14, 10, 15, 13, 45, 46, 12, 9, 4, 23, 3, 58, 25, 50, 30, 29, 51, 44, 33, 47, 7, 56, 17, 53, 57, 63, 6, 37, 26, 32, 55, 28, 52, 2, 31, 49, 8, 54, 48, 41, 35, 22, 24, 18, 43, 39, 64, 16, 62]
客户端数：60	时间：0.013962507247924805	客户端：[11, 14, 10, 15, 13, 45, 46, 12, 9, 4, 23, 3, 58, 25, 50, 30, 29, 51, 44, 33, 47, 7, 56, 17, 53, 57, 63, 6, 37, 26, 32, 55, 28, 52, 2, 31, 49, 8, 54, 48, 41, 35, 22, 24, 18, 43, 39, 64, 16, 62, 27, 59, 5, 20, 36, 21, 40, 1, 42, 61]
客户端数：62	时间：0.013962507247924805	客户端：[11, 14, 10, 15, 13, 45, 46, 12, 9, 4, 23, 3, 58, 25, 50, 30, 29, 51, 44, 33, 47, 7, 56, 17, 53, 57, 63, 6, 37, 26, 32, 55, 28, 52, 2, 31, 49, 8, 54, 48, 41, 35, 22, 24, 18, 43, 39, 64, 16, 62, 27, 59, 5, 20, 36, 21, 40, 1, 42, 61, 60, 19]
T2
客户端数：10	时间：0.003004312515258789	客户端：[11, 56, 64, 10, 7, 4, 13, 3, 16, 2]
客户端数：20	时间：0.0059964656829833984	客户端：[11, 56, 64, 10, 7, 4, 13, 3, 16, 2, 44, 29, 14, 48, 22, 5, 27, 41, 17, 51]
客户端数：30	时间：0.009976387023925781	客户端：[11, 56, 64, 10, 7, 4, 13, 3, 16, 2, 44, 29, 14, 48, 22, 5, 27, 41, 17, 51, 46, 19, 39, 43, 33, 55, 25, 15, 45, 63]
客户端数：40	时间：0.012969732284545898	客户端：[11, 56, 64, 10, 7, 4, 13, 3, 16, 2, 44, 29, 14, 48, 22, 5, 27, 41, 17, 51, 46, 19, 39, 43, 33, 55, 25, 15, 45, 63, 60, 20, 42, 24, 1, 23, 32, 18, 6, 53]
客户端数：50	时间：0.016960620880126953	客户端：[11, 56, 64, 10, 7, 4, 13, 3, 16, 2, 44, 29, 14, 48, 22, 5, 27, 41, 17, 51, 46, 19, 39, 43, 33, 55, 25, 15, 45, 63, 60, 20, 42, 24, 1, 23, 32, 18, 6, 53, 9, 50, 49, 36, 30, 62, 57, 12, 54, 40]
客户端数：60	时间：0.020951509475708008	客户端：[11, 56, 64, 10, 7, 4, 13, 3, 16, 2, 44, 29, 14, 48, 22, 5, 27, 41, 17, 51, 46, 19, 39, 43, 33, 55, 25, 15, 45, 63, 60, 20, 42, 24, 1, 23, 32, 18, 6, 53, 9, 50, 49, 36, 30, 62, 57, 12, 54, 40, 37, 61, 8, 35, 21, 28, 58, 31, 59, 47]
T3
客户端数：10	时间：13.239294052124023	客户端：[11, 56, 64, 10, 7, 4, 13, 3, 16, 2]
客户端数：20	时间：52.9527645111084	客户端：[11, 56, 64, 10, 7, 4, 13, 3, 16, 2, 44, 29, 14, 48, 22, 5, 27, 41, 17, 51]
客户端数：30	时间：120.17727756500244	客户端：[11, 56, 64, 10, 7, 4, 13, 3, 16, 2, 44, 29, 14, 48, 22, 5, 27, 41, 17, 51, 46, 19, 39, 43, 33, 55, 25, 15, 45, 63]
客户端数：40	时间：213.4723846912384	客户端：[11, 56, 64, 10, 7, 4, 13, 3, 16, 2, 44, 29, 14, 48, 22, 5, 27, 41, 17, 51, 46, 19, 39, 43, 33, 55, 25, 15, 45, 63, 60, 20, 42, 24, 1, 23, 32, 18, 6, 53]
客户端数：50	时间：332.7440412044525	客户端：[11, 56, 64, 10, 7, 4, 13, 3, 16, 2, 44, 29, 14, 48, 22, 5, 27, 41, 17, 51, 46, 19, 39, 43, 33, 55, 25, 15, 45, 63, 60, 20, 42, 24, 1, 23, 32, 18, 6, 53, 9, 50, 49, 36, 30, 62, 57, 12, 54, 40]
客户端数：60	时间：478.0575866699219	客户端：[11, 56, 64, 10, 7, 4, 13, 3, 16, 2, 44, 29, 14, 48, 22, 5, 27, 41, 17, 51, 46, 19, 39, 43, 33, 55, 25, 15, 45, 63, 60, 20, 42, 24, 1, 23, 32, 18, 6, 53, 9, 50, 49, 36, 30, 62, 57, 12, 54, 40, 37, 61, 8, 35, 21, 28, 58, 31, 59, 47]
BYTE
客户端数：10	字节数：3200000	客户端：[11, 14, 10, 15, 13, 45, 46, 12, 9, 4]
客户端数：20	字节数：6400000	客户端：[11, 14, 10, 15, 13, 45, 46, 12, 9, 4, 23, 3, 58, 25, 50, 30, 29, 51, 44, 33]
客户端数：30	字节数：9600000	客户端：[11, 14, 10, 15, 13, 45, 46, 12, 9, 4, 23, 3, 58, 25, 50, 30, 29, 51, 44, 33, 47, 7, 56, 17, 53, 57, 63, 6, 37, 26]
客户端数：40	字节数：12800000	客户端：[11, 14, 10, 15, 13, 45, 46, 12, 9, 4, 23, 3, 58, 25, 50, 30, 29, 51, 44, 33, 47, 7, 56, 17, 53, 57, 63, 6, 37, 26, 32, 55, 28, 52, 2, 31, 49, 8, 54, 48]
客户端数：50	字节数：16000000	客户端：[11, 14, 10, 15, 13, 45, 46, 12, 9, 4, 23, 3, 58, 25, 50, 30, 29, 51, 44, 33, 47, 7, 56, 17, 53, 57, 63, 6, 37, 26, 32, 55, 28, 52, 2, 31, 49, 8, 54, 48, 41, 35, 22, 24, 18, 43, 39, 64, 16, 62]
客户端数：60	字节数：19200000	客户端：[11, 14, 10, 15, 13, 45, 46, 12, 9, 4, 23, 3, 58, 25, 50, 30, 29, 51, 44, 33, 47, 7, 56, 17, 53, 57, 63, 6, 37, 26, 32, 55, 28, 52, 2, 31, 49, 8, 54, 48, 41, 35, 22, 24, 18, 43, 39, 64, 16, 62, 27, 59, 5, 20, 36, 21, 40, 1, 42, 61]
客户端数：62	字节数：19840000	客户端：[11, 14, 10, 15, 13, 45, 46, 12, 9, 4, 23, 3, 58, 25, 50, 30, 29, 51, 44, 33, 47, 7, 56, 17, 53, 57, 63, 6, 37, 26, 32, 55, 28, 52, 2, 31, 49, 8, 54, 48, 41, 35, 22, 24, 18, 43, 39, 64, 16, 62, 27, 59, 5, 20, 36, 21, 40, 1, 42, 61, 60, 19]
PRO_LEN：320000
score：0.9561269841269842
loss rate：0.04387301587301584
finished iteration：2023-01-01 00:00:42.273701

Number of rounds 3
T1
客户端数：10	时间：0.002991914749145508	客户端：[11, 48, 27, 13, 14, 5, 25, 45, 23, 56]
客户端数：20	时间：0.003989458084106445	客户端：[11, 48, 27, 13, 14, 5, 25, 45, 23, 56, 4, 63, 64, 15, 46, 1, 41, 24, 16, 7]
客户端数：30	时间：0.00698089599609375	客户端：[11, 48, 27, 13, 14, 5, 25, 45, 23, 56, 4, 63, 64, 15, 46, 1, 41, 24, 16, 7, 22, 18, 29, 17, 43, 44, 60, 2, 42, 20]
客户端数：40	时间：0.00897526741027832	客户端：[11, 48, 27, 13, 14, 5, 25, 45, 23, 56, 4, 63, 64, 15, 46, 1, 41, 24, 16, 7, 22, 18, 29, 17, 43, 44, 60, 2, 42, 20, 32, 53, 33, 49, 10, 50, 30, 62, 36, 6]
客户端数：50	时间：0.011967897415161133	客户端：[11, 48, 27, 13, 14, 5, 25, 45, 23, 56, 4, 63, 64, 15, 46, 1, 41, 24, 16, 7, 22, 18, 29, 17, 43, 44, 60, 2, 42, 20, 32, 53, 33, 49, 10, 50, 30, 62, 36, 6, 57, 9, 51, 40, 54, 19, 39, 37, 12, 3]
客户端数：60	时间：0.013962507247924805	客户端：[11, 48, 27, 13, 14, 5, 25, 45, 23, 56, 4, 63, 64, 15, 46, 1, 41, 24, 16, 7, 22, 18, 29, 17, 43, 44, 60, 2, 42, 20, 32, 53, 33, 49, 10, 50, 30, 62, 36, 6, 57, 9, 51, 40, 54, 19, 39, 37, 12, 3, 61, 8, 35, 21, 55, 28, 58, 31, 59, 47]
T2
客户端数：10	时间：0.005946159362792969	客户端：[26, 52, 64, 10, 56, 11, 12, 7, 4, 3]
客户端数：20	时间：0.007941007614135742	客户端：[26, 52, 64, 10, 56, 11, 12, 7, 4, 3, 13, 46, 44, 5, 17, 48, 22, 28, 29, 60]
客户端数：30	时间：0.010933637619018555	客户端：[26, 52, 64, 10, 56, 11, 12, 7, 4, 3, 13, 46, 44, 5, 17, 48, 22, 28, 29, 60, 9, 19, 27, 23, 59, 39, 21, 45, 25, 32]
客户端数：40	时间：0.01394033432006836	客户端：[26, 52, 64, 10, 56, 11, 12, 7, 4, 3, 13, 46, 44, 5, 17, 48, 22, 28, 29, 60, 9, 19, 27, 23, 59, 39, 21, 45, 25, 32, 58, 50, 42, 57, 6, 33, 37, 54, 47, 8]
客户端数：50	时间：0.015935420989990234	客户端：[26, 52, 64, 10, 56, 11, 12, 7, 4, 3, 13, 46, 44, 5, 17, 48, 22, 28, 29, 60, 9, 19, 27, 23, 59, 39, 21, 45, 25, 32, 58, 50, 42, 57, 6, 33, 37, 54, 47, 8, 62, 53, 31, 35, 30, 40, 18, 36, 16, 51]
客户端数：60	时间：0.019992351531982422	客户端：[26, 52, 64, 10, 56, 11, 12, 7, 4, 3, 13, 46, 44, 5, 17, 48, 22, 28, 29, 60, 9, 19, 27, 23, 59, 39, 21, 45, 25, 32, 58, 50, 42, 57, 6, 33, 37, 54, 47, 8, 62, 53, 31, 35, 30, 40, 18, 36, 16, 51, 2, 15, 63, 24, 41, 20, 1, 55, 43, 49]
客户端数：62	时间：0.020989656448364258	客户端：[26, 52, 64, 10, 56, 11, 12, 7, 4, 3, 13, 46, 44, 5, 17, 48, 22, 28, 29, 60, 9, 19, 27, 23, 59, 39, 21, 45, 25, 32, 58, 50, 42, 57, 6, 33, 37, 54, 47, 8, 62, 53, 31, 35, 30, 40, 18, 36, 16, 51, 2, 15, 63, 24, 41, 20, 1, 55, 43, 49, 14, 61]
T3
客户端数：10	时间：44.741223096847534	客户端：[26, 52, 64, 10, 56, 11, 12, 7, 4, 3]
客户端数：20	时间：79.11797142028809	客户端：[26, 52, 64, 10, 56, 11, 12, 7, 4, 3, 13, 46, 44, 5, 17, 48, 22, 28, 29, 60]
客户端数：30	时间：139.34271359443665	客户端：[26, 52, 64, 10, 56, 11, 12, 7, 4, 3, 13, 46, 44, 5, 17, 48, 22, 28, 29, 60, 9, 19, 27, 23, 59, 39, 21, 45, 25, 32]
客户端数：40	时间：226.06213188171387	客户端：[26, 52, 64, 10, 56, 11, 12, 7, 4, 3, 13, 46, 44, 5, 17, 48, 22, 28, 29, 60, 9, 19, 27, 23, 59, 39, 21, 45, 25, 32, 58, 50, 42, 57, 6, 33, 37, 54, 47, 8]
客户端数：50	时间：338.94346046447754	客户端：[26, 52, 64, 10, 56, 11, 12, 7, 4, 3, 13, 46, 44, 5, 17, 48, 22, 28, 29, 60, 9, 19, 27, 23, 59, 39, 21, 45, 25, 32, 58, 50, 42, 57, 6, 33, 37, 54, 47, 8, 62, 53, 31, 35, 30, 40, 18, 36, 16, 51]
客户端数：60	时间：478.2847845554352	客户端：[26, 52, 64, 10, 56, 11, 12, 7, 4, 3, 13, 46, 44, 5, 17, 48, 22, 28, 29, 60, 9, 19, 27, 23, 59, 39, 21, 45, 25, 32, 58, 50, 42, 57, 6, 33, 37, 54, 47, 8, 62, 53, 31, 35, 30, 40, 18, 36, 16, 51, 2, 15, 63, 24, 41, 20, 1, 55, 43, 49]
客户端数：62	时间：509.31149220466614	客户端：[26, 52, 64, 10, 56, 11, 12, 7, 4, 3, 13, 46, 44, 5, 17, 48, 22, 28, 29, 60, 9, 19, 27, 23, 59, 39, 21, 45, 25, 32, 58, 50, 42, 57, 6, 33, 37, 54, 47, 8, 62, 53, 31, 35, 30, 40, 18, 36, 16, 51, 2, 15, 63, 24, 41, 20, 1, 55, 43, 49, 14, 61]
BYTE
客户端数：10	字节数：3200000	客户端：[11, 48, 27, 13, 14, 5, 25, 45, 23, 56]
客户端数：20	字节数：6400000	客户端：[11, 48, 27, 13, 14, 5, 25, 45, 23, 56, 4, 63, 64, 15, 46, 1, 41, 24, 16, 7]
客户端数：30	字节数：9600000	客户端：[11, 48, 27, 13, 14, 5, 25, 45, 23, 56, 4, 63, 64, 15, 46, 1, 41, 24, 16, 7, 22, 18, 29, 17, 43, 44, 60, 2, 42, 20]
客户端数：40	字节数：12800000	客户端：[11, 48, 27, 13, 14, 5, 25, 45, 23, 56, 4, 63, 64, 15, 46, 1, 41, 24, 16, 7, 22, 18, 29, 17, 43, 44, 60, 2, 42, 20, 32, 53, 33, 49, 10, 50, 30, 62, 36, 6]
客户端数：50	字节数：16000000	客户端：[11, 48, 27, 13, 14, 5, 25, 45, 23, 56, 4, 63, 64, 15, 46, 1, 41, 24, 16, 7, 22, 18, 29, 17, 43, 44, 60, 2, 42, 20, 32, 53, 33, 49, 10, 50, 30, 62, 36, 6, 57, 9, 51, 40, 54, 19, 39, 37, 12, 3]
客户端数：60	字节数：19200000	客户端：[11, 48, 27, 13, 14, 5, 25, 45, 23, 56, 4, 63, 64, 15, 46, 1, 41, 24, 16, 7, 22, 18, 29, 17, 43, 44, 60, 2, 42, 20, 32, 53, 33, 49, 10, 50, 30, 62, 36, 6, 57, 9, 51, 40, 54, 19, 39, 37, 12, 3, 61, 8, 35, 21, 55, 28, 58, 31, 59, 47]
PRO_LEN：320000
score：0.9643174603174604
loss rate：0.03568253968253965
finished iteration：2023-01-01 00:01:01.206361

Number of rounds 4
T1
客户端数：10	时间：0.0030052661895751953	客户端：[11, 64, 5, 48, 27, 19, 25, 45, 4, 56]
客户端数：20	时间：0.0050013065338134766	客户端：[11, 64, 5, 48, 27, 19, 25, 45, 4, 56, 62, 28, 59, 58, 60, 17, 53, 13, 22, 50]
客户端数：30	时间：0.006011009216308594	客户端：[11, 64, 5, 48, 27, 19, 25, 45, 4, 56, 62, 28, 59, 58, 60, 17, 53, 13, 22, 50, 12, 40, 23, 8, 57, 31, 37, 18, 35, 21]
客户端数：40	时间：0.009027242660522461	客户端：[11, 64, 5, 48, 27, 19, 25, 45, 4, 56, 62, 28, 59, 58, 60, 17, 53, 13, 22, 50, 12, 40, 23, 8, 57, 31, 37, 18, 35, 21, 36, 30, 3, 33, 16, 10, 2, 39, 15, 6]
客户端数：50	时间：0.010984182357788086	客户端：[11, 64, 5, 48, 27, 19, 25, 45, 4, 56, 62, 28, 59, 58, 60, 17, 53, 13, 22, 50, 12, 40, 23, 8, 57, 31, 37, 18, 35, 21, 36, 30, 3, 33, 16, 10, 2, 39, 15, 6, 51, 29, 24, 44, 42, 32, 41, 46, 1, 47]
客户端数：59	时间：0.012953042984008789	客户端：[11, 64, 5, 48, 27, 19, 25, 45, 4, 56, 62, 28, 59, 58, 60, 17, 53, 13, 22, 50, 12, 40, 23, 8, 57, 31, 37, 18, 35, 21, 36, 30, 3, 33, 16, 10, 2, 39, 15, 6, 51, 29, 24, 44, 42, 32, 41, 46, 1, 47, 9, 55, 20, 43, 49, 14, 61, 63, 54]
T2
客户端数：10	时间：0.0011572837829589844	客户端：[10, 64, 11, 56, 12, 5, 46, 44, 51, 17]
客户端数：20	时间：0.0051462650299072266	客户端：[10, 64, 11, 56, 12, 5, 46, 44, 51, 17, 13, 60, 23, 29, 61, 3, 48, 9, 41, 2]
客户端数：30	时间：0.007151603698730469	客户端：[10, 64, 11, 56, 12, 5, 46, 44, 51, 17, 13, 60, 23, 29, 61, 3, 48, 9, 41, 2, 27, 19, 39, 43, 15, 20, 4, 24, 55, 35]
客户端数：40	时间：0.011141538619995117	客户端：[10, 64, 11, 56, 12, 5, 46, 44, 51, 17, 13, 60, 23, 29, 61, 3, 48, 9, 41, 2, 27, 19, 39, 43, 15, 20, 4, 24, 55, 35, 58, 1, 42, 49, 37, 8, 50, 18, 21, 30]
客户端数：50	时间：0.011141538619995117	客户端：[10, 64, 11, 56, 12, 5, 46, 44, 51, 17, 13, 60, 23, 29, 61, 3, 48, 9, 41, 2, 27, 19, 39, 43, 15, 20, 4, 24, 55, 35, 58, 1, 42, 49, 37, 8, 50, 18, 21, 30, 14, 63, 25, 47, 28, 59, 31, 16, 45, 62]
客户端数：59	时间：0.014657974243164062	客户端：[10, 64, 11, 56, 12, 5, 46, 44, 51, 17, 13, 60, 23, 29, 61, 3, 48, 9, 41, 2, 27, 19, 39, 43, 15, 20, 4, 24, 55, 35, 58, 1, 42, 49, 37, 8, 50, 18, 21, 30, 14, 63, 25, 47, 28, 59, 31, 16, 45, 62, 6, 32, 57, 33, 53, 54, 40, 36, 22]
T3
客户端数：10	时间：13.457619190216064	客户端：[10, 64, 11, 56, 12, 5, 46, 44, 51, 17]
客户端数：20	时间：53.62660098075867	客户端：[10, 64, 11, 56, 12, 5, 46, 44, 51, 17, 13, 60, 23, 29, 61, 3, 48, 9, 41, 2]
客户端数：30	时间：120.13005781173706	客户端：[10, 64, 11, 56, 12, 5, 46, 44, 51, 17, 13, 60, 23, 29, 61, 3, 48, 9, 41, 2, 27, 19, 39, 43, 15, 20, 4, 24, 55, 35]
客户端数：40	时间：212.2485373020172	客户端：[10, 64, 11, 56, 12, 5, 46, 44, 51, 17, 13, 60, 23, 29, 61, 3, 48, 9, 41, 2, 27, 19, 39, 43, 15, 20, 4, 24, 55, 35, 58, 1, 42, 49, 37, 8, 50, 18, 21, 30]
客户端数：50	时间：329.5875744819641	客户端：[10, 64, 11, 56, 12, 5, 46, 44, 51, 17, 13, 60, 23, 29, 61, 3, 48, 9, 41, 2, 27, 19, 39, 43, 15, 20, 4, 24, 55, 35, 58, 1, 42, 49, 37, 8, 50, 18, 21, 30, 14, 63, 25, 47, 28, 59, 31, 16, 45, 62]
客户端数：59	时间：457.4273593425751	客户端：[10, 64, 11, 56, 12, 5, 46, 44, 51, 17, 13, 60, 23, 29, 61, 3, 48, 9, 41, 2, 27, 19, 39, 43, 15, 20, 4, 24, 55, 35, 58, 1, 42, 49, 37, 8, 50, 18, 21, 30, 14, 63, 25, 47, 28, 59, 31, 16, 45, 62, 6, 32, 57, 33, 53, 54, 40, 36, 22]
BYTE
客户端数：10	字节数：3200000	客户端：[11, 64, 5, 48, 27, 19, 25, 45, 4, 56]
客户端数：20	字节数：6400000	客户端：[11, 64, 5, 48, 27, 19, 25, 45, 4, 56, 62, 28, 59, 58, 60, 17, 53, 13, 22, 50]
客户端数：30	字节数：9600000	客户端：[11, 64, 5, 48, 27, 19, 25, 45, 4, 56, 62, 28, 59, 58, 60, 17, 53, 13, 22, 50, 12, 40, 23, 8, 57, 31, 37, 18, 35, 21]
客户端数：40	字节数：12800000	客户端：[11, 64, 5, 48, 27, 19, 25, 45, 4, 56, 62, 28, 59, 58, 60, 17, 53, 13, 22, 50, 12, 40, 23, 8, 57, 31, 37, 18, 35, 21, 36, 30, 3, 33, 16, 10, 2, 39, 15, 6]
客户端数：50	字节数：16000000	客户端：[11, 64, 5, 48, 27, 19, 25, 45, 4, 56, 62, 28, 59, 58, 60, 17, 53, 13, 22, 50, 12, 40, 23, 8, 57, 31, 37, 18, 35, 21, 36, 30, 3, 33, 16, 10, 2, 39, 15, 6, 51, 29, 24, 44, 42, 32, 41, 46, 1, 47]
客户端数：59	字节数：18880000	客户端：[11, 64, 5, 48, 27, 19, 25, 45, 4, 56, 62, 28, 59, 58, 60, 17, 53, 13, 22, 50, 12, 40, 23, 8, 57, 31, 37, 18, 35, 21, 36, 30, 3, 33, 16, 10, 2, 39, 15, 6, 51, 29, 24, 44, 42, 32, 41, 46, 1, 47, 9, 55, 20, 43, 49, 14, 61, 63, 54]
PRO_LEN：320000
score：0.9665396825396826
loss rate：0.03346031746031741
finished iteration：2023-01-01 00:01:20.250994

Number of rounds 5
T1
客户端数：10	时间：0.001994609832763672	客户端：[5, 23, 10, 64, 48, 19, 46, 27, 56, 12]
客户端数：20	时间：0.003988981246948242	客户端：[5, 23, 10, 64, 48, 19, 46, 27, 56, 12, 9, 15, 24, 60, 1, 49, 55, 58, 8, 41]
客户端数：30	时间：0.005983829498291016	客户端：[5, 23, 10, 64, 48, 19, 46, 27, 56, 12, 9, 15, 24, 60, 1, 49, 55, 58, 8, 41, 39, 43, 44, 17, 25, 14, 20, 42, 37, 30]
客户端数：40	时间：0.007978200912475586	客户端：[5, 23, 10, 64, 48, 19, 46, 27, 56, 12, 9, 15, 24, 60, 1, 49, 55, 58, 8, 41, 39, 43, 44, 17, 25, 14, 20, 42, 37, 30, 21, 35, 47, 31, 63, 45, 59, 62, 6, 61]
客户端数：50	时间：0.010970354080200195	客户端：[5, 23, 10, 64, 48, 19, 46, 27, 56, 12, 9, 15, 24, 60, 1, 49, 55, 58, 8, 41, 39, 43, 44, 17, 25, 14, 20, 42, 37, 30, 21, 35, 47, 31, 63, 45, 59, 62, 6, 61, 13, 32, 28, 3, 33, 2, 57, 29, 53, 50]
客户端数：58	时间：0.013962030410766602	客户端：[5, 23, 10, 64, 48, 19, 46, 27, 56, 12, 9, 15, 24, 60, 1, 49, 55, 58, 8, 41, 39, 43, 44, 17, 25, 14, 20, 42, 37, 30, 21, 35, 47, 31, 63, 45, 59, 62, 6, 61, 13, 32, 28, 3, 33, 2, 57, 29, 53, 50, 11, 4, 16, 51, 54, 40, 36, 22]
T2
客户端数：10	时间：0.0019953250885009766	客户端：[10, 12, 4, 14, 3, 13, 16, 5, 61, 64]
客户端数：20	时间：0.003989458084106445	客户端：[10, 12, 4, 14, 3, 13, 16, 5, 61, 64, 9, 17, 2, 60, 59, 41, 19, 47, 48, 39]
客户端数：30	时间：0.006982088088989258	客户端：[10, 12, 4, 14, 3, 13, 16, 5, 61, 64, 9, 17, 2, 60, 59, 41, 19, 47, 48, 39, 56, 21, 33, 43, 45, 63, 11, 24, 42, 15]
客户端数：40	时间：0.00897669792175293	客户端：[10, 12, 4, 14, 3, 13, 16, 5, 61, 64, 9, 17, 2, 60, 59, 41, 19, 47, 48, 39, 56, 21, 33, 43, 45, 63, 11, 24, 42, 15, 35, 6, 58, 1, 32, 23, 55, 57, 20, 62]
客户端数：50	时间：0.010971307754516602	客户端：[10, 12, 4, 14, 3, 13, 16, 5, 61, 64, 9, 17, 2, 60, 59, 41, 19, 47, 48, 39, 56, 21, 33, 43, 45, 63, 11, 24, 42, 15, 35, 6, 58, 1, 32, 23, 55, 57, 20, 62, 50, 29, 37, 28, 8, 27, 44, 46, 25, 40]
客户端数：58	时间：0.011970281600952148	客户端：[10, 12, 4, 14, 3, 13, 16, 5, 61, 64, 9, 17, 2, 60, 59, 41, 19, 47, 48, 39, 56, 21, 33, 43, 45, 63, 11, 24, 42, 15, 35, 6, 58, 1, 32, 23, 55, 57, 20, 62, 50, 29, 37, 28, 8, 27, 44, 46, 25, 40, 30, 22, 51, 31, 53, 36, 49, 54]
T3
客户端数：10	时间：1.1845502853393555	客户端：[10, 12, 4, 14, 3, 13, 16, 5, 61, 64]
客户端数：20	时间：2.388564109802246	客户端：[10, 12, 4, 14, 3, 13, 16, 5, 61, 64, 9, 17, 2, 60, 59, 41, 19, 47, 48, 39]
客户端数：30	时间：3.6130435466766357	客户端：[10, 12, 4, 14, 3, 13, 16, 5, 61, 64, 9, 17, 2, 60, 59, 41, 19, 47, 48, 39, 56, 21, 33, 43, 45, 63, 11, 24, 42, 15]
客户端数：40	时间：4.8584184646606445	客户端：[10, 12, 4, 14, 3, 13, 16, 5, 61, 64, 9, 17, 2, 60, 59, 41, 19, 47, 48, 39, 56, 21, 33, 43, 45, 63, 11, 24, 42, 15, 35, 6, 58, 1, 32, 23, 55, 57, 20, 62]
客户端数：50	时间：6.125744819641113	客户端：[10, 12, 4, 14, 3, 13, 16, 5, 61, 64, 9, 17, 2, 60, 59, 41, 19, 47, 48, 39, 56, 21, 33, 43, 45, 63, 11, 24, 42, 15, 35, 6, 58, 1, 32, 23, 55, 57, 20, 62, 50, 29, 37, 28, 8, 27, 44, 46, 25, 40]
客户端数：58	时间：7.159360885620117	客户端：[10, 12, 4, 14, 3, 13, 16, 5, 61, 64, 9, 17, 2, 60, 59, 41, 19, 47, 48, 39, 56, 21, 33, 43, 45, 63, 11, 24, 42, 15, 35, 6, 58, 1, 32, 23, 55, 57, 20, 62, 50, 29, 37, 28, 8, 27, 44, 46, 25, 40, 30, 22, 51, 31, 53, 36, 49, 54]
BYTE
客户端数：10	字节数：3200000	客户端：[5, 23, 10, 64, 48, 19, 46, 27, 56, 12]
客户端数：20	字节数：6400000	客户端：[5, 23, 10, 64, 48, 19, 46, 27, 56, 12, 9, 15, 24, 60, 1, 49, 55, 58, 8, 41]
客户端数：30	字节数：9600000	客户端：[5, 23, 10, 64, 48, 19, 46, 27, 56, 12, 9, 15, 24, 60, 1, 49, 55, 58, 8, 41, 39, 43, 44, 17, 25, 14, 20, 42, 37, 30]
客户端数：40	字节数：12800000	客户端：[5, 23, 10, 64, 48, 19, 46, 27, 56, 12, 9, 15, 24, 60, 1, 49, 55, 58, 8, 41, 39, 43, 44, 17, 25, 14, 20, 42, 37, 30, 21, 35, 47, 31, 63, 45, 59, 62, 6, 61]
客户端数：50	字节数：16000000	客户端：[5, 23, 10, 64, 48, 19, 46, 27, 56, 12, 9, 15, 24, 60, 1, 49, 55, 58, 8, 41, 39, 43, 44, 17, 25, 14, 20, 42, 37, 30, 21, 35, 47, 31, 63, 45, 59, 62, 6, 61, 13, 32, 28, 3, 33, 2, 57, 29, 53, 50]
客户端数：58	字节数：18560000	客户端：[5, 23, 10, 64, 48, 19, 46, 27, 56, 12, 9, 15, 24, 60, 1, 49, 55, 58, 8, 41, 39, 43, 44, 17, 25, 14, 20, 42, 37, 30, 21, 35, 47, 31, 63, 45, 59, 62, 6, 61, 13, 32, 28, 3, 33, 2, 57, 29, 53, 50, 11, 4, 16, 51, 54, 40, 36, 22]
PRO_LEN：320000
score：0.9666031746031746
loss rate：0.033396825396825425
finished iteration：2023-01-01 00:01:39.469696

