Number of rounds 1
T1
客户端数：10	时间：0.055144309997558594	客户端：[53, 57, 61, 47, 32, 24, 59, 18, 50, 64]
客户端数：20	时间：0.058135986328125	客户端：[53, 57, 61, 47, 32, 24, 59, 18, 50, 64, 30, 1, 2, 55, 20, 22, 34, 42, 48, 63]
客户端数：30	时间：0.06212663650512695	客户端：[53, 57, 61, 47, 32, 24, 59, 18, 50, 64, 30, 1, 2, 55, 20, 22, 34, 42, 48, 63, 44, 9, 26, 33, 14, 29, 5, 40, 39, 36]
客户端数：40	时间：0.06612992286682129	客户端：[53, 57, 61, 47, 32, 24, 59, 18, 50, 64, 30, 1, 2, 55, 20, 22, 34, 42, 48, 63, 44, 9, 26, 33, 14, 29, 5, 40, 39, 36, 3, 41, 31, 58, 10, 16, 46, 19, 27, 12]
客户端数：50	时间：0.06912446022033691	客户端：[53, 57, 61, 47, 32, 24, 59, 18, 50, 64, 30, 1, 2, 55, 20, 22, 34, 42, 48, 63, 44, 9, 26, 33, 14, 29, 5, 40, 39, 36, 3, 41, 31, 58, 10, 16, 46, 19, 27, 12, 54, 21, 4, 15, 51, 17, 62, 49, 11, 28]
客户端数：60	时间：0.07111907005310059	客户端：[53, 57, 61, 47, 32, 24, 59, 18, 50, 64, 30, 1, 2, 55, 20, 22, 34, 42, 48, 63, 44, 9, 26, 33, 14, 29, 5, 40, 39, 36, 3, 41, 31, 58, 10, 16, 46, 19, 27, 12, 54, 21, 4, 15, 51, 17, 62, 49, 11, 28, 35, 7, 43, 45, 25, 37, 13, 60, 38, 56]
T2
客户端数：10	时间：0.0029947757720947266	客户端：[36, 53, 56, 51, 34, 12, 50, 26, 35, 57]
客户端数：20	时间：0.005986928939819336	客户端：[36, 53, 56, 51, 34, 12, 50, 26, 35, 57, 29, 31, 13, 32, 15, 28, 55, 3, 25, 46]
客户端数：30	时间：0.009978294372558594	客户端：[36, 53, 56, 51, 34, 12, 50, 26, 35, 57, 29, 31, 13, 32, 15, 28, 55, 3, 25, 46, 41, 30, 39, 2, 4, 21, 27, 20, 43, 63]
客户端数：40	时间：0.014946460723876953	客户端：[36, 53, 56, 51, 34, 12, 50, 26, 35, 57, 29, 31, 13, 32, 15, 28, 55, 3, 25, 46, 41, 30, 39, 2, 4, 21, 27, 20, 43, 63, 58, 7, 16, 40, 62, 47, 17, 37, 11, 38]
客户端数：50	时间：0.01893925666809082	客户端：[36, 53, 56, 51, 34, 12, 50, 26, 35, 57, 29, 31, 13, 32, 15, 28, 55, 3, 25, 46, 41, 30, 39, 2, 4, 21, 27, 20, 43, 63, 58, 7, 16, 40, 62, 47, 17, 37, 11, 38, 64, 44, 59, 5, 9, 49, 24, 19, 22, 60]
客户端数：59	时间：0.01893925666809082	客户端：[36, 53, 56, 51, 34, 12, 50, 26, 35, 57, 29, 31, 13, 32, 15, 28, 55, 3, 25, 46, 41, 30, 39, 2, 4, 21, 27, 20, 43, 63, 58, 7, 16, 40, 62, 47, 17, 37, 11, 38, 64, 44, 59, 5, 9, 49, 24, 19, 22, 60, 54, 45, 14, 18, 10, 42, 33, 61, 48]
T3
客户端数：10	时间：16.768847942352295	客户端：[36, 53, 56, 51, 34, 12, 50, 26, 35, 57]
客户端数：20	时间：60.45239496231079	客户端：[36, 53, 56, 51, 34, 12, 50, 26, 35, 57, 29, 31, 13, 32, 15, 28, 55, 3, 25, 46]
客户端数：30	时间：132.9499831199646	客户端：[36, 53, 56, 51, 34, 12, 50, 26, 35, 57, 29, 31, 13, 32, 15, 28, 55, 3, 25, 46, 41, 30, 39, 2, 4, 21, 27, 20, 43, 63]
客户端数：40	时间：234.17716336250305	客户端：[36, 53, 56, 51, 34, 12, 50, 26, 35, 57, 29, 31, 13, 32, 15, 28, 55, 3, 25, 46, 41, 30, 39, 2, 4, 21, 27, 20, 43, 63, 58, 7, 16, 40, 62, 47, 17, 37, 11, 38]
客户端数：50	时间：361.72953605651855	客户端：[36, 53, 56, 51, 34, 12, 50, 26, 35, 57, 29, 31, 13, 32, 15, 28, 55, 3, 25, 46, 41, 30, 39, 2, 4, 21, 27, 20, 43, 63, 58, 7, 16, 40, 62, 47, 17, 37, 11, 38, 64, 44, 59, 5, 9, 49, 24, 19, 22, 60]
客户端数：59	时间：498.76217770576477	客户端：[36, 53, 56, 51, 34, 12, 50, 26, 35, 57, 29, 31, 13, 32, 15, 28, 55, 3, 25, 46, 41, 30, 39, 2, 4, 21, 27, 20, 43, 63, 58, 7, 16, 40, 62, 47, 17, 37, 11, 38, 64, 44, 59, 5, 9, 49, 24, 19, 22, 60, 54, 45, 14, 18, 10, 42, 33, 61, 48]
BYTE
客户端数：10	字节数：3200000	客户端：[53, 57, 61, 47, 32, 24, 59, 18, 50, 64]
客户端数：20	字节数：6400000	客户端：[53, 57, 61, 47, 32, 24, 59, 18, 50, 64, 30, 1, 2, 55, 20, 22, 34, 42, 48, 63]
客户端数：30	字节数：9600000	客户端：[53, 57, 61, 47, 32, 24, 59, 18, 50, 64, 30, 1, 2, 55, 20, 22, 34, 42, 48, 63, 44, 9, 26, 33, 14, 29, 5, 40, 39, 36]
客户端数：40	字节数：12800000	客户端：[53, 57, 61, 47, 32, 24, 59, 18, 50, 64, 30, 1, 2, 55, 20, 22, 34, 42, 48, 63, 44, 9, 26, 33, 14, 29, 5, 40, 39, 36, 3, 41, 31, 58, 10, 16, 46, 19, 27, 12]
客户端数：50	字节数：16000000	客户端：[53, 57, 61, 47, 32, 24, 59, 18, 50, 64, 30, 1, 2, 55, 20, 22, 34, 42, 48, 63, 44, 9, 26, 33, 14, 29, 5, 40, 39, 36, 3, 41, 31, 58, 10, 16, 46, 19, 27, 12, 54, 21, 4, 15, 51, 17, 62, 49, 11, 28]
客户端数：60	字节数：19200000	客户端：[53, 57, 61, 47, 32, 24, 59, 18, 50, 64, 30, 1, 2, 55, 20, 22, 34, 42, 48, 63, 44, 9, 26, 33, 14, 29, 5, 40, 39, 36, 3, 41, 31, 58, 10, 16, 46, 19, 27, 12, 54, 21, 4, 15, 51, 17, 62, 49, 11, 28, 35, 7, 43, 45, 25, 37, 13, 60, 38, 56]
PRO_LEN：320000
score：0.5085714285714286
loss rate：0.49142857142857144
finished iteration：2023-01-01 00:00:26.120873

Number of rounds 2
T1
客户端数：10	时间：0.0029916763305664062	客户端：[53, 57, 50, 35, 26, 2, 7, 58, 31, 36]
客户端数：20	时间：0.004986763000488281	客户端：[53, 57, 50, 35, 26, 2, 7, 58, 31, 36, 41, 27, 25, 15, 40, 39, 12, 4, 16, 38]
客户端数：30	时间：0.006981611251831055	客户端：[53, 57, 50, 35, 26, 2, 7, 58, 31, 36, 41, 27, 25, 15, 40, 39, 12, 4, 16, 38, 32, 46, 62, 21, 47, 13, 37, 11, 59, 5]
客户端数：40	时间：0.009973764419555664	客户端：[53, 57, 50, 35, 26, 2, 7, 58, 31, 36, 41, 27, 25, 15, 40, 39, 12, 4, 16, 38, 32, 46, 62, 21, 47, 13, 37, 11, 59, 5, 44, 9, 29, 43, 64, 56, 24, 19, 22, 60]
客户端数：50	时间：0.010970830917358398	客户端：[53, 57, 50, 35, 26, 2, 7, 58, 31, 36, 41, 27, 25, 15, 40, 39, 12, 4, 16, 38, 32, 46, 62, 21, 47, 13, 37, 11, 59, 5, 44, 9, 29, 43, 64, 56, 24, 19, 22, 60, 51, 45, 63, 14, 3, 18, 10, 17, 42, 61]
客户端数：59	时间：0.013962984085083008	客户端：[53, 57, 50, 35, 26, 2, 7, 58, 31, 36, 41, 27, 25, 15, 40, 39, 12, 4, 16, 38, 32, 46, 62, 21, 47, 13, 37, 11, 59, 5, 44, 9, 29, 43, 64, 56, 24, 19, 22, 60, 51, 45, 63, 14, 3, 18, 10, 17, 42, 61, 33, 28, 54, 20, 48, 34, 30, 55, 49]
T2
客户端数：10	时间：0.003006458282470703	客户端：[1, 36, 14, 59, 41, 53, 55, 60, 13, 50]
客户端数：20	时间：0.006989717483520508	客户端：[1, 36, 14, 59, 41, 53, 55, 60, 13, 50, 57, 29, 34, 51, 19, 26, 15, 32, 25, 20]
客户端数：30	时间：0.007986307144165039	客户端：[1, 36, 14, 59, 41, 53, 55, 60, 13, 50, 57, 29, 34, 51, 19, 26, 15, 32, 25, 20, 61, 28, 46, 30, 42, 22, 35, 16, 54, 21]
客户端数：40	时间：0.010980844497680664	客户端：[1, 36, 14, 59, 41, 53, 55, 60, 13, 50, 57, 29, 34, 51, 19, 26, 15, 32, 25, 20, 61, 28, 46, 30, 42, 22, 35, 16, 54, 21, 44, 58, 47, 64, 39, 49, 63, 18, 40, 27]
客户端数：50	时间：0.012974739074707031	客户端：[1, 36, 14, 59, 41, 53, 55, 60, 13, 50, 57, 29, 34, 51, 19, 26, 15, 32, 25, 20, 61, 28, 46, 30, 42, 22, 35, 16, 54, 21, 44, 58, 47, 64, 39, 49, 63, 18, 40, 27, 5, 17, 9, 38, 43, 7, 33, 3, 24, 45]
客户端数：59	时间：0.013972043991088867	客户端：[1, 36, 14, 59, 41, 53, 55, 60, 13, 50, 57, 29, 34, 51, 19, 26, 15, 32, 25, 20, 61, 28, 46, 30, 42, 22, 35, 16, 54, 21, 44, 58, 47, 64, 39, 49, 63, 18, 40, 27, 5, 17, 9, 38, 43, 7, 33, 3, 24, 45, 37, 12, 2, 48, 56, 31, 4, 11, 10]
T3
客户端数：10	时间：30.234827756881714	客户端：[1, 36, 14, 59, 41, 53, 55, 60, 13, 50]
客户端数：20	时间：67.96009182929993	客户端：[1, 36, 14, 59, 41, 53, 55, 60, 13, 50, 57, 29, 34, 51, 19, 26, 15, 32, 25, 20]
客户端数：30	时间：133.05767130851746	客户端：[1, 36, 14, 59, 41, 53, 55, 60, 13, 50, 57, 29, 34, 51, 19, 26, 15, 32, 25, 20, 61, 28, 46, 30, 42, 22, 35, 16, 54, 21]
客户端数：40	时间：226.37319111824036	客户端：[1, 36, 14, 59, 41, 53, 55, 60, 13, 50, 57, 29, 34, 51, 19, 26, 15, 32, 25, 20, 61, 28, 46, 30, 42, 22, 35, 16, 54, 21, 44, 58, 47, 64, 39, 49, 63, 18, 40, 27]
客户端数：50	时间：347.7727212905884	客户端：[1, 36, 14, 59, 41, 53, 55, 60, 13, 50, 57, 29, 34, 51, 19, 26, 15, 32, 25, 20, 61, 28, 46, 30, 42, 22, 35, 16, 54, 21, 44, 58, 47, 64, 39, 49, 63, 18, 40, 27, 5, 17, 9, 38, 43, 7, 33, 3, 24, 45]
客户端数：59	时间：480.7003085613251	客户端：[1, 36, 14, 59, 41, 53, 55, 60, 13, 50, 57, 29, 34, 51, 19, 26, 15, 32, 25, 20, 61, 28, 46, 30, 42, 22, 35, 16, 54, 21, 44, 58, 47, 64, 39, 49, 63, 18, 40, 27, 5, 17, 9, 38, 43, 7, 33, 3, 24, 45, 37, 12, 2, 48, 56, 31, 4, 11, 10]
BYTE
客户端数：10	字节数：3200000	客户端：[53, 57, 50, 35, 26, 2, 7, 58, 31, 36]
客户端数：20	字节数：6400000	客户端：[53, 57, 50, 35, 26, 2, 7, 58, 31, 36, 41, 27, 25, 15, 40, 39, 12, 4, 16, 38]
客户端数：30	字节数：9600000	客户端：[53, 57, 50, 35, 26, 2, 7, 58, 31, 36, 41, 27, 25, 15, 40, 39, 12, 4, 16, 38, 32, 46, 62, 21, 47, 13, 37, 11, 59, 5]
客户端数：40	字节数：12800000	客户端：[53, 57, 50, 35, 26, 2, 7, 58, 31, 36, 41, 27, 25, 15, 40, 39, 12, 4, 16, 38, 32, 46, 62, 21, 47, 13, 37, 11, 59, 5, 44, 9, 29, 43, 64, 56, 24, 19, 22, 60]
客户端数：50	字节数：16000000	客户端：[53, 57, 50, 35, 26, 2, 7, 58, 31, 36, 41, 27, 25, 15, 40, 39, 12, 4, 16, 38, 32, 46, 62, 21, 47, 13, 37, 11, 59, 5, 44, 9, 29, 43, 64, 56, 24, 19, 22, 60, 51, 45, 63, 14, 3, 18, 10, 17, 42, 61]
客户端数：59	字节数：18880000	客户端：[53, 57, 50, 35, 26, 2, 7, 58, 31, 36, 41, 27, 25, 15, 40, 39, 12, 4, 16, 38, 32, 46, 62, 21, 47, 13, 37, 11, 59, 5, 44, 9, 29, 43, 64, 56, 24, 19, 22, 60, 51, 45, 63, 14, 3, 18, 10, 17, 42, 61, 33, 28, 54, 20, 48, 34, 30, 55, 49]
PRO_LEN：320000
score：0.9512380952380952
loss rate：0.048761904761904784
finished iteration：2023-01-01 00:00:49.424585

Number of rounds 3
T1
客户端数：10	时间：0.001995086669921875	客户端：[53, 59, 34, 32, 14, 19, 20, 61, 57, 47]
客户端数：20	时间：0.004985809326171875	客户端：[53, 59, 34, 32, 14, 19, 20, 61, 57, 47, 64, 30, 58, 60, 26, 55, 5, 13, 28, 22]
客户端数：30	时间：0.0069811344146728516	客户端：[53, 59, 34, 32, 14, 19, 20, 61, 57, 47, 64, 30, 58, 60, 26, 55, 5, 13, 28, 22, 18, 63, 25, 15, 27, 16, 29, 42, 39, 21]
客户端数：40	时间：0.007978677749633789	客户端：[53, 59, 34, 32, 14, 19, 20, 61, 57, 47, 64, 30, 58, 60, 26, 55, 5, 13, 28, 22, 18, 63, 25, 15, 27, 16, 29, 42, 39, 21, 36, 38, 51, 49, 7, 54, 44, 17, 43, 41]
客户端数：50	时间：0.00997304916381836	客户端：[53, 59, 34, 32, 14, 19, 20, 61, 57, 47, 64, 30, 58, 60, 26, 55, 5, 13, 28, 22, 18, 63, 25, 15, 27, 16, 29, 42, 39, 21, 36, 38, 51, 49, 7, 54, 44, 17, 43, 41, 3, 35, 40, 50, 45, 33, 37, 46, 24, 9]
客户端数：57	时间：0.010970354080200195	客户端：[53, 59, 34, 32, 14, 19, 20, 61, 57, 47, 64, 30, 58, 60, 26, 55, 5, 13, 28, 22, 18, 63, 25, 15, 27, 16, 29, 42, 39, 21, 36, 38, 51, 49, 7, 54, 44, 17, 43, 41, 3, 35, 40, 50, 45, 33, 37, 46, 24, 9, 12, 2, 48, 56, 31, 4, 11]
T2
客户端数：10	时间：0.002989530563354492	客户端：[62, 36, 34, 59, 51, 56, 53, 55, 50, 35]
客户端数：20	时间：0.0049855709075927734	客户端：[62, 36, 34, 59, 51, 56, 53, 55, 50, 35, 19, 29, 20, 46, 24, 3, 60, 61, 54, 45]
客户端数：30	时间：0.008975505828857422	客户端：[62, 36, 34, 59, 51, 56, 53, 55, 50, 35, 19, 29, 20, 46, 24, 3, 60, 61, 54, 45, 13, 39, 30, 4, 38, 22, 43, 48, 44, 17]
客户端数：40	时间：0.010970592498779297	客户端：[62, 36, 34, 59, 51, 56, 53, 55, 50, 35, 19, 29, 20, 46, 24, 3, 60, 61, 54, 45, 13, 39, 30, 4, 38, 22, 43, 48, 44, 17, 7, 21, 18, 58, 64, 32, 16, 40, 49, 33]
客户端数：50	时间：0.012993097305297852	客户端：[62, 36, 34, 59, 51, 56, 53, 55, 50, 35, 19, 29, 20, 46, 24, 3, 60, 61, 54, 45, 13, 39, 30, 4, 38, 22, 43, 48, 44, 17, 7, 21, 18, 58, 64, 32, 16, 40, 49, 33, 11, 25, 37, 42, 47, 2, 31, 63, 27, 28]
客户端数：58	时间：0.015985488891601562	客户端：[62, 36, 34, 59, 51, 56, 53, 55, 50, 35, 19, 29, 20, 46, 24, 3, 60, 61, 54, 45, 13, 39, 30, 4, 38, 22, 43, 48, 44, 17, 7, 21, 18, 58, 64, 32, 16, 40, 49, 33, 11, 25, 37, 42, 47, 2, 31, 63, 27, 28, 26, 12, 14, 9, 5, 41, 15, 57]
T3
客户端数：10	时间：27.335911512374878	客户端：[62, 36, 34, 59, 51, 56, 53, 55, 50, 35]
客户端数：20	时间：66.22360253334045	客户端：[62, 36, 34, 59, 51, 56, 53, 55, 50, 35, 19, 29, 20, 46, 24, 3, 60, 61, 54, 45]
客户端数：30	时间：132.36365580558777	客户端：[62, 36, 34, 59, 51, 56, 53, 55, 50, 35, 19, 29, 20, 46, 24, 3, 60, 61, 54, 45, 13, 39, 30, 4, 38, 22, 43, 48, 44, 17]
客户端数：40	时间：225.24676942825317	客户端：[62, 36, 34, 59, 51, 56, 53, 55, 50, 35, 19, 29, 20, 46, 24, 3, 60, 61, 54, 45, 13, 39, 30, 4, 38, 22, 43, 48, 44, 17, 7, 21, 18, 58, 64, 32, 16, 40, 49, 33]
客户端数：50	时间：345.15326952934265	客户端：[62, 36, 34, 59, 51, 56, 53, 55, 50, 35, 19, 29, 20, 46, 24, 3, 60, 61, 54, 45, 13, 39, 30, 4, 38, 22, 43, 48, 44, 17, 7, 21, 18, 58, 64, 32, 16, 40, 49, 33, 11, 25, 37, 42, 47, 2, 31, 63, 27, 28]
客户端数：58	时间：459.74329137802124	客户端：[62, 36, 34, 59, 51, 56, 53, 55, 50, 35, 19, 29, 20, 46, 24, 3, 60, 61, 54, 45, 13, 39, 30, 4, 38, 22, 43, 48, 44, 17, 7, 21, 18, 58, 64, 32, 16, 40, 49, 33, 11, 25, 37, 42, 47, 2, 31, 63, 27, 28, 26, 12, 14, 9, 5, 41, 15, 57]
BYTE
客户端数：10	字节数：3200000	客户端：[53, 59, 34, 32, 14, 19, 20, 61, 57, 47]
客户端数：20	字节数：6400000	客户端：[53, 59, 34, 32, 14, 19, 20, 61, 57, 47, 64, 30, 58, 60, 26, 55, 5, 13, 28, 22]
客户端数：30	字节数：9600000	客户端：[53, 59, 34, 32, 14, 19, 20, 61, 57, 47, 64, 30, 58, 60, 26, 55, 5, 13, 28, 22, 18, 63, 25, 15, 27, 16, 29, 42, 39, 21]
客户端数：40	字节数：12800000	客户端：[53, 59, 34, 32, 14, 19, 20, 61, 57, 47, 64, 30, 58, 60, 26, 55, 5, 13, 28, 22, 18, 63, 25, 15, 27, 16, 29, 42, 39, 21, 36, 38, 51, 49, 7, 54, 44, 17, 43, 41]
客户端数：50	字节数：16000000	客户端：[53, 59, 34, 32, 14, 19, 20, 61, 57, 47, 64, 30, 58, 60, 26, 55, 5, 13, 28, 22, 18, 63, 25, 15, 27, 16, 29, 42, 39, 21, 36, 38, 51, 49, 7, 54, 44, 17, 43, 41, 3, 35, 40, 50, 45, 33, 37, 46, 24, 9]
客户端数：57	字节数：18240000	客户端：[53, 59, 34, 32, 14, 19, 20, 61, 57, 47, 64, 30, 58, 60, 26, 55, 5, 13, 28, 22, 18, 63, 25, 15, 27, 16, 29, 42, 39, 21, 36, 38, 51, 49, 7, 54, 44, 17, 43, 41, 3, 35, 40, 50, 45, 33, 37, 46, 24, 9, 12, 2, 48, 56, 31, 4, 11]
PRO_LEN：320000
score：0.9617142857142857
loss rate：0.038285714285714256
finished iteration：2023-01-01 00:01:03.957025

Number of rounds 4
T1
客户端数：10	时间：0.002980947494506836	客户端：[34, 50, 19, 20, 24, 35, 38, 7, 36, 61]
客户端数：20	时间：0.004974842071533203	客户端：[34, 50, 19, 20, 24, 35, 38, 7, 36, 61, 3, 58, 44, 29, 18, 64, 60, 59, 54, 22]
客户端数：30	时间：0.006969928741455078	客户端：[34, 50, 19, 20, 24, 35, 38, 7, 36, 61, 3, 58, 44, 29, 18, 64, 60, 59, 54, 22, 39, 46, 45, 17, 4, 33, 16, 47, 51, 42]
客户端数：40	时间：0.00896596908569336	客户端：[34, 50, 19, 20, 24, 35, 38, 7, 36, 61, 3, 58, 44, 29, 18, 64, 60, 59, 54, 22, 39, 46, 45, 17, 4, 33, 16, 47, 51, 42, 37, 25, 43, 2, 31, 63, 21, 56, 28, 27]
客户端数：50	时间：0.011967658996582031	客户端：[34, 50, 19, 20, 24, 35, 38, 7, 36, 61, 3, 58, 44, 29, 18, 64, 60, 59, 54, 22, 39, 46, 45, 17, 4, 33, 16, 47, 51, 42, 37, 25, 43, 2, 31, 63, 21, 56, 28, 27, 40, 26, 53, 48, 49, 11, 14, 12, 9, 15]
客户端数：55	时间：0.012964963912963867	客户端：[34, 50, 19, 20, 24, 35, 38, 7, 36, 61, 3, 58, 44, 29, 18, 64, 60, 59, 54, 22, 39, 46, 45, 17, 4, 33, 16, 47, 51, 42, 37, 25, 43, 2, 31, 63, 21, 56, 28, 27, 40, 26, 53, 48, 49, 11, 14, 12, 9, 15, 57, 32, 41, 55, 5]
T2
客户端数：10	时间：0.001995563507080078	客户端：[36, 34, 14, 59, 55, 26, 12, 60, 29, 32]
客户端数：20	时间：0.005997180938720703	客户端：[36, 34, 14, 59, 55, 26, 12, 60, 29, 32, 51, 20, 50, 38, 15, 31, 54, 46, 35, 61]
客户端数：30	时间：0.007972955703735352	客户端：[36, 34, 14, 59, 55, 26, 12, 60, 29, 32, 51, 20, 50, 38, 15, 31, 54, 46, 35, 61, 45, 25, 28, 44, 17, 43, 27, 33, 4, 40]
客户端数：40	时间：0.008970499038696289	客户端：[36, 34, 14, 59, 55, 26, 12, 60, 29, 32, 51, 20, 50, 38, 15, 31, 54, 46, 35, 61, 45, 25, 28, 44, 17, 43, 27, 33, 4, 40, 64, 48, 18, 5, 9, 24, 49, 3, 47, 2]
客户端数：50	时间：0.010977506637573242	客户端：[36, 34, 14, 59, 55, 26, 12, 60, 29, 32, 51, 20, 50, 38, 15, 31, 54, 46, 35, 61, 45, 25, 28, 44, 17, 43, 27, 33, 4, 40, 64, 48, 18, 5, 9, 24, 49, 3, 47, 2, 7, 53, 63, 58, 21, 39, 19, 56, 42, 57]
客户端数：54	时间：0.011974811553955078	客户端：[36, 34, 14, 59, 55, 26, 12, 60, 29, 32, 51, 20, 50, 38, 15, 31, 54, 46, 35, 61, 45, 25, 28, 44, 17, 43, 27, 33, 4, 40, 64, 48, 18, 5, 9, 24, 49, 3, 47, 2, 7, 53, 63, 58, 21, 39, 19, 56, 42, 57, 16, 11, 41, 22]
T3
客户端数：10	时间：13.176337003707886	客户端：[36, 34, 14, 59, 55, 26, 12, 60, 29, 32]
客户端数：20	时间：52.865015268325806	客户端：[36, 34, 14, 59, 55, 26, 12, 60, 29, 32, 51, 20, 50, 38, 15, 31, 54, 46, 35, 61]
客户端数：30	时间：119.50878524780273	客户端：[36, 34, 14, 59, 55, 26, 12, 60, 29, 32, 51, 20, 50, 38, 15, 31, 54, 46, 35, 61, 45, 25, 28, 44, 17, 43, 27, 33, 4, 40]
客户端数：40	时间：212.2471489906311	客户端：[36, 34, 14, 59, 55, 26, 12, 60, 29, 32, 51, 20, 50, 38, 15, 31, 54, 46, 35, 61, 45, 25, 28, 44, 17, 43, 27, 33, 4, 40, 64, 48, 18, 5, 9, 24, 49, 3, 47, 2]
客户端数：50	时间：331.28749537467957	客户端：[36, 34, 14, 59, 55, 26, 12, 60, 29, 32, 51, 20, 50, 38, 15, 31, 54, 46, 35, 61, 45, 25, 28, 44, 17, 43, 27, 33, 4, 40, 64, 48, 18, 5, 9, 24, 49, 3, 47, 2, 7, 53, 63, 58, 21, 39, 19, 56, 42, 57]
客户端数：54	时间：386.243821144104	客户端：[36, 34, 14, 59, 55, 26, 12, 60, 29, 32, 51, 20, 50, 38, 15, 31, 54, 46, 35, 61, 45, 25, 28, 44, 17, 43, 27, 33, 4, 40, 64, 48, 18, 5, 9, 24, 49, 3, 47, 2, 7, 53, 63, 58, 21, 39, 19, 56, 42, 57, 16, 11, 41, 22]
BYTE
客户端数：10	字节数：3200000	客户端：[34, 50, 19, 20, 24, 35, 38, 7, 36, 61]
客户端数：20	字节数：6400000	客户端：[34, 50, 19, 20, 24, 35, 38, 7, 36, 61, 3, 58, 44, 29, 18, 64, 60, 59, 54, 22]
客户端数：30	字节数：9600000	客户端：[34, 50, 19, 20, 24, 35, 38, 7, 36, 61, 3, 58, 44, 29, 18, 64, 60, 59, 54, 22, 39, 46, 45, 17, 4, 33, 16, 47, 51, 42]
客户端数：40	字节数：12800000	客户端：[34, 50, 19, 20, 24, 35, 38, 7, 36, 61, 3, 58, 44, 29, 18, 64, 60, 59, 54, 22, 39, 46, 45, 17, 4, 33, 16, 47, 51, 42, 37, 25, 43, 2, 31, 63, 21, 56, 28, 27]
客户端数：50	字节数：16000000	客户端：[34, 50, 19, 20, 24, 35, 38, 7, 36, 61, 3, 58, 44, 29, 18, 64, 60, 59, 54, 22, 39, 46, 45, 17, 4, 33, 16, 47, 51, 42, 37, 25, 43, 2, 31, 63, 21, 56, 28, 27, 40, 26, 53, 48, 49, 11, 14, 12, 9, 15]
客户端数：55	字节数：17600000	客户端：[34, 50, 19, 20, 24, 35, 38, 7, 36, 61, 3, 58, 44, 29, 18, 64, 60, 59, 54, 22, 39, 46, 45, 17, 4, 33, 16, 47, 51, 42, 37, 25, 43, 2, 31, 63, 21, 56, 28, 27, 40, 26, 53, 48, 49, 11, 14, 12, 9, 15, 57, 32, 41, 55, 5]
PRO_LEN：320000
score：0.9637460317460318
loss rate：0.036253968253968205
finished iteration：2023-01-01 00:01:18.437457

Number of rounds 5
T1
客户端数：10	时间：0.0019943714141845703	客户端：[34, 59, 32, 38, 36, 14, 64, 12, 46, 5]
客户端数：20	时间：0.00498509407043457	客户端：[34, 59, 32, 38, 36, 14, 64, 12, 46, 5, 55, 24, 28, 60, 35, 15, 54, 7, 45, 27]
客户端数：30	时间：0.009971857070922852	客户端：[34, 59, 32, 38, 36, 14, 64, 12, 46, 5, 55, 24, 28, 60, 35, 15, 54, 7, 45, 27, 2, 51, 33, 18, 3, 25, 29, 50, 31, 49]
客户端数：40	时间：0.011967897415161133	客户端：[34, 59, 32, 38, 36, 14, 64, 12, 46, 5, 55, 24, 28, 60, 35, 15, 54, 7, 45, 27, 2, 51, 33, 18, 3, 25, 29, 50, 31, 49, 40, 47, 43, 53, 48, 26, 58, 63, 21, 61]
客户端数：50	时间：0.013962745666503906	客户端：[34, 59, 32, 38, 36, 14, 64, 12, 46, 5, 55, 24, 28, 60, 35, 15, 54, 7, 45, 27, 2, 51, 33, 18, 3, 25, 29, 50, 31, 49, 40, 47, 43, 53, 48, 26, 58, 63, 21, 61, 39, 19, 17, 56, 4, 42, 57, 44, 9, 16]
客户端数：54	时间：0.015957117080688477	客户端：[34, 59, 32, 38, 36, 14, 64, 12, 46, 5, 55, 24, 28, 60, 35, 15, 54, 7, 45, 27, 2, 51, 33, 18, 3, 25, 29, 50, 31, 49, 40, 47, 43, 53, 48, 26, 58, 63, 21, 61, 39, 19, 17, 56, 4, 42, 57, 44, 9, 16, 11, 41, 20, 22]
T2
客户端数：10	时间：0.002993345260620117	客户端：[41, 59, 36, 14, 51, 56, 12, 26, 34, 60]
客户端数：20	时间：0.003991127014160156	客户端：[41, 59, 36, 14, 51, 56, 12, 26, 34, 60, 53, 31, 32, 38, 46, 20, 54, 55, 2, 35]
客户端数：30	时间：0.006981611251831055	客户端：[41, 59, 36, 14, 51, 56, 12, 26, 34, 60, 53, 31, 32, 38, 46, 20, 54, 55, 2, 35, 33, 3, 4, 48, 47, 43, 17, 57, 49, 9]
客户端数：40	时间：0.008976459503173828	客户端：[41, 59, 36, 14, 51, 56, 12, 26, 34, 60, 53, 31, 32, 38, 46, 20, 54, 55, 2, 35, 33, 3, 4, 48, 47, 43, 17, 57, 49, 9, 18, 11, 64, 21, 44, 58, 50, 42, 45, 24]
客户端数：50	时间：0.010971307754516602	客户端：[41, 59, 36, 14, 51, 56, 12, 26, 34, 60, 53, 31, 32, 38, 46, 20, 54, 55, 2, 35, 33, 3, 4, 48, 47, 43, 17, 57, 49, 9, 18, 11, 64, 21, 44, 58, 50, 42, 45, 24, 5, 39, 19, 16, 61, 25, 63, 15, 37, 29]
客户端数：53	时间：0.013964176177978516	客户端：[41, 59, 36, 14, 51, 56, 12, 26, 34, 60, 53, 31, 32, 38, 46, 20, 54, 55, 2, 35, 33, 3, 4, 48, 47, 43, 17, 57, 49, 9, 18, 11, 64, 21, 44, 58, 50, 42, 45, 24, 5, 39, 19, 16, 61, 25, 63, 15, 37, 29, 7, 22, 40]
T3
客户端数：10	时间：12.910218715667725	客户端：[41, 59, 36, 14, 51, 56, 12, 26, 34, 60]
客户端数：20	时间：51.83142900466919	客户端：[41, 59, 36, 14, 51, 56, 12, 26, 34, 60, 53, 31, 32, 38, 46, 20, 54, 55, 2, 35]
客户端数：30	时间：117.1483166217804	客户端：[41, 59, 36, 14, 51, 56, 12, 26, 34, 60, 53, 31, 32, 38, 46, 20, 54, 55, 2, 35, 33, 3, 4, 48, 47, 43, 17, 57, 49, 9]
客户端数：40	时间：209.482182264328	客户端：[41, 59, 36, 14, 51, 56, 12, 26, 34, 60, 53, 31, 32, 38, 46, 20, 54, 55, 2, 35, 33, 3, 4, 48, 47, 43, 17, 57, 49, 9, 18, 11, 64, 21, 44, 58, 50, 42, 45, 24]
客户端数：50	时间：350.0482087135315	客户端：[41, 59, 36, 14, 51, 56, 12, 26, 34, 60, 53, 31, 32, 38, 46, 20, 54, 55, 2, 35, 33, 3, 4, 48, 47, 43, 17, 57, 49, 9, 18, 11, 64, 21, 44, 58, 50, 42, 45, 24, 5, 39, 19, 16, 61, 25, 63, 15, 37, 29]
客户端数：53	时间：390.92785906791687	客户端：[41, 59, 36, 14, 51, 56, 12, 26, 34, 60, 53, 31, 32, 38, 46, 20, 54, 55, 2, 35, 33, 3, 4, 48, 47, 43, 17, 57, 49, 9, 18, 11, 64, 21, 44, 58, 50, 42, 45, 24, 5, 39, 19, 16, 61, 25, 63, 15, 37, 29, 7, 22, 40]
BYTE
客户端数：10	字节数：3200000	客户端：[34, 59, 32, 38, 36, 14, 64, 12, 46, 5]
客户端数：20	字节数：6400000	客户端：[34, 59, 32, 38, 36, 14, 64, 12, 46, 5, 55, 24, 28, 60, 35, 15, 54, 7, 45, 27]
客户端数：30	字节数：9600000	客户端：[34, 59, 32, 38, 36, 14, 64, 12, 46, 5, 55, 24, 28, 60, 35, 15, 54, 7, 45, 27, 2, 51, 33, 18, 3, 25, 29, 50, 31, 49]
客户端数：40	字节数：12800000	客户端：[34, 59, 32, 38, 36, 14, 64, 12, 46, 5, 55, 24, 28, 60, 35, 15, 54, 7, 45, 27, 2, 51, 33, 18, 3, 25, 29, 50, 31, 49, 40, 47, 43, 53, 48, 26, 58, 63, 21, 61]
客户端数：50	字节数：16000000	客户端：[34, 59, 32, 38, 36, 14, 64, 12, 46, 5, 55, 24, 28, 60, 35, 15, 54, 7, 45, 27, 2, 51, 33, 18, 3, 25, 29, 50, 31, 49, 40, 47, 43, 53, 48, 26, 58, 63, 21, 61, 39, 19, 17, 56, 4, 42, 57, 44, 9, 16]
客户端数：54	字节数：17280000	客户端：[34, 59, 32, 38, 36, 14, 64, 12, 46, 5, 55, 24, 28, 60, 35, 15, 54, 7, 45, 27, 2, 51, 33, 18, 3, 25, 29, 50, 31, 49, 40, 47, 43, 53, 48, 26, 58, 63, 21, 61, 39, 19, 17, 56, 4, 42, 57, 44, 9, 16, 11, 41, 20, 22]
PRO_LEN：320000
score：0.9645079365079365
loss rate：0.035492063492063464
finished iteration：2023-01-01 00:01:32.963525

Number of rounds 6
T1
客户端数：10	时间：0.0019893646240234375	客户端：[53, 34, 38, 41, 26, 51, 32, 20, 59, 12]
客户端数：20	时间：0.003989696502685547	客户端：[53, 34, 38, 41, 26, 51, 32, 20, 59, 12, 57, 46, 60, 11, 64, 54, 31, 33, 47, 48]
客户端数：30	时间：0.00598454475402832	客户端：[53, 34, 38, 41, 26, 51, 32, 20, 59, 12, 57, 46, 60, 11, 64, 54, 31, 33, 47, 48, 3, 9, 44, 58, 50, 2, 55, 14, 21, 4]
客户端数：40	时间：0.007979631423950195	客户端：[53, 34, 38, 41, 26, 51, 32, 20, 59, 12, 57, 46, 60, 11, 64, 54, 31, 33, 47, 48, 3, 9, 44, 58, 50, 2, 55, 14, 21, 4, 49, 56, 43, 45, 24, 42, 5, 39, 61, 16]
客户端数：50	时间：0.0109710693359375	客户端：[53, 34, 38, 41, 26, 51, 32, 20, 59, 12, 57, 46, 60, 11, 64, 54, 31, 33, 47, 48, 3, 9, 44, 58, 50, 2, 55, 14, 21, 4, 49, 56, 43, 45, 24, 42, 5, 39, 61, 16, 63, 25, 19, 15, 35, 18, 29, 7, 17, 22]
客户端数：51	时间：0.0109710693359375	客户端：[53, 34, 38, 41, 26, 51, 32, 20, 59, 12, 57, 46, 60, 11, 64, 54, 31, 33, 47, 48, 3, 9, 44, 58, 50, 2, 55, 14, 21, 4, 49, 56, 43, 45, 24, 42, 5, 39, 61, 16, 63, 25, 19, 15, 35, 18, 29, 7, 17, 22, 40]
T2
客户端数：10	时间：0.003991365432739258	客户端：[28, 34, 59, 14, 41, 53, 12, 56, 51, 35]
客户端数：20	时间：0.006985187530517578	客户端：[28, 34, 59, 14, 41, 53, 12, 56, 51, 35, 57, 29, 60, 46, 38, 61, 15, 26, 2, 45]
客户端数：30	时间：0.011989116668701172	客户端：[28, 34, 59, 14, 41, 53, 12, 56, 51, 35, 57, 29, 60, 46, 38, 61, 15, 26, 2, 45, 25, 42, 54, 47, 3, 7, 17, 64, 9, 18]
客户端数：40	时间：0.013983964920043945	客户端：[28, 34, 59, 14, 41, 53, 12, 56, 51, 35, 57, 29, 60, 46, 38, 61, 15, 26, 2, 45, 25, 42, 54, 47, 3, 7, 17, 64, 9, 18, 32, 44, 48, 50, 16, 40, 5, 24, 11, 31]
客户端数：50	时间：0.016977548599243164	客户端：[28, 34, 59, 14, 41, 53, 12, 56, 51, 35, 57, 29, 60, 46, 38, 61, 15, 26, 2, 45, 25, 42, 54, 47, 3, 7, 17, 64, 9, 18, 32, 44, 48, 50, 16, 40, 5, 24, 11, 31, 43, 20, 19, 58, 39, 4, 49, 27, 33, 63]
客户端数：52	时间：0.01897144317626953	客户端：[28, 34, 59, 14, 41, 53, 12, 56, 51, 35, 57, 29, 60, 46, 38, 61, 15, 26, 2, 45, 25, 42, 54, 47, 3, 7, 17, 64, 9, 18, 32, 44, 48, 50, 16, 40, 5, 24, 11, 31, 43, 20, 19, 58, 39, 4, 49, 27, 33, 63, 55, 22]
T3
客户端数：10	时间：28.1359703540802	客户端：[28, 34, 59, 14, 41, 53, 12, 56, 51, 35]
客户端数：20	时间：64.89857912063599	客户端：[28, 34, 59, 14, 41, 53, 12, 56, 51, 35, 57, 29, 60, 46, 38, 61, 15, 26, 2, 45]
客户端数：30	时间：128.2657299041748	客户端：[28, 34, 59, 14, 41, 53, 12, 56, 51, 35, 57, 29, 60, 46, 38, 61, 15, 26, 2, 45, 25, 42, 54, 47, 3, 7, 17, 64, 9, 18]
客户端数：40	时间：218.3272738456726	客户端：[28, 34, 59, 14, 41, 53, 12, 56, 51, 35, 57, 29, 60, 46, 38, 61, 15, 26, 2, 45, 25, 42, 54, 47, 3, 7, 17, 64, 9, 18, 32, 44, 48, 50, 16, 40, 5, 24, 11, 31]
客户端数：50	时间：357.1681263446808	客户端：[28, 34, 59, 14, 41, 53, 12, 56, 51, 35, 57, 29, 60, 46, 38, 61, 15, 26, 2, 45, 25, 42, 54, 47, 3, 7, 17, 64, 9, 18, 32, 44, 48, 50, 16, 40, 5, 24, 11, 31, 43, 20, 19, 58, 39, 4, 49, 27, 33, 63]
客户端数：52	时间：383.57749819755554	客户端：[28, 34, 59, 14, 41, 53, 12, 56, 51, 35, 57, 29, 60, 46, 38, 61, 15, 26, 2, 45, 25, 42, 54, 47, 3, 7, 17, 64, 9, 18, 32, 44, 48, 50, 16, 40, 5, 24, 11, 31, 43, 20, 19, 58, 39, 4, 49, 27, 33, 63, 55, 22]
BYTE
客户端数：10	字节数：3200000	客户端：[53, 34, 38, 41, 26, 51, 32, 20, 59, 12]
客户端数：20	字节数：6400000	客户端：[53, 34, 38, 41, 26, 51, 32, 20, 59, 12, 57, 46, 60, 11, 64, 54, 31, 33, 47, 48]
客户端数：30	字节数：9600000	客户端：[53, 34, 38, 41, 26, 51, 32, 20, 59, 12, 57, 46, 60, 11, 64, 54, 31, 33, 47, 48, 3, 9, 44, 58, 50, 2, 55, 14, 21, 4]
客户端数：40	字节数：12800000	客户端：[53, 34, 38, 41, 26, 51, 32, 20, 59, 12, 57, 46, 60, 11, 64, 54, 31, 33, 47, 48, 3, 9, 44, 58, 50, 2, 55, 14, 21, 4, 49, 56, 43, 45, 24, 42, 5, 39, 61, 16]
客户端数：50	字节数：16000000	客户端：[53, 34, 38, 41, 26, 51, 32, 20, 59, 12, 57, 46, 60, 11, 64, 54, 31, 33, 47, 48, 3, 9, 44, 58, 50, 2, 55, 14, 21, 4, 49, 56, 43, 45, 24, 42, 5, 39, 61, 16, 63, 25, 19, 15, 35, 18, 29, 7, 17, 22]
客户端数：51	字节数：16320000	客户端：[53, 34, 38, 41, 26, 51, 32, 20, 59, 12, 57, 46, 60, 11, 64, 54, 31, 33, 47, 48, 3, 9, 44, 58, 50, 2, 55, 14, 21, 4, 49, 56, 43, 45, 24, 42, 5, 39, 61, 16, 63, 25, 19, 15, 35, 18, 29, 7, 17, 22, 40]
PRO_LEN：320000
score：0.9653333333333334
loss rate：0.03466666666666662
finished iteration：2023-01-01 00:01:47.680755

Number of rounds 7
T1
客户端数：10	时间：0.002025127410888672	客户端：[34, 59, 57, 61, 38, 14, 53, 41, 2, 35]
客户端数：20	时间：0.003984212875366211	客户端：[34, 59, 57, 61, 38, 14, 53, 41, 2, 35, 51, 29, 7, 15, 26, 47, 45, 18, 17, 12]
客户端数：30	时间：0.007976770401000977	客户端：[34, 59, 57, 61, 38, 14, 53, 41, 2, 35, 51, 29, 7, 15, 26, 47, 45, 18, 17, 12, 5, 11, 25, 56, 48, 64, 44, 40, 50, 31]
客户端数：40	时间：0.012964963912963867	客户端：[34, 59, 57, 61, 38, 14, 53, 41, 2, 35, 51, 29, 7, 15, 26, 47, 45, 18, 17, 12, 5, 11, 25, 56, 48, 64, 44, 40, 50, 31, 16, 32, 39, 46, 19, 4, 9, 54, 58, 49]
客户端数：47	时间：0.0139617919921875	客户端：[34, 59, 57, 61, 38, 14, 53, 41, 2, 35, 51, 29, 7, 15, 26, 47, 45, 18, 17, 12, 5, 11, 25, 56, 48, 64, 44, 40, 50, 31, 16, 32, 39, 46, 19, 4, 9, 54, 58, 49, 33, 24, 63, 20, 55, 22, 43]
T2
客户端数：10	时间：0.0019960403442382812	客户端：[59, 41, 51, 53, 55, 26, 50, 38, 20, 24]
客户端数：20	时间：0.004954814910888672	客户端：[59, 41, 51, 53, 55, 26, 50, 38, 20, 24, 61, 31, 45, 33, 2, 19, 48, 44, 11, 7]
客户端数：30	时间：0.004954814910888672	客户端：[59, 41, 51, 53, 55, 26, 50, 38, 20, 24, 61, 31, 45, 33, 2, 19, 48, 44, 11, 7, 47, 54, 34, 58, 40, 43, 49, 14, 35, 16]
客户端数：40	时间：0.007931947708129883	客户端：[59, 41, 51, 53, 55, 26, 50, 38, 20, 24, 61, 31, 45, 33, 2, 19, 48, 44, 11, 7, 47, 54, 34, 58, 40, 43, 49, 14, 35, 16, 5, 25, 29, 46, 4, 57, 63, 18, 17, 56]
客户端数：48	时间：0.008929729461669922	客户端：[59, 41, 51, 53, 55, 26, 50, 38, 20, 24, 61, 31, 45, 33, 2, 19, 48, 44, 11, 7, 47, 54, 34, 58, 40, 43, 49, 14, 35, 16, 5, 25, 29, 46, 4, 57, 63, 18, 17, 56, 32, 12, 15, 22, 9, 64, 21, 39]
T3
客户端数：10	时间：14.013120651245117	客户端：[59, 41, 51, 53, 55, 26, 50, 38, 20, 24]
客户端数：20	时间：55.42769646644592	客户端：[59, 41, 51, 53, 55, 26, 50, 38, 20, 24, 61, 31, 45, 33, 2, 19, 48, 44, 11, 7]
客户端数：30	时间：123.27916550636292	客户端：[59, 41, 51, 53, 55, 26, 50, 38, 20, 24, 61, 31, 45, 33, 2, 19, 48, 44, 11, 7, 47, 54, 34, 58, 40, 43, 49, 14, 35, 16]
客户端数：40	时间：217.56476736068726	客户端：[59, 41, 51, 53, 55, 26, 50, 38, 20, 24, 61, 31, 45, 33, 2, 19, 48, 44, 11, 7, 47, 54, 34, 58, 40, 43, 49, 14, 35, 16, 5, 25, 29, 46, 4, 57, 63, 18, 17, 56]
客户端数：48	时间：334.8422441482544	客户端：[59, 41, 51, 53, 55, 26, 50, 38, 20, 24, 61, 31, 45, 33, 2, 19, 48, 44, 11, 7, 47, 54, 34, 58, 40, 43, 49, 14, 35, 16, 5, 25, 29, 46, 4, 57, 63, 18, 17, 56, 32, 12, 15, 22, 9, 64, 21, 39]
BYTE
客户端数：10	字节数：3200000	客户端：[34, 59, 57, 61, 38, 14, 53, 41, 2, 35]
客户端数：20	字节数：6400000	客户端：[34, 59, 57, 61, 38, 14, 53, 41, 2, 35, 51, 29, 7, 15, 26, 47, 45, 18, 17, 12]
客户端数：30	字节数：9600000	客户端：[34, 59, 57, 61, 38, 14, 53, 41, 2, 35, 51, 29, 7, 15, 26, 47, 45, 18, 17, 12, 5, 11, 25, 56, 48, 64, 44, 40, 50, 31]
客户端数：40	字节数：12800000	客户端：[34, 59, 57, 61, 38, 14, 53, 41, 2, 35, 51, 29, 7, 15, 26, 47, 45, 18, 17, 12, 5, 11, 25, 56, 48, 64, 44, 40, 50, 31, 16, 32, 39, 46, 19, 4, 9, 54, 58, 49]
客户端数：47	字节数：15040000	客户端：[34, 59, 57, 61, 38, 14, 53, 41, 2, 35, 51, 29, 7, 15, 26, 47, 45, 18, 17, 12, 5, 11, 25, 56, 48, 64, 44, 40, 50, 31, 16, 32, 39, 46, 19, 4, 9, 54, 58, 49, 33, 24, 63, 20, 55, 22, 43]
PRO_LEN：320000
score：0.9653968253968254
loss rate：0.034603174603174636
finished iteration：2023-01-01 00:02:02.647820

Number of rounds 8
T1
客户端数：10	时间：0.0019953250885009766	客户端：[59, 61, 24, 50, 53, 11, 34, 47, 20, 55]
客户端数：20	时间：0.002992391586303711	客户端：[59, 61, 24, 50, 53, 11, 34, 47, 20, 55, 44, 48, 19, 33, 31, 5, 54, 38, 14, 43]
客户端数：30	时间：0.007978439331054688	客户端：[59, 61, 24, 50, 53, 11, 34, 47, 20, 55, 44, 48, 19, 33, 31, 5, 54, 38, 14, 43, 2, 16, 40, 7, 57, 46, 35, 4, 29, 18]
客户端数：40	时间：0.008976221084594727	客户端：[59, 61, 24, 50, 53, 11, 34, 47, 20, 55, 44, 48, 19, 33, 31, 5, 54, 38, 14, 43, 2, 16, 40, 7, 57, 46, 35, 4, 29, 18, 32, 45, 25, 12, 63, 56, 51, 15, 58, 49]
客户端数：46	时间：0.008976221084594727	客户端：[59, 61, 24, 50, 53, 11, 34, 47, 20, 55, 44, 48, 19, 33, 31, 5, 54, 38, 14, 43, 2, 16, 40, 7, 57, 46, 35, 4, 29, 18, 32, 45, 25, 12, 63, 56, 51, 15, 58, 49, 26, 9, 22, 41, 64, 17]
T2
客户端数：10	时间：0.002012968063354492	客户端：[34, 41, 14, 59, 12, 55, 50, 26, 35, 56]
客户端数：20	时间：0.0040073394775390625	客户端：[34, 41, 14, 59, 12, 55, 50, 26, 35, 56, 29, 32, 25, 31, 24, 15, 19, 61, 54, 38]
客户端数：30	时间：0.004987001419067383	客户端：[34, 41, 14, 59, 12, 55, 50, 26, 35, 56, 29, 32, 25, 31, 24, 15, 19, 61, 54, 38, 46, 57, 16, 63, 43, 64, 44, 20, 48, 9]
客户端数：40	时间：0.008011579513549805	客户端：[34, 41, 14, 59, 12, 55, 50, 26, 35, 56, 29, 32, 25, 31, 24, 15, 19, 61, 54, 38, 46, 57, 16, 63, 43, 64, 44, 20, 48, 9, 58, 17, 53, 33, 49, 7, 4, 11, 22, 2]
客户端数：46	时间：0.01000833511352539	客户端：[34, 41, 14, 59, 12, 55, 50, 26, 35, 56, 29, 32, 25, 31, 24, 15, 19, 61, 54, 38, 46, 57, 16, 63, 43, 64, 44, 20, 48, 9, 58, 17, 53, 33, 49, 7, 4, 11, 22, 2, 5, 40, 18, 45, 47, 51]
T3
客户端数：10	时间：13.329594373703003	客户端：[34, 41, 14, 59, 12, 55, 50, 26, 35, 56]
客户端数：20	时间：54.19497585296631	客户端：[34, 41, 14, 59, 12, 55, 50, 26, 35, 56, 29, 32, 25, 31, 24, 15, 19, 61, 54, 38]
客户端数：30	时间：121.73967337608337	客户端：[34, 41, 14, 59, 12, 55, 50, 26, 35, 56, 29, 32, 25, 31, 24, 15, 19, 61, 54, 38, 46, 57, 16, 63, 43, 64, 44, 20, 48, 9]
客户端数：40	时间：214.95181918144226	客户端：[34, 41, 14, 59, 12, 55, 50, 26, 35, 56, 29, 32, 25, 31, 24, 15, 19, 61, 54, 38, 46, 57, 16, 63, 43, 64, 44, 20, 48, 9, 58, 17, 53, 33, 49, 7, 4, 11, 22, 2]
客户端数：46	时间：284.2283275127411	客户端：[34, 41, 14, 59, 12, 55, 50, 26, 35, 56, 29, 32, 25, 31, 24, 15, 19, 61, 54, 38, 46, 57, 16, 63, 43, 64, 44, 20, 48, 9, 58, 17, 53, 33, 49, 7, 4, 11, 22, 2, 5, 40, 18, 45, 47, 51]
BYTE
客户端数：10	字节数：3200000	客户端：[59, 61, 24, 50, 53, 11, 34, 47, 20, 55]
客户端数：20	字节数：6400000	客户端：[59, 61, 24, 50, 53, 11, 34, 47, 20, 55, 44, 48, 19, 33, 31, 5, 54, 38, 14, 43]
客户端数：30	字节数：9600000	客户端：[59, 61, 24, 50, 53, 11, 34, 47, 20, 55, 44, 48, 19, 33, 31, 5, 54, 38, 14, 43, 2, 16, 40, 7, 57, 46, 35, 4, 29, 18]
客户端数：40	字节数：12800000	客户端：[59, 61, 24, 50, 53, 11, 34, 47, 20, 55, 44, 48, 19, 33, 31, 5, 54, 38, 14, 43, 2, 16, 40, 7, 57, 46, 35, 4, 29, 18, 32, 45, 25, 12, 63, 56, 51, 15, 58, 49]
客户端数：46	字节数：14720000	客户端：[59, 61, 24, 50, 53, 11, 34, 47, 20, 55, 44, 48, 19, 33, 31, 5, 54, 38, 14, 43, 2, 16, 40, 7, 57, 46, 35, 4, 29, 18, 32, 45, 25, 12, 63, 56, 51, 15, 58, 49, 26, 9, 22, 41, 64, 17]
PRO_LEN：320000
score：0.9650793650793651
loss rate：0.03492063492063491
finished iteration：2023-01-01 00:02:17.764186

Number of rounds 9
T1
客户端数：10	时间：0.0020074844360351562	客户端：[34, 59, 55, 24, 14, 41, 38, 64, 29, 46]
客户端数：20	时间：0.0029921531677246094	客户端：[34, 59, 55, 24, 14, 41, 38, 64, 29, 46, 26, 61, 9, 44, 20, 54, 25, 31, 48, 16]
客户端数：30	时间：0.0060122013092041016	客户端：[34, 59, 55, 24, 14, 41, 38, 64, 29, 46, 26, 61, 9, 44, 20, 54, 25, 31, 48, 16, 15, 53, 7, 35, 33, 17, 19, 11, 56, 49]
客户端数：40	时间：0.008976221084594727	客户端：[34, 59, 55, 24, 14, 41, 38, 64, 29, 46, 26, 61, 9, 44, 20, 54, 25, 31, 48, 16, 15, 53, 7, 35, 33, 17, 19, 11, 56, 49, 22, 4, 32, 5, 18, 40, 58, 12, 63, 45]
客户端数：45	时间：0.009973287582397461	客户端：[34, 59, 55, 24, 14, 41, 38, 64, 29, 46, 26, 61, 9, 44, 20, 54, 25, 31, 48, 16, 15, 53, 7, 35, 33, 17, 19, 11, 56, 49, 22, 4, 32, 5, 18, 40, 58, 12, 63, 45, 47, 57, 50, 2, 43]
T2
客户端数：10	时间：0.002980947494506836	客户端：[41, 14, 34, 53, 12, 56, 26, 55, 59, 35]
客户端数：20	时间：0.003970623016357422	客户端：[41, 14, 34, 53, 12, 56, 26, 55, 59, 35, 57, 29, 46, 33, 54, 31, 4, 25, 17, 2]
客户端数：30	时间：0.004967927932739258	客户端：[41, 14, 34, 53, 12, 56, 26, 55, 59, 35, 57, 29, 46, 33, 54, 31, 4, 25, 17, 2, 15, 58, 64, 7, 45, 18, 40, 47, 49, 32]
客户端数：40	时间：0.006962776184082031	客户端：[41, 14, 34, 53, 12, 56, 26, 55, 59, 35, 57, 29, 46, 33, 54, 31, 4, 25, 17, 2, 15, 58, 64, 7, 45, 18, 40, 47, 49, 32, 20, 48, 11, 63, 61, 50, 38, 5, 24, 19]
客户端数：43	时间：0.0089569091796875	客户端：[41, 14, 34, 53, 12, 56, 26, 55, 59, 35, 57, 29, 46, 33, 54, 31, 4, 25, 17, 2, 15, 58, 64, 7, 45, 18, 40, 47, 49, 32, 20, 48, 11, 63, 61, 50, 38, 5, 24, 19, 22, 9, 44]
T3
客户端数：10	时间：13.497270822525024	客户端：[41, 14, 34, 53, 12, 56, 26, 55, 59, 35]
客户端数：20	时间：54.092227935791016	客户端：[41, 14, 34, 53, 12, 56, 26, 55, 59, 35, 57, 29, 46, 33, 54, 31, 4, 25, 17, 2]
客户端数：30	时间：121.08848524093628	客户端：[41, 14, 34, 53, 12, 56, 26, 55, 59, 35, 57, 29, 46, 33, 54, 31, 4, 25, 17, 2, 15, 58, 64, 7, 45, 18, 40, 47, 49, 32]
客户端数：40	时间：215.90918111801147	客户端：[41, 14, 34, 53, 12, 56, 26, 55, 59, 35, 57, 29, 46, 33, 54, 31, 4, 25, 17, 2, 15, 58, 64, 7, 45, 18, 40, 47, 49, 32, 20, 48, 11, 63, 61, 50, 38, 5, 24, 19]
客户端数：43	时间：250.2236819267273	客户端：[41, 14, 34, 53, 12, 56, 26, 55, 59, 35, 57, 29, 46, 33, 54, 31, 4, 25, 17, 2, 15, 58, 64, 7, 45, 18, 40, 47, 49, 32, 20, 48, 11, 63, 61, 50, 38, 5, 24, 19, 22, 9, 44]
BYTE
客户端数：10	字节数：3200000	客户端：[34, 59, 55, 24, 14, 41, 38, 64, 29, 46]
客户端数：20	字节数：6400000	客户端：[34, 59, 55, 24, 14, 41, 38, 64, 29, 46, 26, 61, 9, 44, 20, 54, 25, 31, 48, 16]
客户端数：30	字节数：9600000	客户端：[34, 59, 55, 24, 14, 41, 38, 64, 29, 46, 26, 61, 9, 44, 20, 54, 25, 31, 48, 16, 15, 53, 7, 35, 33, 17, 19, 11, 56, 49]
客户端数：40	字节数：12800000	客户端：[34, 59, 55, 24, 14, 41, 38, 64, 29, 46, 26, 61, 9, 44, 20, 54, 25, 31, 48, 16, 15, 53, 7, 35, 33, 17, 19, 11, 56, 49, 22, 4, 32, 5, 18, 40, 58, 12, 63, 45]
客户端数：45	字节数：14400000	客户端：[34, 59, 55, 24, 14, 41, 38, 64, 29, 46, 26, 61, 9, 44, 20, 54, 25, 31, 48, 16, 15, 53, 7, 35, 33, 17, 19, 11, 56, 49, 22, 4, 32, 5, 18, 40, 58, 12, 63, 45, 47, 57, 50, 2, 43]
PRO_LEN：320000
score：0.9653333333333334
loss rate：0.03466666666666662
finished iteration：2023-01-01 00:02:33.153499

Number of rounds 10
T1
客户端数：10	时间：0.004987001419067383	客户端：[34, 57, 56, 14, 46, 58, 35, 33, 47, 18]
客户端数：20	时间：0.0069828033447265625	客户端：[34, 57, 56, 14, 46, 58, 35, 33, 47, 18, 54, 32, 17, 40, 45, 31, 29, 11, 2, 59]
客户端数：30	时间：0.007978677749633789	客户端：[34, 57, 56, 14, 46, 58, 35, 33, 47, 18, 54, 32, 17, 40, 45, 31, 29, 11, 2, 59, 63, 48, 61, 50, 55, 4, 38, 12, 7, 41]
客户端数：40	时间：0.008976221084594727	客户端：[34, 57, 56, 14, 46, 58, 35, 33, 47, 18, 54, 32, 17, 40, 45, 31, 29, 11, 2, 59, 63, 48, 61, 50, 55, 4, 38, 12, 7, 41, 24, 53, 22, 26, 49, 5, 25, 20, 9, 44]
客户端数：41	时间：0.008976221084594727	客户端：[34, 57, 56, 14, 46, 58, 35, 33, 47, 18, 54, 32, 17, 40, 45, 31, 29, 11, 2, 59, 63, 48, 61, 50, 55, 4, 38, 12, 7, 41, 24, 53, 22, 26, 49, 5, 25, 20, 9, 44, 64]
T2
客户端数：10	时间：0.001994609832763672	客户端：[43, 16, 34, 41, 14, 53, 55, 26, 56, 57]
客户端数：20	时间：0.003989219665527344	客户端：[43, 16, 34, 41, 14, 53, 55, 26, 56, 57, 50, 38, 20, 25, 2, 61, 29, 32, 33, 45]
客户端数：30	时间：0.00498652458190918	客户端：[43, 16, 34, 41, 14, 53, 55, 26, 56, 57, 50, 38, 20, 25, 2, 61, 29, 32, 33, 45, 4, 48, 64, 18, 11, 44, 31, 5, 12, 59]
客户端数：40	时间：0.0069811344146728516	客户端：[43, 16, 34, 41, 14, 53, 55, 26, 56, 57, 50, 38, 20, 25, 2, 61, 29, 32, 33, 45, 4, 48, 64, 18, 11, 44, 31, 5, 12, 59, 35, 49, 47, 17, 63, 58, 7, 54, 24, 9]
客户端数：43	时间：0.0069811344146728516	客户端：[43, 16, 34, 41, 14, 53, 55, 26, 56, 57, 50, 38, 20, 25, 2, 61, 29, 32, 33, 45, 4, 48, 64, 18, 11, 44, 31, 5, 12, 59, 35, 49, 47, 17, 63, 58, 7, 54, 24, 9, 22, 40, 46]
T3
客户端数：10	时间：30.83587145805359	客户端：[43, 16, 34, 41, 14, 53, 55, 26, 56, 57]
客户端数：20	时间：32.08551836013794	客户端：[43, 16, 34, 41, 14, 53, 55, 26, 56, 57, 50, 38, 20, 25, 2, 61, 29, 32, 33, 45]
客户端数：30	时间：33.35311436653137	客户端：[43, 16, 34, 41, 14, 53, 55, 26, 56, 57, 50, 38, 20, 25, 2, 61, 29, 32, 33, 45, 4, 48, 64, 18, 11, 44, 31, 5, 12, 59]
客户端数：40	时间：34.639660596847534	客户端：[43, 16, 34, 41, 14, 53, 55, 26, 56, 57, 50, 38, 20, 25, 2, 61, 29, 32, 33, 45, 4, 48, 64, 18, 11, 44, 31, 5, 12, 59, 35, 49, 47, 17, 63, 58, 7, 54, 24, 9]
客户端数：43	时间：35.02961349487305	客户端：[43, 16, 34, 41, 14, 53, 55, 26, 56, 57, 50, 38, 20, 25, 2, 61, 29, 32, 33, 45, 4, 48, 64, 18, 11, 44, 31, 5, 12, 59, 35, 49, 47, 17, 63, 58, 7, 54, 24, 9, 22, 40, 46]
BYTE
客户端数：10	字节数：3200000	客户端：[34, 57, 56, 14, 46, 58, 35, 33, 47, 18]
客户端数：20	字节数：6400000	客户端：[34, 57, 56, 14, 46, 58, 35, 33, 47, 18, 54, 32, 17, 40, 45, 31, 29, 11, 2, 59]
客户端数：30	字节数：9600000	客户端：[34, 57, 56, 14, 46, 58, 35, 33, 47, 18, 54, 32, 17, 40, 45, 31, 29, 11, 2, 59, 63, 48, 61, 50, 55, 4, 38, 12, 7, 41]
客户端数：40	字节数：12800000	客户端：[34, 57, 56, 14, 46, 58, 35, 33, 47, 18, 54, 32, 17, 40, 45, 31, 29, 11, 2, 59, 63, 48, 61, 50, 55, 4, 38, 12, 7, 41, 24, 53, 22, 26, 49, 5, 25, 20, 9, 44]
客户端数：41	字节数：13120000	客户端：[34, 57, 56, 14, 46, 58, 35, 33, 47, 18, 54, 32, 17, 40, 45, 31, 29, 11, 2, 59, 63, 48, 61, 50, 55, 4, 38, 12, 7, 41, 24, 53, 22, 26, 49, 5, 25, 20, 9, 44, 64]
PRO_LEN：320000
score：0.9642539682539683
loss rate：0.03574603174603175
finished iteration：2023-01-01 00:02:49.077076

