Number of rounds 1
T1
客户端数：0	时间：0	客户端：[]
T2
客户端数：10	时间：0.0019953250885009766	客户端：[35, 52, 11, 40, 46, 28, 36, 30, 62, 8]
客户端数：20	时间：0.005984306335449219	客户端：[35, 52, 11, 40, 46, 28, 36, 30, 62, 8, 2, 7, 22, 12, 19, 25, 45, 17, 60, 37]
客户端数：30	时间：0.007979631423950195	客户端：[35, 52, 11, 40, 46, 28, 36, 30, 62, 8, 2, 7, 22, 12, 19, 25, 45, 17, 60, 37, 3, 50, 16, 14, 59, 64, 53, 6, 38, 48]
客户端数：40	时间：0.008978843688964844	客户端：[35, 52, 11, 40, 46, 28, 36, 30, 62, 8, 2, 7, 22, 12, 19, 25, 45, 17, 60, 37, 3, 50, 16, 14, 59, 64, 53, 6, 38, 48, 54, 18, 41, 49, 42, 55, 56, 34, 61, 31]
客户端数：50	时间：0.010985612869262695	客户端：[35, 52, 11, 40, 46, 28, 36, 30, 62, 8, 2, 7, 22, 12, 19, 25, 45, 17, 60, 37, 3, 50, 16, 14, 59, 64, 53, 6, 38, 48, 54, 18, 41, 49, 42, 55, 56, 34, 61, 31, 1, 9, 32, 24, 26, 47, 20, 33, 63, 58]
客户端数：58	时间：0.013978958129882812	客户端：[35, 52, 11, 40, 46, 28, 36, 30, 62, 8, 2, 7, 22, 12, 19, 25, 45, 17, 60, 37, 3, 50, 16, 14, 59, 64, 53, 6, 38, 48, 54, 18, 41, 49, 42, 55, 56, 34, 61, 31, 1, 9, 32, 24, 26, 47, 20, 33, 63, 58, 39, 13, 51, 27, 44, 21, 23, 10]
T3
客户端数：10	时间：13.629197359085083	客户端：[35, 52, 11, 40, 46, 28, 36, 30, 62, 8]
客户端数：20	时间：57.065072774887085	客户端：[35, 52, 11, 40, 46, 28, 36, 30, 62, 8, 2, 7, 22, 12, 19, 25, 45, 17, 60, 37]
客户端数：30	时间：130.52008247375488	客户端：[35, 52, 11, 40, 46, 28, 36, 30, 62, 8, 2, 7, 22, 12, 19, 25, 45, 17, 60, 37, 3, 50, 16, 14, 59, 64, 53, 6, 38, 48]
客户端数：40	时间：234.01820063591003	客户端：[35, 52, 11, 40, 46, 28, 36, 30, 62, 8, 2, 7, 22, 12, 19, 25, 45, 17, 60, 37, 3, 50, 16, 14, 59, 64, 53, 6, 38, 48, 54, 18, 41, 49, 42, 55, 56, 34, 61, 31]
客户端数：50	时间：367.2234306335449	客户端：[35, 52, 11, 40, 46, 28, 36, 30, 62, 8, 2, 7, 22, 12, 19, 25, 45, 17, 60, 37, 3, 50, 16, 14, 59, 64, 53, 6, 38, 48, 54, 18, 41, 49, 42, 55, 56, 34, 61, 31, 1, 9, 32, 24, 26, 47, 20, 33, 63, 58]
客户端数：58	时间：495.37508845329285	客户端：[35, 52, 11, 40, 46, 28, 36, 30, 62, 8, 2, 7, 22, 12, 19, 25, 45, 17, 60, 37, 3, 50, 16, 14, 59, 64, 53, 6, 38, 48, 54, 18, 41, 49, 42, 55, 56, 34, 61, 31, 1, 9, 32, 24, 26, 47, 20, 33, 63, 58, 39, 13, 51, 27, 44, 21, 23, 10]
BYTE
客户端数：0	字节数：0	客户端：[]
score：32682578.666666668
loss rate：-32682577.666666668
finished iteration：2023-01-01 00:00:13.524341

Number of rounds 2
T1
客户端数：0	时间：0	客户端：[]
T2
客户端数：10	时间：0.0	客户端：[11, 36, 40, 28, 13, 52, 35, 22, 25, 3]
客户端数：20	时间：0.0009970664978027344	客户端：[11, 36, 40, 28, 13, 52, 35, 22, 25, 3, 7, 39, 45, 60, 37, 1, 12, 26, 6, 49]
客户端数：30	时间：0.0019943714141845703	客户端：[11, 36, 40, 28, 13, 52, 35, 22, 25, 3, 7, 39, 45, 60, 37, 1, 12, 26, 6, 49, 54, 10, 64, 56, 58, 34, 18, 32, 41, 19]
客户端数：40	时间：0.004987001419067383	客户端：[11, 36, 40, 28, 13, 52, 35, 22, 25, 3, 7, 39, 45, 60, 37, 1, 12, 26, 6, 49, 54, 10, 64, 56, 58, 34, 18, 32, 41, 19, 63, 38, 48, 62, 9, 44, 27, 59, 21, 31]
客户端数：50	时间：0.004987001419067383	客户端：[11, 36, 40, 28, 13, 52, 35, 22, 25, 3, 7, 39, 45, 60, 37, 1, 12, 26, 6, 49, 54, 10, 64, 56, 58, 34, 18, 32, 41, 19, 63, 38, 48, 62, 9, 44, 27, 59, 21, 31, 20, 33, 23, 16, 55, 2, 30, 24, 61, 47]
客户端数：58	时间：0.004987001419067383	客户端：[11, 36, 40, 28, 13, 52, 35, 22, 25, 3, 7, 39, 45, 60, 37, 1, 12, 26, 6, 49, 54, 10, 64, 56, 58, 34, 18, 32, 41, 19, 63, 38, 48, 62, 9, 44, 27, 59, 21, 31, 20, 33, 23, 16, 55, 2, 30, 24, 61, 47, 50, 8, 46, 53, 51, 17, 14, 42]
T3
客户端数：10	时间：0.335498571395874	客户端：[11, 36, 40, 28, 13, 52, 35, 22, 25, 3]
客户端数：20	时间：0.7191176414489746	客户端：[11, 36, 40, 28, 13, 52, 35, 22, 25, 3, 7, 39, 45, 60, 37, 1, 12, 26, 6, 49]
客户端数：30	时间：1.1552143096923828	客户端：[11, 36, 40, 28, 13, 52, 35, 22, 25, 3, 7, 39, 45, 60, 37, 1, 12, 26, 6, 49, 54, 10, 64, 56, 58, 34, 18, 32, 41, 19]
客户端数：40	时间：1.6486718654632568	客户端：[11, 36, 40, 28, 13, 52, 35, 22, 25, 3, 7, 39, 45, 60, 37, 1, 12, 26, 6, 49, 54, 10, 64, 56, 58, 34, 18, 32, 41, 19, 63, 38, 48, 62, 9, 44, 27, 59, 21, 31]
客户端数：50	时间：2.19087815284729	客户端：[11, 36, 40, 28, 13, 52, 35, 22, 25, 3, 7, 39, 45, 60, 37, 1, 12, 26, 6, 49, 54, 10, 64, 56, 58, 34, 18, 32, 41, 19, 63, 38, 48, 62, 9, 44, 27, 59, 21, 31, 20, 33, 23, 16, 55, 2, 30, 24, 61, 47]
客户端数：58	时间：2.663529872894287	客户端：[11, 36, 40, 28, 13, 52, 35, 22, 25, 3, 7, 39, 45, 60, 37, 1, 12, 26, 6, 49, 54, 10, 64, 56, 58, 34, 18, 32, 41, 19, 63, 38, 48, 62, 9, 44, 27, 59, 21, 31, 20, 33, 23, 16, 55, 2, 30, 24, 61, 47, 50, 8, 46, 53, 51, 17, 14, 42]
BYTE
客户端数：0	字节数：0	客户端：[]
score：49417632.666666664
loss rate：-49417631.666666664
finished iteration：2023-01-01 00:00:35.383751

