Number of rounds 1
T1
客户端数：0	时间：0	客户端：[]
T2
客户端数：10	时间：0.000997781753540039	客户端：[55, 12, 41, 15, 39, 33, 45, 4, 20, 51]
客户端数：20	时间：0.000997781753540039	客户端：[55, 12, 41, 15, 39, 33, 45, 4, 20, 51, 26, 44, 17, 21, 27, 19, 61, 56, 32, 22]
客户端数：30	时间：0.000997781753540039	客户端：[55, 12, 41, 15, 39, 33, 45, 4, 20, 51, 26, 44, 17, 21, 27, 19, 61, 56, 32, 22, 10, 62, 59, 35, 24, 36, 64, 6, 42, 37]
客户端数：40	时间：0.000997781753540039	客户端：[55, 12, 41, 15, 39, 33, 45, 4, 20, 51, 26, 44, 17, 21, 27, 19, 61, 56, 32, 22, 10, 62, 59, 35, 24, 36, 64, 6, 42, 37, 8, 53, 63, 54, 30, 60, 9, 28, 2, 31]
客户端数：50	时间：0.000997781753540039	客户端：[55, 12, 41, 15, 39, 33, 45, 4, 20, 51, 26, 44, 17, 21, 27, 19, 61, 56, 32, 22, 10, 62, 59, 35, 24, 36, 64, 6, 42, 37, 8, 53, 63, 54, 30, 60, 9, 28, 2, 31, 11, 48, 46, 47, 49, 29, 52, 38, 25, 50]
客户端数：60	时间：0.000997781753540039	客户端：[55, 12, 41, 15, 39, 33, 45, 4, 20, 51, 26, 44, 17, 21, 27, 19, 61, 56, 32, 22, 10, 62, 59, 35, 24, 36, 64, 6, 42, 37, 8, 53, 63, 54, 30, 60, 9, 28, 2, 31, 11, 48, 46, 47, 49, 29, 52, 38, 25, 50, 1, 14, 5, 43, 13, 23, 7, 34, 57, 58]
客户端数：61	时间：0.000997781753540039	客户端：[55, 12, 41, 15, 39, 33, 45, 4, 20, 51, 26, 44, 17, 21, 27, 19, 61, 56, 32, 22, 10, 62, 59, 35, 24, 36, 64, 6, 42, 37, 8, 53, 63, 54, 30, 60, 9, 28, 2, 31, 11, 48, 46, 47, 49, 29, 52, 38, 25, 50, 1, 14, 5, 43, 13, 23, 7, 34, 57, 58, 40]
T3
客户端数：10	时间：7.604618310928345	客户端：[55, 12, 41, 15, 39, 33, 45, 4, 20, 51]
客户端数：20	时间：31.697256088256836	客户端：[55, 12, 41, 15, 39, 33, 45, 4, 20, 51, 26, 44, 17, 21, 27, 19, 61, 56, 32, 22]
客户端数：30	时间：72.20341658592224	客户端：[55, 12, 41, 15, 39, 33, 45, 4, 20, 51, 26, 44, 17, 21, 27, 19, 61, 56, 32, 22, 10, 62, 59, 35, 24, 36, 64, 6, 42, 37]
客户端数：40	时间：129.05830097198486	客户端：[55, 12, 41, 15, 39, 33, 45, 4, 20, 51, 26, 44, 17, 21, 27, 19, 61, 56, 32, 22, 10, 62, 59, 35, 24, 36, 64, 6, 42, 37, 8, 53, 63, 54, 30, 60, 9, 28, 2, 31]
客户端数：50	时间：202.93611359596252	客户端：[55, 12, 41, 15, 39, 33, 45, 4, 20, 51, 26, 44, 17, 21, 27, 19, 61, 56, 32, 22, 10, 62, 59, 35, 24, 36, 64, 6, 42, 37, 8, 53, 63, 54, 30, 60, 9, 28, 2, 31, 11, 48, 46, 47, 49, 29, 52, 38, 25, 50]
客户端数：60	时间：292.8904483318329	客户端：[55, 12, 41, 15, 39, 33, 45, 4, 20, 51, 26, 44, 17, 21, 27, 19, 61, 56, 32, 22, 10, 62, 59, 35, 24, 36, 64, 6, 42, 37, 8, 53, 63, 54, 30, 60, 9, 28, 2, 31, 11, 48, 46, 47, 49, 29, 52, 38, 25, 50, 1, 14, 5, 43, 13, 23, 7, 34, 57, 58]
客户端数：61	时间：302.76293659210205	客户端：[55, 12, 41, 15, 39, 33, 45, 4, 20, 51, 26, 44, 17, 21, 27, 19, 61, 56, 32, 22, 10, 62, 59, 35, 24, 36, 64, 6, 42, 37, 8, 53, 63, 54, 30, 60, 9, 28, 2, 31, 11, 48, 46, 47, 49, 29, 52, 38, 25, 50, 1, 14, 5, 43, 13, 23, 7, 34, 57, 58, 40]
BYTE
客户端数：0	字节数：0	客户端：[]
MAE：17465665.333333332
RMSE：17465665.335477598
finished iteration：2023-01-01 00:00:13.209169

Number of rounds 2
T1
客户端数：0	时间：0	客户端：[]
T2
客户端数：10	时间：0.0	客户端：[47, 15, 45, 12, 10, 56, 20, 26, 44, 61]
客户端数：20	时间：0.0	客户端：[47, 15, 45, 12, 10, 56, 20, 26, 44, 61, 17, 4, 43, 8, 41, 62, 22, 32, 40, 59]
客户端数：30	时间：0.0	客户端：[47, 15, 45, 12, 10, 56, 20, 26, 44, 61, 17, 4, 43, 8, 41, 62, 22, 32, 40, 59, 5, 24, 63, 25, 36, 21, 1, 35, 31, 14]
客户端数：40	时间：0.0009970664978027344	客户端：[47, 15, 45, 12, 10, 56, 20, 26, 44, 61, 17, 4, 43, 8, 41, 62, 22, 32, 40, 59, 5, 24, 63, 25, 36, 21, 1, 35, 31, 14, 57, 37, 29, 30, 60, 28, 54, 23, 46, 2]
客户端数：50	时间：0.002002716064453125	客户端：[47, 15, 45, 12, 10, 56, 20, 26, 44, 61, 17, 4, 43, 8, 41, 62, 22, 32, 40, 59, 5, 24, 63, 25, 36, 21, 1, 35, 31, 14, 57, 37, 29, 30, 60, 28, 54, 23, 46, 2, 58, 48, 11, 27, 50, 6, 38, 64, 39, 34]
客户端数：60	时间：0.002002716064453125	客户端：[47, 15, 45, 12, 10, 56, 20, 26, 44, 61, 17, 4, 43, 8, 41, 62, 22, 32, 40, 59, 5, 24, 63, 25, 36, 21, 1, 35, 31, 14, 57, 37, 29, 30, 60, 28, 54, 23, 46, 2, 58, 48, 11, 27, 50, 6, 38, 64, 39, 34, 7, 33, 19, 13, 53, 51, 49, 52, 9, 55]
T3
客户端数：10	时间：7.521041631698608	客户端：[47, 15, 45, 12, 10, 56, 20, 26, 44, 61]
客户端数：20	时间：31.64715552330017	客户端：[47, 15, 45, 12, 10, 56, 20, 26, 44, 61, 17, 4, 43, 8, 41, 62, 22, 32, 40, 59]
客户端数：30	时间：72.04579973220825	客户端：[47, 15, 45, 12, 10, 56, 20, 26, 44, 61, 17, 4, 43, 8, 41, 62, 22, 32, 40, 59, 5, 24, 63, 25, 36, 21, 1, 35, 31, 14]
客户端数：40	时间：128.78996562957764	客户端：[47, 15, 45, 12, 10, 56, 20, 26, 44, 61, 17, 4, 43, 8, 41, 62, 22, 32, 40, 59, 5, 24, 63, 25, 36, 21, 1, 35, 31, 14, 57, 37, 29, 30, 60, 28, 54, 23, 46, 2]
客户端数：50	时间：202.17150783538818	客户端：[47, 15, 45, 12, 10, 56, 20, 26, 44, 61, 17, 4, 43, 8, 41, 62, 22, 32, 40, 59, 5, 24, 63, 25, 36, 21, 1, 35, 31, 14, 57, 37, 29, 30, 60, 28, 54, 23, 46, 2, 58, 48, 11, 27, 50, 6, 38, 64, 39, 34]
客户端数：60	时间：292.14006781578064	客户端：[47, 15, 45, 12, 10, 56, 20, 26, 44, 61, 17, 4, 43, 8, 41, 62, 22, 32, 40, 59, 5, 24, 63, 25, 36, 21, 1, 35, 31, 14, 57, 37, 29, 30, 60, 28, 54, 23, 46, 2, 58, 48, 11, 27, 50, 6, 38, 64, 39, 34, 7, 33, 19, 13, 53, 51, 49, 52, 9, 55]
BYTE
客户端数：0	字节数：0	客户端：[]
MAE：128996742.0
RMSE：128996742.96396026
finished iteration：2023-01-01 00:00:34.328665

Number of rounds 3
T1
客户端数：0	时间：0	客户端：[]
T2
客户端数：10	时间：2.0742416381835938e-05	客户端：[42, 15, 51, 39, 17, 12, 56, 41, 33, 10]
客户端数：20	时间：0.0010180473327636719	客户端：[42, 15, 51, 39, 17, 12, 56, 41, 33, 10, 4, 21, 27, 59, 61, 44, 19, 62, 47, 55]
客户端数：30	时间：0.0010180473327636719	客户端：[42, 15, 51, 39, 17, 12, 56, 41, 33, 10, 4, 21, 27, 59, 61, 44, 19, 62, 47, 55, 32, 40, 5, 52, 24, 43, 64, 23, 45, 8]
客户端数：40	时间：0.0010180473327636719	客户端：[42, 15, 51, 39, 17, 12, 56, 41, 33, 10, 4, 21, 27, 59, 61, 44, 19, 62, 47, 55, 32, 40, 5, 52, 24, 43, 64, 23, 45, 8, 29, 35, 53, 14, 26, 31, 54, 30, 28, 11]
客户端数：50	时间：0.0010180473327636719	客户端：[42, 15, 51, 39, 17, 12, 56, 41, 33, 10, 4, 21, 27, 59, 61, 44, 19, 62, 47, 55, 32, 40, 5, 52, 24, 43, 64, 23, 45, 8, 29, 35, 53, 14, 26, 31, 54, 30, 28, 11, 63, 38, 13, 25, 50, 48, 20, 60, 2, 22]
客户端数：60	时间：0.0010180473327636719	客户端：[42, 15, 51, 39, 17, 12, 56, 41, 33, 10, 4, 21, 27, 59, 61, 44, 19, 62, 47, 55, 32, 40, 5, 52, 24, 43, 64, 23, 45, 8, 29, 35, 53, 14, 26, 31, 54, 30, 28, 11, 63, 38, 13, 25, 50, 48, 20, 60, 2, 22, 58, 49, 34, 57, 7, 9, 36, 6, 46, 37]
客户端数：61	时间：0.0010180473327636719	客户端：[42, 15, 51, 39, 17, 12, 56, 41, 33, 10, 4, 21, 27, 59, 61, 44, 19, 62, 47, 55, 32, 40, 5, 52, 24, 43, 64, 23, 45, 8, 29, 35, 53, 14, 26, 31, 54, 30, 28, 11, 63, 38, 13, 25, 50, 48, 20, 60, 2, 22, 58, 49, 34, 57, 7, 9, 36, 6, 46, 37, 1]
T3
客户端数：10	时间：16.243793487548828	客户端：[42, 15, 51, 39, 17, 12, 56, 41, 33, 10]
客户端数：20	时间：39.1438512802124	客户端：[42, 15, 51, 39, 17, 12, 56, 41, 33, 10, 4, 21, 27, 59, 61, 44, 19, 62, 47, 55]
客户端数：30	时间：78.4657735824585	客户端：[42, 15, 51, 39, 17, 12, 56, 41, 33, 10, 4, 21, 27, 59, 61, 44, 19, 62, 47, 55, 32, 40, 5, 52, 24, 43, 64, 23, 45, 8]
客户端数：40	时间：134.16146397590637	客户端：[42, 15, 51, 39, 17, 12, 56, 41, 33, 10, 4, 21, 27, 59, 61, 44, 19, 62, 47, 55, 32, 40, 5, 52, 24, 43, 64, 23, 45, 8, 29, 35, 53, 14, 26, 31, 54, 30, 28, 11]
客户端数：50	时间：206.55556774139404	客户端：[42, 15, 51, 39, 17, 12, 56, 41, 33, 10, 4, 21, 27, 59, 61, 44, 19, 62, 47, 55, 32, 40, 5, 52, 24, 43, 64, 23, 45, 8, 29, 35, 53, 14, 26, 31, 54, 30, 28, 11, 63, 38, 13, 25, 50, 48, 20, 60, 2, 22]
客户端数：60	时间：296.2931900024414	客户端：[42, 15, 51, 39, 17, 12, 56, 41, 33, 10, 4, 21, 27, 59, 61, 44, 19, 62, 47, 55, 32, 40, 5, 52, 24, 43, 64, 23, 45, 8, 29, 35, 53, 14, 26, 31, 54, 30, 28, 11, 63, 38, 13, 25, 50, 48, 20, 60, 2, 22, 58, 49, 34, 57, 7, 9, 36, 6, 46, 37]
客户端数：61	时间：306.174763917923	客户端：[42, 15, 51, 39, 17, 12, 56, 41, 33, 10, 4, 21, 27, 59, 61, 44, 19, 62, 47, 55, 32, 40, 5, 52, 24, 43, 64, 23, 45, 8, 29, 35, 53, 14, 26, 31, 54, 30, 28, 11, 63, 38, 13, 25, 50, 48, 20, 60, 2, 22, 58, 49, 34, 57, 7, 9, 36, 6, 46, 37, 1]
BYTE
客户端数：0	字节数：0	客户端：[]
MAE：125995456.66666667
RMSE：125999009.51970354
finished iteration：2023-01-01 00:00:55.564947

Number of rounds 4
T1
客户端数：0	时间：0	客户端：[]
T2
客户端数：10	时间：0.0009975433349609375	客户端：[47, 41, 39, 12, 56, 4, 26, 44, 10, 21]
客户端数：20	时间：0.0009975433349609375	客户端：[47, 41, 39, 12, 56, 4, 26, 44, 10, 21, 27, 51, 43, 1, 5, 62, 19, 40, 53, 49]
客户端数：30	时间：0.0009975433349609375	客户端：[47, 41, 39, 12, 56, 4, 26, 44, 10, 21, 27, 51, 43, 1, 5, 62, 19, 40, 53, 49, 20, 55, 59, 36, 57, 35, 29, 37, 22, 52]
客户端数：40	时间：0.0009975433349609375	客户端：[47, 41, 39, 12, 56, 4, 26, 44, 10, 21, 27, 51, 43, 1, 5, 62, 19, 40, 53, 49, 20, 55, 59, 36, 57, 35, 29, 37, 22, 52, 6, 54, 7, 64, 58, 25, 9, 50, 30, 11]
客户端数：50	时间：0.0009975433349609375	客户端：[47, 41, 39, 12, 56, 4, 26, 44, 10, 21, 27, 51, 43, 1, 5, 62, 19, 40, 53, 49, 20, 55, 59, 36, 57, 35, 29, 37, 22, 52, 6, 54, 7, 64, 58, 25, 9, 50, 30, 11, 61, 46, 31, 14, 13, 2, 34, 24, 33, 15]
客户端数：59	时间：0.0010039806365966797	客户端：[47, 41, 39, 12, 56, 4, 26, 44, 10, 21, 27, 51, 43, 1, 5, 62, 19, 40, 53, 49, 20, 55, 59, 36, 57, 35, 29, 37, 22, 52, 6, 54, 7, 64, 58, 25, 9, 50, 30, 11, 61, 46, 31, 14, 13, 2, 34, 24, 33, 15, 48, 45, 28, 23, 60, 8, 32, 17, 63]
T3
客户端数：10	时间：7.814267635345459	客户端：[47, 41, 39, 12, 56, 4, 26, 44, 10, 21]
客户端数：20	时间：32.563740730285645	客户端：[47, 41, 39, 12, 56, 4, 26, 44, 10, 21, 27, 51, 43, 1, 5, 62, 19, 40, 53, 49]
客户端数：30	时间：73.81434798240662	客户端：[47, 41, 39, 12, 56, 4, 26, 44, 10, 21, 27, 51, 43, 1, 5, 62, 19, 40, 53, 49, 20, 55, 59, 36, 57, 35, 29, 37, 22, 52]
客户端数：40	时间：131.4359872341156	客户端：[47, 41, 39, 12, 56, 4, 26, 44, 10, 21, 27, 51, 43, 1, 5, 62, 19, 40, 53, 49, 20, 55, 59, 36, 57, 35, 29, 37, 22, 52, 6, 54, 7, 64, 58, 25, 9, 50, 30, 11]
客户端数：50	时间：205.40669083595276	客户端：[47, 41, 39, 12, 56, 4, 26, 44, 10, 21, 27, 51, 43, 1, 5, 62, 19, 40, 53, 49, 20, 55, 59, 36, 57, 35, 29, 37, 22, 52, 6, 54, 7, 64, 58, 25, 9, 50, 30, 11, 61, 46, 31, 14, 13, 2, 34, 24, 33, 15]
客户端数：59	时间：286.2537350654602	客户端：[47, 41, 39, 12, 56, 4, 26, 44, 10, 21, 27, 51, 43, 1, 5, 62, 19, 40, 53, 49, 20, 55, 59, 36, 57, 35, 29, 37, 22, 52, 6, 54, 7, 64, 58, 25, 9, 50, 30, 11, 61, 46, 31, 14, 13, 2, 34, 24, 33, 15, 48, 45, 28, 23, 60, 8, 32, 17, 63]
BYTE
客户端数：0	字节数：0	客户端：[]
MAE：99139863.96923077
RMSE：99410061.93849069
finished iteration：2023-01-01 00:01:16.947611

Number of rounds 5
T1
客户端数：0	时间：0	客户端：[]
T2
客户端数：10	时间：0.0	客户端：[15, 12, 41, 45, 4, 39, 10, 20, 27, 51]
客户端数：20	时间：0.0	客户端：[15, 12, 41, 45, 4, 39, 10, 20, 27, 51, 19, 26, 1, 62, 44, 63, 6, 22, 49, 21]
客户端数：30	时间：0.0	客户端：[15, 12, 41, 45, 4, 39, 10, 20, 27, 51, 19, 26, 1, 62, 44, 63, 6, 22, 49, 21, 53, 36, 14, 57, 31, 23, 54, 28, 9, 46]
客户端数：40	时间：0.0019960403442382812	客户端：[15, 12, 41, 45, 4, 39, 10, 20, 27, 51, 19, 26, 1, 62, 44, 63, 6, 22, 49, 21, 53, 36, 14, 57, 31, 23, 54, 28, 9, 46, 60, 34, 35, 5, 11, 7, 50, 43, 30, 33]
客户端数：50	时间：0.0019960403442382812	客户端：[15, 12, 41, 45, 4, 39, 10, 20, 27, 51, 19, 26, 1, 62, 44, 63, 6, 22, 49, 21, 53, 36, 14, 57, 31, 23, 54, 28, 9, 46, 60, 34, 35, 5, 11, 7, 50, 43, 30, 33, 52, 24, 2, 25, 61, 37, 47, 64, 8, 59]
客户端数：59	时间：0.0019960403442382812	客户端：[15, 12, 41, 45, 4, 39, 10, 20, 27, 51, 19, 26, 1, 62, 44, 63, 6, 22, 49, 21, 53, 36, 14, 57, 31, 23, 54, 28, 9, 46, 60, 34, 35, 5, 11, 7, 50, 43, 30, 33, 52, 24, 2, 25, 61, 37, 47, 64, 8, 59, 29, 48, 32, 55, 56, 13, 17, 40, 38]
T3
客户端数：10	时间：7.272242069244385	客户端：[15, 12, 41, 45, 4, 39, 10, 20, 27, 51]
客户端数：20	时间：30.25274634361267	客户端：[15, 12, 41, 45, 4, 39, 10, 20, 27, 51, 19, 26, 1, 62, 44, 63, 6, 22, 49, 21]
客户端数：30	时间：69.74732732772827	客户端：[15, 12, 41, 45, 4, 39, 10, 20, 27, 51, 19, 26, 1, 62, 44, 63, 6, 22, 49, 21, 53, 36, 14, 57, 31, 23, 54, 28, 9, 46]
客户端数：40	时间：126.13035678863525	客户端：[15, 12, 41, 45, 4, 39, 10, 20, 27, 51, 19, 26, 1, 62, 44, 63, 6, 22, 49, 21, 53, 36, 14, 57, 31, 23, 54, 28, 9, 46, 60, 34, 35, 5, 11, 7, 50, 43, 30, 33]
客户端数：50	时间：198.88036012649536	客户端：[15, 12, 41, 45, 4, 39, 10, 20, 27, 51, 19, 26, 1, 62, 44, 63, 6, 22, 49, 21, 53, 36, 14, 57, 31, 23, 54, 28, 9, 46, 60, 34, 35, 5, 11, 7, 50, 43, 30, 33, 52, 24, 2, 25, 61, 37, 47, 64, 8, 59]
客户端数：59	时间：296.81895995140076	客户端：[15, 12, 41, 45, 4, 39, 10, 20, 27, 51, 19, 26, 1, 62, 44, 63, 6, 22, 49, 21, 53, 36, 14, 57, 31, 23, 54, 28, 9, 46, 60, 34, 35, 5, 11, 7, 50, 43, 30, 33, 52, 24, 2, 25, 61, 37, 47, 64, 8, 59, 29, 48, 32, 55, 56, 13, 17, 40, 38]
BYTE
客户端数：0	字节数：0	客户端：[]
MAE：107599695.23076923
RMSE：107998810.29062381
finished iteration：2023-01-01 00:01:38.399393

Number of rounds 6
T1
客户端数：0	时间：0	客户端：[]
T2
客户端数：10	时间：0.001995086669921875	客户端：[55, 41, 51, 12, 17, 45, 39, 33, 4, 15]
客户端数：20	时间：0.001995086669921875	客户端：[55, 41, 51, 12, 17, 45, 39, 33, 4, 15, 56, 26, 61, 21, 27, 43, 59, 8, 19, 62]
客户端数：30	时间：0.001995086669921875	客户端：[55, 41, 51, 12, 17, 45, 39, 33, 4, 15, 56, 26, 61, 21, 27, 43, 59, 8, 19, 62, 32, 53, 1, 47, 52, 49, 24, 64, 36, 20]
客户端数：40	时间：0.001995086669921875	客户端：[55, 41, 51, 12, 17, 45, 39, 33, 4, 15, 56, 26, 61, 21, 27, 43, 59, 8, 19, 62, 32, 53, 1, 47, 52, 49, 24, 64, 36, 20, 37, 35, 25, 29, 6, 14, 13, 34, 31, 23]
客户端数：50	时间：0.001995086669921875	客户端：[55, 41, 51, 12, 17, 45, 39, 33, 4, 15, 56, 26, 61, 21, 27, 43, 59, 8, 19, 62, 32, 53, 1, 47, 52, 49, 24, 64, 36, 20, 37, 35, 25, 29, 6, 14, 13, 34, 31, 23, 9, 57, 60, 11, 48, 46, 30, 28, 2, 5]
客户端数：55	时间：0.001995086669921875	客户端：[55, 41, 51, 12, 17, 45, 39, 33, 4, 15, 56, 26, 61, 21, 27, 43, 59, 8, 19, 62, 32, 53, 1, 47, 52, 49, 24, 64, 36, 20, 37, 35, 25, 29, 6, 14, 13, 34, 31, 23, 9, 57, 60, 11, 48, 46, 30, 28, 2, 5, 7, 50, 44, 22, 63]
T3
客户端数：10	时间：7.7685534954071045	客户端：[55, 41, 51, 12, 17, 45, 39, 33, 4, 15]
客户端数：20	时间：31.78238344192505	客户端：[55, 41, 51, 12, 17, 45, 39, 33, 4, 15, 56, 26, 61, 21, 27, 43, 59, 8, 19, 62]
客户端数：30	时间：72.4735426902771	客户端：[55, 41, 51, 12, 17, 45, 39, 33, 4, 15, 56, 26, 61, 21, 27, 43, 59, 8, 19, 62, 32, 53, 1, 47, 52, 49, 24, 64, 36, 20]
客户端数：40	时间：129.5990970134735	客户端：[55, 41, 51, 12, 17, 45, 39, 33, 4, 15, 56, 26, 61, 21, 27, 43, 59, 8, 19, 62, 32, 53, 1, 47, 52, 49, 24, 64, 36, 20, 37, 35, 25, 29, 6, 14, 13, 34, 31, 23]
客户端数：50	时间：202.78247928619385	客户端：[55, 41, 51, 12, 17, 45, 39, 33, 4, 15, 56, 26, 61, 21, 27, 43, 59, 8, 19, 62, 32, 53, 1, 47, 52, 49, 24, 64, 36, 20, 37, 35, 25, 29, 6, 14, 13, 34, 31, 23, 9, 57, 60, 11, 48, 46, 30, 28, 2, 5]
客户端数：55	时间：245.53738927841187	客户端：[55, 41, 51, 12, 17, 45, 39, 33, 4, 15, 56, 26, 61, 21, 27, 43, 59, 8, 19, 62, 32, 53, 1, 47, 52, 49, 24, 64, 36, 20, 37, 35, 25, 29, 6, 14, 13, 34, 31, 23, 9, 57, 60, 11, 48, 46, 30, 28, 2, 5, 7, 50, 44, 22, 63]
BYTE
客户端数：0	字节数：0	客户端：[]
MAE：88953268.8102564
RMSE：88962327.32948844
finished iteration：2023-01-01 00:01:59.878212

Number of rounds 7
T1
客户端数：0	时间：0	客户端：[]
T2
客户端数：10	时间：0.0	客户端：[47, 12, 55, 15, 39, 45, 51, 17, 33, 20]
客户端数：20	时间：0.000997304916381836	客户端：[47, 12, 55, 15, 39, 45, 51, 17, 33, 20, 26, 21, 61, 43, 19, 27, 56, 32, 24, 6]
客户端数：30	时间：0.000997304916381836	客户端：[47, 12, 55, 15, 39, 45, 51, 17, 33, 20, 26, 21, 61, 43, 19, 27, 56, 32, 24, 6, 64, 44, 36, 23, 52, 25, 35, 53, 57, 22]
客户端数：40	时间：0.000997304916381836	客户端：[47, 12, 55, 15, 39, 45, 51, 17, 33, 20, 26, 21, 61, 43, 19, 27, 56, 32, 24, 6, 64, 44, 36, 23, 52, 25, 35, 53, 57, 22, 31, 63, 30, 50, 59, 7, 9, 28, 11, 29]
客户端数：50	时间：0.000997304916381836	客户端：[47, 12, 55, 15, 39, 45, 51, 17, 33, 20, 26, 21, 61, 43, 19, 27, 56, 32, 24, 6, 64, 44, 36, 23, 52, 25, 35, 53, 57, 22, 31, 63, 30, 50, 59, 7, 9, 28, 11, 29, 37, 8, 46, 4, 48, 41, 13, 14, 5, 34]
客户端数：56	时间：0.000997304916381836	客户端：[47, 12, 55, 15, 39, 45, 51, 17, 33, 20, 26, 21, 61, 43, 19, 27, 56, 32, 24, 6, 64, 44, 36, 23, 52, 25, 35, 53, 57, 22, 31, 63, 30, 50, 59, 7, 9, 28, 11, 29, 37, 8, 46, 4, 48, 41, 13, 14, 5, 34, 49, 1, 60, 54, 2, 62]
T3
客户端数：10	时间：7.87708592414856	客户端：[47, 12, 55, 15, 39, 45, 51, 17, 33, 20]
客户端数：20	时间：32.56058645248413	客户端：[47, 12, 55, 15, 39, 45, 51, 17, 33, 20, 26, 21, 61, 43, 19, 27, 56, 32, 24, 6]
客户端数：30	时间：74.40774726867676	客户端：[47, 12, 55, 15, 39, 45, 51, 17, 33, 20, 26, 21, 61, 43, 19, 27, 56, 32, 24, 6, 64, 44, 36, 23, 52, 25, 35, 53, 57, 22]
客户端数：40	时间：132.69211745262146	客户端：[47, 12, 55, 15, 39, 45, 51, 17, 33, 20, 26, 21, 61, 43, 19, 27, 56, 32, 24, 6, 64, 44, 36, 23, 52, 25, 35, 53, 57, 22, 31, 63, 30, 50, 59, 7, 9, 28, 11, 29]
客户端数：50	时间：207.3318395614624	客户端：[47, 12, 55, 15, 39, 45, 51, 17, 33, 20, 26, 21, 61, 43, 19, 27, 56, 32, 24, 6, 64, 44, 36, 23, 52, 25, 35, 53, 57, 22, 31, 63, 30, 50, 59, 7, 9, 28, 11, 29, 37, 8, 46, 4, 48, 41, 13, 14, 5, 34]
客户端数：56	时间：278.82765555381775	客户端：[47, 12, 55, 15, 39, 45, 51, 17, 33, 20, 26, 21, 61, 43, 19, 27, 56, 32, 24, 6, 64, 44, 36, 23, 52, 25, 35, 53, 57, 22, 31, 63, 30, 50, 59, 7, 9, 28, 11, 29, 37, 8, 46, 4, 48, 41, 13, 14, 5, 34, 49, 1, 60, 54, 2, 62]
BYTE
客户端数：0	字节数：0	客户端：[]
MAE：101160337.97948718
RMSE：101285658.025903
finished iteration：2023-01-01 00:02:21.435070

Number of rounds 8
T1
客户端数：0	时间：0	客户端：[]
T2
客户端数：10	时间：0.0	客户端：[47, 12, 55, 51, 39, 45, 56, 33, 15, 20]
客户端数：20	时间：0.0	客户端：[47, 12, 55, 51, 39, 45, 56, 33, 15, 20, 26, 4, 44, 61, 59, 8, 1, 17, 53, 5]
客户端数：30	时间：0.0	客户端：[47, 12, 55, 51, 39, 45, 56, 33, 15, 20, 26, 4, 44, 61, 59, 8, 1, 17, 53, 5, 41, 36, 52, 37, 14, 6, 31, 23, 60, 49]
客户端数：40	时间：0.0	客户端：[47, 12, 55, 51, 39, 45, 56, 33, 15, 20, 26, 4, 44, 61, 59, 8, 1, 17, 53, 5, 41, 36, 52, 37, 14, 6, 31, 23, 60, 49, 2, 28, 19, 7, 48, 11, 27, 30, 21, 64]
客户端数：50	时间：1.2874603271484375e-05	客户端：[47, 12, 55, 51, 39, 45, 56, 33, 15, 20, 26, 4, 44, 61, 59, 8, 1, 17, 53, 5, 41, 36, 52, 37, 14, 6, 31, 23, 60, 49, 2, 28, 19, 7, 48, 11, 27, 30, 21, 64, 43, 57, 63, 50, 32, 29, 62, 9, 22, 46]
客户端数：54	时间：1.2874603271484375e-05	客户端：[47, 12, 55, 51, 39, 45, 56, 33, 15, 20, 26, 4, 44, 61, 59, 8, 1, 17, 53, 5, 41, 36, 52, 37, 14, 6, 31, 23, 60, 49, 2, 28, 19, 7, 48, 11, 27, 30, 21, 64, 43, 57, 63, 50, 32, 29, 62, 9, 22, 46, 34, 35, 25, 13]
T3
客户端数：10	时间：7.818380832672119	客户端：[47, 12, 55, 51, 39, 45, 56, 33, 15, 20]
客户端数：20	时间：31.829571962356567	客户端：[47, 12, 55, 51, 39, 45, 56, 33, 15, 20, 26, 4, 44, 61, 59, 8, 1, 17, 53, 5]
客户端数：30	时间：71.7924153804779	客户端：[47, 12, 55, 51, 39, 45, 56, 33, 15, 20, 26, 4, 44, 61, 59, 8, 1, 17, 53, 5, 41, 36, 52, 37, 14, 6, 31, 23, 60, 49]
客户端数：40	时间：127.62809753417969	客户端：[47, 12, 55, 51, 39, 45, 56, 33, 15, 20, 26, 4, 44, 61, 59, 8, 1, 17, 53, 5, 41, 36, 52, 37, 14, 6, 31, 23, 60, 49, 2, 28, 19, 7, 48, 11, 27, 30, 21, 64]
客户端数：50	时间：199.3119878768921	客户端：[47, 12, 55, 51, 39, 45, 56, 33, 15, 20, 26, 4, 44, 61, 59, 8, 1, 17, 53, 5, 41, 36, 52, 37, 14, 6, 31, 23, 60, 49, 2, 28, 19, 7, 48, 11, 27, 30, 21, 64, 43, 57, 63, 50, 32, 29, 62, 9, 22, 46]
客户端数：54	时间：232.46785283088684	客户端：[47, 12, 55, 51, 39, 45, 56, 33, 15, 20, 26, 4, 44, 61, 59, 8, 1, 17, 53, 5, 41, 36, 52, 37, 14, 6, 31, 23, 60, 49, 2, 28, 19, 7, 48, 11, 27, 30, 21, 64, 43, 57, 63, 50, 32, 29, 62, 9, 22, 46, 34, 35, 25, 13]
BYTE
客户端数：0	字节数：0	客户端：[]
MAE：93322596.8102564
RMSE：93452722.37418564
finished iteration：2023-01-01 00:02:42.952944

Number of rounds 9
T1
客户端数：0	时间：0	客户端：[]
T2
客户端数：10	时间：0.0	客户端：[24, 51, 15, 17, 55, 47, 33, 12, 56, 19]
客户端数：20	时间：0.000997304916381836	客户端：[24, 51, 15, 17, 55, 47, 33, 12, 56, 19, 21, 4, 43, 26, 27, 8, 59, 61, 20, 63]
客户端数：30	时间：0.001994609832763672	客户端：[24, 51, 15, 17, 55, 47, 33, 12, 56, 19, 21, 4, 43, 26, 27, 8, 59, 61, 20, 63, 52, 62, 6, 53, 41, 22, 14, 36, 57, 13]
客户端数：40	时间：0.001994609832763672	客户端：[24, 51, 15, 17, 55, 47, 33, 12, 56, 19, 21, 4, 43, 26, 27, 8, 59, 61, 20, 63, 52, 62, 6, 53, 41, 22, 14, 36, 57, 13, 60, 31, 49, 50, 29, 28, 2, 48, 25, 30]
客户端数：50	时间：0.001994609832763672	客户端：[24, 51, 15, 17, 55, 47, 33, 12, 56, 19, 21, 4, 43, 26, 27, 8, 59, 61, 20, 63, 52, 62, 6, 53, 41, 22, 14, 36, 57, 13, 60, 31, 49, 50, 29, 28, 2, 48, 25, 30, 9, 11, 7, 34, 39, 5, 35, 1, 46, 37]
客户端数：54	时间：0.001994609832763672	客户端：[24, 51, 15, 17, 55, 47, 33, 12, 56, 19, 21, 4, 43, 26, 27, 8, 59, 61, 20, 63, 52, 62, 6, 53, 41, 22, 14, 36, 57, 13, 60, 31, 49, 50, 29, 28, 2, 48, 25, 30, 9, 11, 7, 34, 39, 5, 35, 1, 46, 37, 32, 23, 45, 44]
T3
客户端数：10	时间：14.778838157653809	客户端：[24, 51, 15, 17, 55, 47, 33, 12, 56, 19]
客户端数：20	时间：37.07348322868347	客户端：[24, 51, 15, 17, 55, 47, 33, 12, 56, 19, 21, 4, 43, 26, 27, 8, 59, 61, 20, 63]
客户端数：30	时间：75.80633497238159	客户端：[24, 51, 15, 17, 55, 47, 33, 12, 56, 19, 21, 4, 43, 26, 27, 8, 59, 61, 20, 63, 52, 62, 6, 53, 41, 22, 14, 36, 57, 13]
客户端数：40	时间：131.70464181900024	客户端：[24, 51, 15, 17, 55, 47, 33, 12, 56, 19, 21, 4, 43, 26, 27, 8, 59, 61, 20, 63, 52, 62, 6, 53, 41, 22, 14, 36, 57, 13, 60, 31, 49, 50, 29, 28, 2, 48, 25, 30]
客户端数：50	时间：203.3915958404541	客户端：[24, 51, 15, 17, 55, 47, 33, 12, 56, 19, 21, 4, 43, 26, 27, 8, 59, 61, 20, 63, 52, 62, 6, 53, 41, 22, 14, 36, 57, 13, 60, 31, 49, 50, 29, 28, 2, 48, 25, 30, 9, 11, 7, 34, 39, 5, 35, 1, 46, 37]
客户端数：54	时间：236.41204810142517	客户端：[24, 51, 15, 17, 55, 47, 33, 12, 56, 19, 21, 4, 43, 26, 27, 8, 59, 61, 20, 63, 52, 62, 6, 53, 41, 22, 14, 36, 57, 13, 60, 31, 49, 50, 29, 28, 2, 48, 25, 30, 9, 11, 7, 34, 39, 5, 35, 1, 46, 37, 32, 23, 45, 44]
BYTE
客户端数：0	字节数：0	客户端：[]
MAE：108992995.66153847
RMSE：109332137.54243845
finished iteration：2023-01-01 00:03:04.784711

Number of rounds 10
T1
客户端数：0	时间：0	客户端：[]
T2
客户端数：10	时间：0.0	客户端：[55, 15, 41, 12, 4, 47, 56, 51, 33, 20]
客户端数：20	时间：0.000997304916381836	客户端：[55, 15, 41, 12, 4, 47, 56, 51, 33, 20, 26, 44, 45, 39, 62, 32, 19, 22, 61, 63]
客户端数：30	时间：0.000997304916381836	客户端：[55, 15, 41, 12, 4, 47, 56, 51, 33, 20, 26, 44, 45, 39, 62, 32, 19, 22, 61, 63, 1, 35, 43, 36, 52, 23, 29, 25, 7, 14]
客户端数：40	时间：0.0029921531677246094	客户端：[55, 15, 41, 12, 4, 47, 56, 51, 33, 20, 26, 44, 45, 39, 62, 32, 19, 22, 61, 63, 1, 35, 43, 36, 52, 23, 29, 25, 7, 14, 28, 2, 31, 8, 46, 13, 9, 50, 48, 57]
客户端数：50	时间：0.0029921531677246094	客户端：[55, 15, 41, 12, 4, 47, 56, 51, 33, 20, 26, 44, 45, 39, 62, 32, 19, 22, 61, 63, 1, 35, 43, 36, 52, 23, 29, 25, 7, 14, 28, 2, 31, 8, 46, 13, 9, 50, 48, 57, 49, 59, 5, 17, 6, 37, 27, 21, 34, 53]
T3
客户端数：10	时间：7.608308792114258	客户端：[55, 15, 41, 12, 4, 47, 56, 51, 33, 20]
客户端数：20	时间：31.638608694076538	客户端：[55, 15, 41, 12, 4, 47, 56, 51, 33, 20, 26, 44, 45, 39, 62, 32, 19, 22, 61, 63]
客户端数：30	时间：71.57259130477905	客户端：[55, 15, 41, 12, 4, 47, 56, 51, 33, 20, 26, 44, 45, 39, 62, 32, 19, 22, 61, 63, 1, 35, 43, 36, 52, 23, 29, 25, 7, 14]
客户端数：40	时间：127.9349615573883	客户端：[55, 15, 41, 12, 4, 47, 56, 51, 33, 20, 26, 44, 45, 39, 62, 32, 19, 22, 61, 63, 1, 35, 43, 36, 52, 23, 29, 25, 7, 14, 28, 2, 31, 8, 46, 13, 9, 50, 48, 57]
客户端数：50	时间：201.3675947189331	客户端：[55, 15, 41, 12, 4, 47, 56, 51, 33, 20, 26, 44, 45, 39, 62, 32, 19, 22, 61, 63, 1, 35, 43, 36, 52, 23, 29, 25, 7, 14, 28, 2, 31, 8, 46, 13, 9, 50, 48, 57, 49, 59, 5, 17, 6, 37, 27, 21, 34, 53]
BYTE
客户端数：0	字节数：0	客户端：[]
MAE：94325656.58461538
RMSE：95076164.39016028
finished iteration：2023-01-01 00:03:26.392808

Number of rounds 11
T1
客户端数：0	时间：0	客户端：[]
T2
客户端数：10	时间：0.0	客户端：[60, 11, 12, 47, 45, 41, 51, 17, 15, 26]
客户端数：20	时间：0.0	客户端：[60, 11, 12, 47, 45, 41, 51, 17, 15, 26, 4, 21, 44, 27, 33, 39, 20, 19, 43, 32]
客户端数：30	时间：0.0	客户端：[60, 11, 12, 47, 45, 41, 51, 17, 15, 26, 4, 21, 44, 27, 33, 39, 20, 19, 43, 32, 56, 63, 59, 62, 36, 53, 6, 37, 7, 2]
客户端数：40	时间：0.0	客户端：[60, 11, 12, 47, 45, 41, 51, 17, 15, 26, 4, 21, 44, 27, 33, 39, 20, 19, 43, 32, 56, 63, 59, 62, 36, 53, 6, 37, 7, 2, 23, 28, 13, 25, 48, 14, 22, 57, 34, 1]
客户端数：50	时间：0.0	客户端：[60, 11, 12, 47, 45, 41, 51, 17, 15, 26, 4, 21, 44, 27, 33, 39, 20, 19, 43, 32, 56, 63, 59, 62, 36, 53, 6, 37, 7, 2, 23, 28, 13, 25, 48, 14, 22, 57, 34, 1, 29, 9, 55, 8, 52, 61, 49, 5, 50, 35]
客户端数：53	时间：0.0	客户端：[60, 11, 12, 47, 45, 41, 51, 17, 15, 26, 4, 21, 44, 27, 33, 39, 20, 19, 43, 32, 56, 63, 59, 62, 36, 53, 6, 37, 7, 2, 23, 28, 13, 25, 48, 14, 22, 57, 34, 1, 29, 9, 55, 8, 52, 61, 49, 5, 50, 35, 30, 46, 31]
T3
客户端数：10	时间：25.020838499069214	客户端：[60, 11, 12, 47, 45, 41, 51, 17, 15, 26]
客户端数：20	时间：45.792598247528076	客户端：[60, 11, 12, 47, 45, 41, 51, 17, 15, 26, 4, 21, 44, 27, 33, 39, 20, 19, 43, 32]
客户端数：30	时间：82.70024871826172	客户端：[60, 11, 12, 47, 45, 41, 51, 17, 15, 26, 4, 21, 44, 27, 33, 39, 20, 19, 43, 32, 56, 63, 59, 62, 36, 53, 6, 37, 7, 2]
客户端数：40	时间：135.7604684829712	客户端：[60, 11, 12, 47, 45, 41, 51, 17, 15, 26, 4, 21, 44, 27, 33, 39, 20, 19, 43, 32, 56, 63, 59, 62, 36, 53, 6, 37, 7, 2, 23, 28, 13, 25, 48, 14, 22, 57, 34, 1]
客户端数：50	时间：206.19606757164001	客户端：[60, 11, 12, 47, 45, 41, 51, 17, 15, 26, 4, 21, 44, 27, 33, 39, 20, 19, 43, 32, 56, 63, 59, 62, 36, 53, 6, 37, 7, 2, 23, 28, 13, 25, 48, 14, 22, 57, 34, 1, 29, 9, 55, 8, 52, 61, 49, 5, 50, 35]
客户端数：53	时间：249.4731776714325	客户端：[60, 11, 12, 47, 45, 41, 51, 17, 15, 26, 4, 21, 44, 27, 33, 39, 20, 19, 43, 32, 56, 63, 59, 62, 36, 53, 6, 37, 7, 2, 23, 28, 13, 25, 48, 14, 22, 57, 34, 1, 29, 9, 55, 8, 52, 61, 49, 5, 50, 35, 30, 46, 31]
BYTE
客户端数：0	字节数：0	客户端：[]
MAE：99007102.45128205
RMSE：99112069.4770874
finished iteration：2023-01-01 00:03:48.131547

Number of rounds 12
T1
客户端数：0	时间：0	客户端：[]
T2
客户端数：10	时间：0.0	客户端：[55, 47, 51, 17, 15, 12, 56, 33, 20, 26]
客户端数：20	时间：0.0	客户端：[55, 47, 51, 17, 15, 12, 56, 33, 20, 26, 21, 61, 4, 45, 27, 19, 1, 41, 59, 22]
客户端数：30	时间：0.0	客户端：[55, 47, 51, 17, 15, 12, 56, 33, 20, 26, 21, 61, 4, 45, 27, 19, 1, 41, 59, 22, 8, 5, 63, 52, 6, 14, 36, 53, 29, 7]
客户端数：40	时间：0.0	客户端：[55, 47, 51, 17, 15, 12, 56, 33, 20, 26, 21, 61, 4, 45, 27, 19, 1, 41, 59, 22, 8, 5, 63, 52, 6, 14, 36, 53, 29, 7, 44, 28, 2, 46, 25, 50, 23, 9, 39, 35]
客户端数：50	时间：0.0	客户端：[55, 47, 51, 17, 15, 12, 56, 33, 20, 26, 21, 61, 4, 45, 27, 19, 1, 41, 59, 22, 8, 5, 63, 52, 6, 14, 36, 53, 29, 7, 44, 28, 2, 46, 25, 50, 23, 9, 39, 35, 31, 34, 48, 57, 13, 49, 32, 43, 37, 62]
T3
客户端数：10	时间：7.540078163146973	客户端：[55, 47, 51, 17, 15, 12, 56, 33, 20, 26]
客户端数：20	时间：31.232720375061035	客户端：[55, 47, 51, 17, 15, 12, 56, 33, 20, 26, 21, 61, 4, 45, 27, 19, 1, 41, 59, 22]
客户端数：30	时间：71.52923011779785	客户端：[55, 47, 51, 17, 15, 12, 56, 33, 20, 26, 21, 61, 4, 45, 27, 19, 1, 41, 59, 22, 8, 5, 63, 52, 6, 14, 36, 53, 29, 7]
客户端数：40	时间：128.8313021659851	客户端：[55, 47, 51, 17, 15, 12, 56, 33, 20, 26, 21, 61, 4, 45, 27, 19, 1, 41, 59, 22, 8, 5, 63, 52, 6, 14, 36, 53, 29, 7, 44, 28, 2, 46, 25, 50, 23, 9, 39, 35]
客户端数：50	时间：202.3510937690735	客户端：[55, 47, 51, 17, 15, 12, 56, 33, 20, 26, 21, 61, 4, 45, 27, 19, 1, 41, 59, 22, 8, 5, 63, 52, 6, 14, 36, 53, 29, 7, 44, 28, 2, 46, 25, 50, 23, 9, 39, 35, 31, 34, 48, 57, 13, 49, 32, 43, 37, 62]
BYTE
客户端数：0	字节数：0	客户端：[]
MAE：91621420.52307692
RMSE：91908762.66411902
finished iteration：2023-01-01 00:04:09.963916

Number of rounds 13
T1
客户端数：0	时间：0	客户端：[]
T2
客户端数：10	时间：0.0	客户端：[55, 15, 39, 17, 41, 45, 21, 20, 26, 44]
客户端数：20	时间：0.0	客户端：[55, 15, 39, 17, 41, 45, 21, 20, 26, 44, 61, 33, 59, 1, 62, 8, 32, 12, 5, 22]
客户端数：30	时间：0.0	客户端：[55, 15, 39, 17, 41, 45, 21, 20, 26, 44, 61, 33, 59, 1, 62, 8, 32, 12, 5, 22, 52, 63, 53, 57, 36, 31, 6, 25, 56, 47]
客户端数：40	时间：0.0010204315185546875	客户端：[55, 15, 39, 17, 41, 45, 21, 20, 26, 44, 61, 33, 59, 1, 62, 8, 32, 12, 5, 22, 52, 63, 53, 57, 36, 31, 6, 25, 56, 47, 7, 2, 9, 50, 28, 34, 46, 23, 51, 35]
客户端数：49	时间：0.0010204315185546875	客户端：[55, 15, 39, 17, 41, 45, 21, 20, 26, 44, 61, 33, 59, 1, 62, 8, 32, 12, 5, 22, 52, 63, 53, 57, 36, 31, 6, 25, 56, 47, 7, 2, 9, 50, 28, 34, 46, 23, 51, 35, 43, 4, 48, 19, 14, 49, 27, 29, 13]
T3
客户端数：10	时间：7.328259468078613	客户端：[55, 15, 39, 17, 41, 45, 21, 20, 26, 44]
客户端数：20	时间：30.991414308547974	客户端：[55, 15, 39, 17, 41, 45, 21, 20, 26, 44, 61, 33, 59, 1, 62, 8, 32, 12, 5, 22]
客户端数：30	时间：71.16435265541077	客户端：[55, 15, 39, 17, 41, 45, 21, 20, 26, 44, 61, 33, 59, 1, 62, 8, 32, 12, 5, 22, 52, 63, 53, 57, 36, 31, 6, 25, 56, 47]
客户端数：40	时间：128.22074675559998	客户端：[55, 15, 39, 17, 41, 45, 21, 20, 26, 44, 61, 33, 59, 1, 62, 8, 32, 12, 5, 22, 52, 63, 53, 57, 36, 31, 6, 25, 56, 47, 7, 2, 9, 50, 28, 34, 46, 23, 51, 35]
客户端数：49	时间：193.66463232040405	客户端：[55, 15, 39, 17, 41, 45, 21, 20, 26, 44, 61, 33, 59, 1, 62, 8, 32, 12, 5, 22, 52, 63, 53, 57, 36, 31, 6, 25, 56, 47, 7, 2, 9, 50, 28, 34, 46, 23, 51, 35, 43, 4, 48, 19, 14, 49, 27, 29, 13]
BYTE
客户端数：0	字节数：0	客户端：[]
MAE：91505763.92820513
RMSE：92074696.09266312
finished iteration：2023-01-01 00:04:31.952147

Number of rounds 14
T1
客户端数：0	时间：0	客户端：[]
T2
客户端数：10	时间：0.0	客户端：[47, 15, 12, 51, 39, 17, 4, 33, 20, 26]
客户端数：20	时间：0.0	客户端：[47, 15, 12, 51, 39, 17, 4, 33, 20, 26, 44, 61, 19, 43, 56, 1, 62, 45, 27, 63]
客户端数：30	时间：0.0	客户端：[47, 15, 12, 51, 39, 17, 4, 33, 20, 26, 44, 61, 19, 43, 56, 1, 62, 45, 27, 63, 53, 5, 49, 52, 25, 59, 29, 23, 31, 36]
客户端数：40	时间：0.0	客户端：[47, 15, 12, 51, 39, 17, 4, 33, 20, 26, 44, 61, 19, 43, 56, 1, 62, 45, 27, 63, 53, 5, 49, 52, 25, 59, 29, 23, 31, 36, 32, 7, 22, 13, 46, 48, 34, 35, 28, 2]
客户端数：49	时间：0.0009975433349609375	客户端：[47, 15, 12, 51, 39, 17, 4, 33, 20, 26, 44, 61, 19, 43, 56, 1, 62, 45, 27, 63, 53, 5, 49, 52, 25, 59, 29, 23, 31, 36, 32, 7, 22, 13, 46, 48, 34, 35, 28, 2, 57, 6, 21, 41, 8, 9, 14, 50, 55]
T3
客户端数：10	时间：7.710906267166138	客户端：[47, 15, 12, 51, 39, 17, 4, 33, 20, 26]
客户端数：20	时间：32.64294481277466	客户端：[47, 15, 12, 51, 39, 17, 4, 33, 20, 26, 44, 61, 19, 43, 56, 1, 62, 45, 27, 63]
客户端数：30	时间：73.75601029396057	客户端：[47, 15, 12, 51, 39, 17, 4, 33, 20, 26, 44, 61, 19, 43, 56, 1, 62, 45, 27, 63, 53, 5, 49, 52, 25, 59, 29, 23, 31, 36]
客户端数：40	时间：131.02255582809448	客户端：[47, 15, 12, 51, 39, 17, 4, 33, 20, 26, 44, 61, 19, 43, 56, 1, 62, 45, 27, 63, 53, 5, 49, 52, 25, 59, 29, 23, 31, 36, 32, 7, 22, 13, 46, 48, 34, 35, 28, 2]
客户端数：49	时间：196.76398634910583	客户端：[47, 15, 12, 51, 39, 17, 4, 33, 20, 26, 44, 61, 19, 43, 56, 1, 62, 45, 27, 63, 53, 5, 49, 52, 25, 59, 29, 23, 31, 36, 32, 7, 22, 13, 46, 48, 34, 35, 28, 2, 57, 6, 21, 41, 8, 9, 14, 50, 55]
BYTE
客户端数：0	字节数：0	客户端：[]
MAE：90327876.15384616
RMSE：90557406.31954451
finished iteration：2023-01-01 00:04:53.799750

Number of rounds 15
T1
客户端数：0	时间：0	客户端：[]
T2
客户端数：10	时间：0.000997304916381836	客户端：[55, 47, 41, 39, 17, 51, 45, 56, 21, 61]
客户端数：20	时间：0.000997304916381836	客户端：[55, 47, 41, 39, 17, 51, 45, 56, 21, 61, 27, 15, 44, 12, 62, 33, 63, 22, 53, 4]
客户端数：30	时间：0.001994609832763672	客户端：[55, 47, 41, 39, 17, 51, 45, 56, 21, 61, 27, 15, 44, 12, 62, 33, 63, 22, 53, 4, 57, 29, 14, 49, 19, 35, 7, 20, 6, 48]
客户端数：40	时间：0.002992868423461914	客户端：[55, 47, 41, 39, 17, 51, 45, 56, 21, 61, 27, 15, 44, 12, 62, 33, 63, 22, 53, 4, 57, 29, 14, 49, 19, 35, 7, 20, 6, 48, 25, 2, 46, 26, 34, 8, 36, 59, 23, 43]
客户端数：49	时间：0.0039904117584228516	客户端：[55, 47, 41, 39, 17, 51, 45, 56, 21, 61, 27, 15, 44, 12, 62, 33, 63, 22, 53, 4, 57, 29, 14, 49, 19, 35, 7, 20, 6, 48, 25, 2, 46, 26, 34, 8, 36, 59, 23, 43, 13, 5, 31, 52, 50, 9, 28, 1, 32]
T3
客户端数：10	时间：7.474119663238525	客户端：[55, 47, 41, 39, 17, 51, 45, 56, 21, 61]
客户端数：20	时间：31.961475133895874	客户端：[55, 47, 41, 39, 17, 51, 45, 56, 21, 61, 27, 15, 44, 12, 62, 33, 63, 22, 53, 4]
客户端数：30	时间：73.13228225708008	客户端：[55, 47, 41, 39, 17, 51, 45, 56, 21, 61, 27, 15, 44, 12, 62, 33, 63, 22, 53, 4, 57, 29, 14, 49, 19, 35, 7, 20, 6, 48]
客户端数：40	时间：131.45264339447021	客户端：[55, 47, 41, 39, 17, 51, 45, 56, 21, 61, 27, 15, 44, 12, 62, 33, 63, 22, 53, 4, 57, 29, 14, 49, 19, 35, 7, 20, 6, 48, 25, 2, 46, 26, 34, 8, 36, 59, 23, 43]
客户端数：49	时间：197.79905533790588	客户端：[55, 47, 41, 39, 17, 51, 45, 56, 21, 61, 27, 15, 44, 12, 62, 33, 63, 22, 53, 4, 57, 29, 14, 49, 19, 35, 7, 20, 6, 48, 25, 2, 46, 26, 34, 8, 36, 59, 23, 43, 13, 5, 31, 52, 50, 9, 28, 1, 32]
BYTE
客户端数：0	字节数：0	客户端：[]
MAE：96527775.55897436
RMSE：97885689.74462105
finished iteration：2023-01-01 00:05:15.675262

Number of rounds 16
T1
客户端数：0	时间：0	客户端：[]
T2
客户端数：10	时间：0.0	客户端：[47, 12, 41, 51, 4, 17, 21, 20, 27, 26]
客户端数：20	时间：5.0067901611328125e-06	客户端：[47, 12, 41, 51, 4, 17, 21, 20, 27, 26, 43, 19, 44, 62, 35, 6, 49, 25, 36, 14]
客户端数：30	时间：5.0067901611328125e-06	客户端：[47, 12, 41, 51, 4, 17, 21, 20, 27, 26, 43, 19, 44, 62, 35, 6, 49, 25, 36, 14, 39, 53, 23, 57, 7, 63, 61, 2, 29, 50]
客户端数：40	时间：5.0067901611328125e-06	客户端：[47, 12, 41, 51, 4, 17, 21, 20, 27, 26, 43, 19, 44, 62, 35, 6, 49, 25, 36, 14, 39, 53, 23, 57, 7, 63, 61, 2, 29, 50, 48, 13, 56, 22, 9, 32, 46, 5, 55, 28]
客户端数：47	时间：5.0067901611328125e-06	客户端：[47, 12, 41, 51, 4, 17, 21, 20, 27, 26, 43, 19, 44, 62, 35, 6, 49, 25, 36, 14, 39, 53, 23, 57, 7, 63, 61, 2, 29, 50, 48, 13, 56, 22, 9, 32, 46, 5, 55, 28, 34, 31, 45, 8, 52, 33, 59]
T3
客户端数：10	时间：7.466714859008789	客户端：[47, 12, 41, 51, 4, 17, 21, 20, 27, 26]
客户端数：20	时间：31.491151809692383	客户端：[47, 12, 41, 51, 4, 17, 21, 20, 27, 26, 43, 19, 44, 62, 35, 6, 49, 25, 36, 14]
客户端数：30	时间：71.36343574523926	客户端：[47, 12, 41, 51, 4, 17, 21, 20, 27, 26, 43, 19, 44, 62, 35, 6, 49, 25, 36, 14, 39, 53, 23, 57, 7, 63, 61, 2, 29, 50]
客户端数：40	时间：127.55839228630066	客户端：[47, 12, 41, 51, 4, 17, 21, 20, 27, 26, 43, 19, 44, 62, 35, 6, 49, 25, 36, 14, 39, 53, 23, 57, 7, 63, 61, 2, 29, 50, 48, 13, 56, 22, 9, 32, 46, 5, 55, 28]
客户端数：47	时间：176.9235007762909	客户端：[47, 12, 41, 51, 4, 17, 21, 20, 27, 26, 43, 19, 44, 62, 35, 6, 49, 25, 36, 14, 39, 53, 23, 57, 7, 63, 61, 2, 29, 50, 48, 13, 56, 22, 9, 32, 46, 5, 55, 28, 34, 31, 45, 8, 52, 33, 59]
BYTE
客户端数：0	字节数：0	客户端：[]
MAE：102666373.54871795
RMSE：103705428.96145585
finished iteration：2023-01-01 00:05:37.695174

Number of rounds 17
T1
客户端数：0	时间：0	客户端：[]
T2
客户端数：10	时间：0.0	客户端：[55, 39, 45, 56, 41, 33, 4, 26, 17, 44]
客户端数：20	时间：0.0	客户端：[55, 39, 45, 56, 41, 33, 4, 26, 17, 44, 27, 47, 8, 22, 59, 32, 5, 61, 25, 49]
客户端数：30	时间：0.0	客户端：[55, 39, 45, 56, 41, 33, 4, 26, 17, 44, 27, 47, 8, 22, 59, 32, 5, 61, 25, 49, 57, 36, 14, 63, 43, 6, 52, 9, 2, 28]
客户端数：40	时间：0.0	客户端：[55, 39, 45, 56, 41, 33, 4, 26, 17, 44, 27, 47, 8, 22, 59, 32, 5, 61, 25, 49, 57, 36, 14, 63, 43, 6, 52, 9, 2, 28, 31, 50, 34, 46, 29, 53, 21, 20, 13, 23]
客户端数：47	时间：5.125999450683594e-05	客户端：[55, 39, 45, 56, 41, 33, 4, 26, 17, 44, 27, 47, 8, 22, 59, 32, 5, 61, 25, 49, 57, 36, 14, 63, 43, 6, 52, 9, 2, 28, 31, 50, 34, 46, 29, 53, 21, 20, 13, 23, 12, 48, 62, 51, 7, 35, 19]
T3
客户端数：10	时间：7.980733156204224	客户端：[55, 39, 45, 56, 41, 33, 4, 26, 17, 44]
客户端数：20	时间：32.615519762039185	客户端：[55, 39, 45, 56, 41, 33, 4, 26, 17, 44, 27, 47, 8, 22, 59, 32, 5, 61, 25, 49]
客户端数：30	时间：73.52557611465454	客户端：[55, 39, 45, 56, 41, 33, 4, 26, 17, 44, 27, 47, 8, 22, 59, 32, 5, 61, 25, 49, 57, 36, 14, 63, 43, 6, 52, 9, 2, 28]
客户端数：40	时间：131.08686566352844	客户端：[55, 39, 45, 56, 41, 33, 4, 26, 17, 44, 27, 47, 8, 22, 59, 32, 5, 61, 25, 49, 57, 36, 14, 63, 43, 6, 52, 9, 2, 28, 31, 50, 34, 46, 29, 53, 21, 20, 13, 23]
客户端数：47	时间：180.89974355697632	客户端：[55, 39, 45, 56, 41, 33, 4, 26, 17, 44, 27, 47, 8, 22, 59, 32, 5, 61, 25, 49, 57, 36, 14, 63, 43, 6, 52, 9, 2, 28, 31, 50, 34, 46, 29, 53, 21, 20, 13, 23, 12, 48, 62, 51, 7, 35, 19]
BYTE
客户端数：0	字节数：0	客户端：[]
MAE：92468479.14871795
RMSE：92666699.73580515
finished iteration：2023-01-01 00:05:59.788005

Number of rounds 18
T1
客户端数：0	时间：0	客户端：[]
T2
客户端数：10	时间：0.0	客户端：[47, 55, 41, 17, 45, 4, 56, 44, 33, 43]
客户端数：20	时间：0.0	客户端：[47, 55, 41, 17, 45, 4, 56, 44, 33, 43, 20, 5, 19, 62, 51, 63, 53, 35, 6, 57]
客户端数：30	时间：0.0009975433349609375	客户端：[47, 55, 41, 17, 45, 4, 56, 44, 33, 43, 20, 5, 19, 62, 51, 63, 53, 35, 6, 57, 29, 52, 31, 8, 46, 28, 2, 9, 14, 32]
客户端数：40	时间：0.001995086669921875	客户端：[47, 55, 41, 17, 45, 4, 56, 44, 33, 43, 20, 5, 19, 62, 51, 63, 53, 35, 6, 57, 29, 52, 31, 8, 46, 28, 2, 9, 14, 32, 13, 12, 25, 50, 22, 34, 36, 23, 48, 59]
客户端数：45	时间：0.001995086669921875	客户端：[47, 55, 41, 17, 45, 4, 56, 44, 33, 43, 20, 5, 19, 62, 51, 63, 53, 35, 6, 57, 29, 52, 31, 8, 46, 28, 2, 9, 14, 32, 13, 12, 25, 50, 22, 34, 36, 23, 48, 59, 39, 26, 27, 61, 21]
T3
客户端数：10	时间：7.518431186676025	客户端：[47, 55, 41, 17, 45, 4, 56, 44, 33, 43]
客户端数：20	时间：31.739410638809204	客户端：[47, 55, 41, 17, 45, 4, 56, 44, 33, 43, 20, 5, 19, 62, 51, 63, 53, 35, 6, 57]
客户端数：30	时间：72.51319694519043	客户端：[47, 55, 41, 17, 45, 4, 56, 44, 33, 43, 20, 5, 19, 62, 51, 63, 53, 35, 6, 57, 29, 52, 31, 8, 46, 28, 2, 9, 14, 32]
客户端数：40	时间：129.27822399139404	客户端：[47, 55, 41, 17, 45, 4, 56, 44, 33, 43, 20, 5, 19, 62, 51, 63, 53, 35, 6, 57, 29, 52, 31, 8, 46, 28, 2, 9, 14, 32, 13, 12, 25, 50, 22, 34, 36, 23, 48, 59]
客户端数：45	时间：164.41384315490723	客户端：[47, 55, 41, 17, 45, 4, 56, 44, 33, 43, 20, 5, 19, 62, 51, 63, 53, 35, 6, 57, 29, 52, 31, 8, 46, 28, 2, 9, 14, 32, 13, 12, 25, 50, 22, 34, 36, 23, 48, 59, 39, 26, 27, 61, 21]
BYTE
客户端数：0	字节数：0	客户端：[]
MAE：96553838.90256411
RMSE：96758704.8300802
finished iteration：2023-01-01 00:06:21.961828

Number of rounds 19
T1
客户端数：0	时间：0	客户端：[]
T2
客户端数：10	时间：2.1696090698242188e-05	客户端：[49, 55, 47, 12, 45, 41, 51, 4, 39, 33]
客户端数：20	时间：2.1696090698242188e-05	客户端：[49, 55, 47, 12, 45, 41, 51, 4, 39, 33, 21, 43, 8, 20, 61, 22, 59, 17, 27, 44]
客户端数：30	时间：2.1696090698242188e-05	客户端：[49, 55, 47, 12, 45, 41, 51, 4, 39, 33, 21, 43, 8, 20, 61, 22, 59, 17, 27, 44, 32, 6, 35, 36, 25, 52, 31, 57, 14, 23]
客户端数：40	时间：2.1696090698242188e-05	客户端：[49, 55, 47, 12, 45, 41, 51, 4, 39, 33, 21, 43, 8, 20, 61, 22, 59, 17, 27, 44, 32, 6, 35, 36, 25, 52, 31, 57, 14, 23, 50, 28, 9, 34, 56, 13, 5, 53, 19, 2]
客户端数：45	时间：2.1696090698242188e-05	客户端：[49, 55, 47, 12, 45, 41, 51, 4, 39, 33, 21, 43, 8, 20, 61, 22, 59, 17, 27, 44, 32, 6, 35, 36, 25, 52, 31, 57, 14, 23, 50, 28, 9, 34, 56, 13, 5, 53, 19, 2, 62, 46, 48, 29, 26]
T3
客户端数：10	时间：17.53043246269226	客户端：[49, 55, 47, 12, 45, 41, 51, 4, 39, 33]
客户端数：20	时间：39.98681139945984	客户端：[49, 55, 47, 12, 45, 41, 51, 4, 39, 33, 21, 43, 8, 20, 61, 22, 59, 17, 27, 44]
客户端数：30	时间：78.49614477157593	客户端：[49, 55, 47, 12, 45, 41, 51, 4, 39, 33, 21, 43, 8, 20, 61, 22, 59, 17, 27, 44, 32, 6, 35, 36, 25, 52, 31, 57, 14, 23]
客户端数：40	时间：134.18668627738953	客户端：[49, 55, 47, 12, 45, 41, 51, 4, 39, 33, 21, 43, 8, 20, 61, 22, 59, 17, 27, 44, 32, 6, 35, 36, 25, 52, 31, 57, 14, 23, 50, 28, 9, 34, 56, 13, 5, 53, 19, 2]
客户端数：45	时间：169.02824115753174	客户端：[49, 55, 47, 12, 45, 41, 51, 4, 39, 33, 21, 43, 8, 20, 61, 22, 59, 17, 27, 44, 32, 6, 35, 36, 25, 52, 31, 57, 14, 23, 50, 28, 9, 34, 56, 13, 5, 53, 19, 2, 62, 46, 48, 29, 26]
BYTE
客户端数：0	字节数：0	客户端：[]
MAE：92239989.67179488
RMSE：92341153.28341709
finished iteration：2023-01-01 00:06:43.866945

Number of rounds 20
T1
客户端数：0	时间：0	客户端：[]
T2
客户端数：10	时间：0.0	客户端：[41, 51, 4, 33, 45, 56, 17, 61, 21, 27]
客户端数：20	时间：0.0	客户端：[41, 51, 4, 33, 45, 56, 17, 61, 21, 27, 44, 59, 43, 20, 22, 19, 8, 35, 26, 36]
客户端数：30	时间：0.0	客户端：[41, 51, 4, 33, 45, 56, 17, 61, 21, 27, 44, 59, 43, 20, 22, 19, 8, 35, 26, 36, 6, 14, 62, 28, 46, 34, 2, 9, 50, 23]
客户端数：40	时间：0.0	客户端：[41, 51, 4, 33, 45, 56, 17, 61, 21, 27, 44, 59, 43, 20, 22, 19, 8, 35, 26, 36, 6, 14, 62, 28, 46, 34, 2, 9, 50, 23, 47, 31, 57, 52, 29, 48, 13, 5, 25, 12]
客户端数：43	时间：0.0	客户端：[41, 51, 4, 33, 45, 56, 17, 61, 21, 27, 44, 59, 43, 20, 22, 19, 8, 35, 26, 36, 6, 14, 62, 28, 46, 34, 2, 9, 50, 23, 47, 31, 57, 52, 29, 48, 13, 5, 25, 12, 55, 39, 53]
T3
客户端数：10	时间：0.16952800750732422	客户端：[41, 51, 4, 33, 45, 56, 17, 61, 21, 27]
客户端数：20	时间：0.3590116500854492	客户端：[41, 51, 4, 33, 45, 56, 17, 61, 21, 27, 44, 59, 43, 20, 22, 19, 8, 35, 26, 36]
客户端数：30	时间：0.5674469470977783	客户端：[41, 51, 4, 33, 45, 56, 17, 61, 21, 27, 44, 59, 43, 20, 22, 19, 8, 35, 26, 36, 6, 14, 62, 28, 46, 34, 2, 9, 50, 23]
客户端数：40	时间：0.7948348522186279	客户端：[41, 51, 4, 33, 45, 56, 17, 61, 21, 27, 44, 59, 43, 20, 22, 19, 8, 35, 26, 36, 6, 14, 62, 28, 46, 34, 2, 9, 50, 23, 47, 31, 57, 52, 29, 48, 13, 5, 25, 12]
客户端数：43	时间：0.866642951965332	客户端：[41, 51, 4, 33, 45, 56, 17, 61, 21, 27, 44, 59, 43, 20, 22, 19, 8, 35, 26, 36, 6, 14, 62, 28, 46, 34, 2, 9, 50, 23, 47, 31, 57, 52, 29, 48, 13, 5, 25, 12, 55, 39, 53]
BYTE
客户端数：0	字节数：0	客户端：[]
MAE：99403674.63589744
RMSE：99906130.3453308
finished iteration：2023-01-01 00:07:06.076003

