Number of rounds 1
T1
客户端数：10	时间：0.051877498626708984	客户端：[41, 37, 18, 6, 59, 39, 25, 23, 16, 9]
客户端数：20	时间：0.05586695671081543	客户端：[41, 37, 18, 6, 59, 39, 25, 23, 16, 9, 5, 28, 27, 7, 10, 49, 42, 55, 22, 12]
客户端数：30	时间：0.0578615665435791	客户端：[41, 37, 18, 6, 59, 39, 25, 23, 16, 9, 5, 28, 27, 7, 10, 49, 42, 55, 22, 12, 24, 64, 53, 63, 58, 31, 15, 43, 11, 40]
客户端数：40	时间：0.06185007095336914	客户端：[41, 37, 18, 6, 59, 39, 25, 23, 16, 9, 5, 28, 27, 7, 10, 49, 42, 55, 22, 12, 24, 64, 53, 63, 58, 31, 15, 43, 11, 40, 30, 36, 14, 47, 17, 2, 26, 29, 3, 34]
客户端数：50	时间：0.0653386116027832	客户端：[41, 37, 18, 6, 59, 39, 25, 23, 16, 9, 5, 28, 27, 7, 10, 49, 42, 55, 22, 12, 24, 64, 53, 63, 58, 31, 15, 43, 11, 40, 30, 36, 14, 47, 17, 2, 26, 29, 3, 34, 19, 4, 8, 33, 46, 48, 44, 56, 60, 61]
客户端数：56	时间：0.06733465194702148	客户端：[41, 37, 18, 6, 59, 39, 25, 23, 16, 9, 5, 28, 27, 7, 10, 49, 42, 55, 22, 12, 24, 64, 53, 63, 58, 31, 15, 43, 11, 40, 30, 36, 14, 47, 17, 2, 26, 29, 3, 34, 19, 4, 8, 33, 46, 48, 44, 56, 60, 61, 45, 38, 51, 35, 21, 1]
T2
客户端数：10	时间：0.004987239837646484	客户端：[35, 17, 16, 48, 24, 1, 30, 56, 43, 34]
客户端数：20	时间：0.00797891616821289	客户端：[35, 17, 16, 48, 24, 1, 30, 56, 43, 34, 21, 22, 64, 18, 55, 39, 12, 19, 31, 8]
客户端数：30	时间：0.008976459503173828	客户端：[35, 17, 16, 48, 24, 1, 30, 56, 43, 34, 21, 22, 64, 18, 55, 39, 12, 19, 31, 8, 58, 60, 10, 14, 33, 53, 28, 63, 15, 5]
客户端数：40	时间：0.013963937759399414	客户端：[35, 17, 16, 48, 24, 1, 30, 56, 43, 34, 21, 22, 64, 18, 55, 39, 12, 19, 31, 8, 58, 60, 10, 14, 33, 53, 28, 63, 15, 5, 49, 45, 3, 46, 41, 4, 61, 38, 40, 42]
客户端数：50	时间：0.019937753677368164	客户端：[35, 17, 16, 48, 24, 1, 30, 56, 43, 34, 21, 22, 64, 18, 55, 39, 12, 19, 31, 8, 58, 60, 10, 14, 33, 53, 28, 63, 15, 5, 49, 45, 3, 46, 41, 4, 61, 38, 40, 42, 59, 37, 27, 29, 26, 9, 25, 23, 51, 2]
客户端数：56	时间：0.02191329002380371	客户端：[35, 17, 16, 48, 24, 1, 30, 56, 43, 34, 21, 22, 64, 18, 55, 39, 12, 19, 31, 8, 58, 60, 10, 14, 33, 53, 28, 63, 15, 5, 49, 45, 3, 46, 41, 4, 61, 38, 40, 42, 59, 37, 27, 29, 26, 9, 25, 23, 51, 2, 47, 11, 7, 36, 44, 6]
T3
客户端数：10	时间：16.51381206512451	客户端：[35, 17, 16, 48, 24, 1, 30, 56, 43, 34]
客户端数：20	时间：59.39108943939209	客户端：[35, 17, 16, 48, 24, 1, 30, 56, 43, 34, 21, 22, 64, 18, 55, 39, 12, 19, 31, 8]
客户端数：30	时间：128.40809869766235	客户端：[35, 17, 16, 48, 24, 1, 30, 56, 43, 34, 21, 22, 64, 18, 55, 39, 12, 19, 31, 8, 58, 60, 10, 14, 33, 53, 28, 63, 15, 5]
客户端数：40	时间：224.40934205055237	客户端：[35, 17, 16, 48, 24, 1, 30, 56, 43, 34, 21, 22, 64, 18, 55, 39, 12, 19, 31, 8, 58, 60, 10, 14, 33, 53, 28, 63, 15, 5, 49, 45, 3, 46, 41, 4, 61, 38, 40, 42]
客户端数：50	时间：346.6588339805603	客户端：[35, 17, 16, 48, 24, 1, 30, 56, 43, 34, 21, 22, 64, 18, 55, 39, 12, 19, 31, 8, 58, 60, 10, 14, 33, 53, 28, 63, 15, 5, 49, 45, 3, 46, 41, 4, 61, 38, 40, 42, 59, 37, 27, 29, 26, 9, 25, 23, 51, 2]
客户端数：56	时间：433.18839716911316	客户端：[35, 17, 16, 48, 24, 1, 30, 56, 43, 34, 21, 22, 64, 18, 55, 39, 12, 19, 31, 8, 58, 60, 10, 14, 33, 53, 28, 63, 15, 5, 49, 45, 3, 46, 41, 4, 61, 38, 40, 42, 59, 37, 27, 29, 26, 9, 25, 23, 51, 2, 47, 11, 7, 36, 44, 6]
BYTE
客户端数：10	字节数：3200000	客户端：[41, 37, 18, 6, 59, 39, 25, 23, 16, 9]
客户端数：20	字节数：6400000	客户端：[41, 37, 18, 6, 59, 39, 25, 23, 16, 9, 5, 28, 27, 7, 10, 49, 42, 55, 22, 12]
客户端数：30	字节数：9600000	客户端：[41, 37, 18, 6, 59, 39, 25, 23, 16, 9, 5, 28, 27, 7, 10, 49, 42, 55, 22, 12, 24, 64, 53, 63, 58, 31, 15, 43, 11, 40]
客户端数：40	字节数：12800000	客户端：[41, 37, 18, 6, 59, 39, 25, 23, 16, 9, 5, 28, 27, 7, 10, 49, 42, 55, 22, 12, 24, 64, 53, 63, 58, 31, 15, 43, 11, 40, 30, 36, 14, 47, 17, 2, 26, 29, 3, 34]
客户端数：50	字节数：16000000	客户端：[41, 37, 18, 6, 59, 39, 25, 23, 16, 9, 5, 28, 27, 7, 10, 49, 42, 55, 22, 12, 24, 64, 53, 63, 58, 31, 15, 43, 11, 40, 30, 36, 14, 47, 17, 2, 26, 29, 3, 34, 19, 4, 8, 33, 46, 48, 44, 56, 60, 61]
客户端数：56	字节数：17920000	客户端：[41, 37, 18, 6, 59, 39, 25, 23, 16, 9, 5, 28, 27, 7, 10, 49, 42, 55, 22, 12, 24, 64, 53, 63, 58, 31, 15, 43, 11, 40, 30, 36, 14, 47, 17, 2, 26, 29, 3, 34, 19, 4, 8, 33, 46, 48, 44, 56, 60, 61, 45, 38, 51, 35, 21, 1]
PRO_LEN：320000
score：0.5693333333333334
loss rate：0.43066666666666664
finished iteration：2023-01-01 00:00:28.883480

Number of rounds 2
T1
客户端数：10	时间：0.0019948482513427734	客户端：[21, 18, 43, 16, 24, 35, 48, 49, 17, 30]
客户端数：20	时间：0.002991914749145508	客户端：[21, 18, 43, 16, 24, 35, 48, 49, 17, 30, 41, 34, 22, 12, 28, 31, 55, 61, 19, 5]
客户端数：30	时间：0.005982875823974609	客户端：[21, 18, 43, 16, 24, 35, 48, 49, 17, 30, 41, 34, 22, 12, 28, 31, 55, 61, 19, 5, 60, 63, 14, 3, 56, 46, 42, 8, 4, 33]
客户端数：40	时间：0.008974552154541016	客户端：[21, 18, 43, 16, 24, 35, 48, 49, 17, 30, 41, 34, 22, 12, 28, 31, 55, 61, 19, 5, 60, 63, 14, 3, 56, 46, 42, 8, 4, 33, 37, 40, 26, 27, 58, 29, 9, 23, 38, 2]
客户端数：50	时间：0.010970830917358398	客户端：[21, 18, 43, 16, 24, 35, 48, 49, 17, 30, 41, 34, 22, 12, 28, 31, 55, 61, 19, 5, 60, 63, 14, 3, 56, 46, 42, 8, 4, 33, 37, 40, 26, 27, 58, 29, 9, 23, 38, 2, 59, 47, 39, 51, 45, 15, 7, 11, 64, 36]
客户端数：56	时间：0.011968135833740234	客户端：[21, 18, 43, 16, 24, 35, 48, 49, 17, 30, 41, 34, 22, 12, 28, 31, 55, 61, 19, 5, 60, 63, 14, 3, 56, 46, 42, 8, 4, 33, 37, 40, 26, 27, 58, 29, 9, 23, 38, 2, 59, 47, 39, 51, 45, 15, 7, 11, 64, 36, 10, 25, 53, 1, 6, 44]
T2
客户端数：10	时间：0.0010137557983398438	客户端：[16, 25, 21, 56, 1, 23, 24, 48, 34, 17]
客户端数：20	时间：0.0030078887939453125	客户端：[16, 25, 21, 56, 1, 23, 24, 48, 34, 17, 58, 64, 22, 4, 59, 55, 43, 63, 30, 10]
客户端数：30	时间：0.0030078887939453125	客户端：[16, 25, 21, 56, 1, 23, 24, 48, 34, 17, 58, 64, 22, 4, 59, 55, 43, 63, 30, 10, 49, 60, 6, 33, 11, 2, 27, 46, 36, 37]
客户端数：40	时间：0.00600123405456543	客户端：[16, 25, 21, 56, 1, 23, 24, 48, 34, 17, 58, 64, 22, 4, 59, 55, 43, 63, 30, 10, 49, 60, 6, 33, 11, 2, 27, 46, 36, 37, 5, 35, 3, 29, 26, 9, 14, 7, 41, 47]
客户端数：50	时间：0.00600123405456543	客户端：[16, 25, 21, 56, 1, 23, 24, 48, 34, 17, 58, 64, 22, 4, 59, 55, 43, 63, 30, 10, 49, 60, 6, 33, 11, 2, 27, 46, 36, 37, 5, 35, 3, 29, 26, 9, 14, 7, 41, 47, 39, 44, 28, 8, 19, 31, 42, 61, 40, 38]
客户端数：56	时间：0.007996797561645508	客户端：[16, 25, 21, 56, 1, 23, 24, 48, 34, 17, 58, 64, 22, 4, 59, 55, 43, 63, 30, 10, 49, 60, 6, 33, 11, 2, 27, 46, 36, 37, 5, 35, 3, 29, 26, 9, 14, 7, 41, 47, 39, 44, 28, 8, 19, 31, 42, 61, 40, 38, 53, 15, 12, 51, 18, 45]
T3
客户端数：10	时间：12.981488466262817	客户端：[16, 25, 21, 56, 1, 23, 24, 48, 34, 17]
客户端数：20	时间：52.55924081802368	客户端：[16, 25, 21, 56, 1, 23, 24, 48, 34, 17, 58, 64, 22, 4, 59, 55, 43, 63, 30, 10]
客户端数：30	时间：118.99894189834595	客户端：[16, 25, 21, 56, 1, 23, 24, 48, 34, 17, 58, 64, 22, 4, 59, 55, 43, 63, 30, 10, 49, 60, 6, 33, 11, 2, 27, 46, 36, 37]
客户端数：40	时间：211.85496520996094	客户端：[16, 25, 21, 56, 1, 23, 24, 48, 34, 17, 58, 64, 22, 4, 59, 55, 43, 63, 30, 10, 49, 60, 6, 33, 11, 2, 27, 46, 36, 37, 5, 35, 3, 29, 26, 9, 14, 7, 41, 47]
客户端数：50	时间：331.179190158844	客户端：[16, 25, 21, 56, 1, 23, 24, 48, 34, 17, 58, 64, 22, 4, 59, 55, 43, 63, 30, 10, 49, 60, 6, 33, 11, 2, 27, 46, 36, 37, 5, 35, 3, 29, 26, 9, 14, 7, 41, 47, 39, 44, 28, 8, 19, 31, 42, 61, 40, 38]
客户端数：56	时间：415.6142075061798	客户端：[16, 25, 21, 56, 1, 23, 24, 48, 34, 17, 58, 64, 22, 4, 59, 55, 43, 63, 30, 10, 49, 60, 6, 33, 11, 2, 27, 46, 36, 37, 5, 35, 3, 29, 26, 9, 14, 7, 41, 47, 39, 44, 28, 8, 19, 31, 42, 61, 40, 38, 53, 15, 12, 51, 18, 45]
BYTE
客户端数：10	字节数：3200000	客户端：[21, 18, 43, 16, 24, 35, 48, 49, 17, 30]
客户端数：20	字节数：6400000	客户端：[21, 18, 43, 16, 24, 35, 48, 49, 17, 30, 41, 34, 22, 12, 28, 31, 55, 61, 19, 5]
客户端数：30	字节数：9600000	客户端：[21, 18, 43, 16, 24, 35, 48, 49, 17, 30, 41, 34, 22, 12, 28, 31, 55, 61, 19, 5, 60, 63, 14, 3, 56, 46, 42, 8, 4, 33]
客户端数：40	字节数：12800000	客户端：[21, 18, 43, 16, 24, 35, 48, 49, 17, 30, 41, 34, 22, 12, 28, 31, 55, 61, 19, 5, 60, 63, 14, 3, 56, 46, 42, 8, 4, 33, 37, 40, 26, 27, 58, 29, 9, 23, 38, 2]
客户端数：50	字节数：16000000	客户端：[21, 18, 43, 16, 24, 35, 48, 49, 17, 30, 41, 34, 22, 12, 28, 31, 55, 61, 19, 5, 60, 63, 14, 3, 56, 46, 42, 8, 4, 33, 37, 40, 26, 27, 58, 29, 9, 23, 38, 2, 59, 47, 39, 51, 45, 15, 7, 11, 64, 36]
客户端数：56	字节数：17920000	客户端：[21, 18, 43, 16, 24, 35, 48, 49, 17, 30, 41, 34, 22, 12, 28, 31, 55, 61, 19, 5, 60, 63, 14, 3, 56, 46, 42, 8, 4, 33, 37, 40, 26, 27, 58, 29, 9, 23, 38, 2, 59, 47, 39, 51, 45, 15, 7, 11, 64, 36, 10, 25, 53, 1, 6, 44]
PRO_LEN：320000
score：0.9513015873015873
loss rate：0.048698412698412685
finished iteration：2023-01-01 00:01:00.439828

Number of rounds 3
T1
客户端数：10	时间：0.003989696502685547	客户端：[21, 25, 64, 1, 23, 59, 16, 6, 56, 2]
客户端数：20	时间：0.0059850215911865234	客户端：[21, 25, 64, 1, 23, 59, 16, 6, 56, 2, 48, 10, 11, 4, 43, 63, 36, 5, 9, 60]
客户端数：30	时间：0.006983041763305664	客户端：[21, 25, 64, 1, 23, 59, 16, 6, 56, 2, 48, 10, 11, 4, 43, 63, 36, 5, 9, 60, 41, 30, 34, 26, 7, 47, 3, 29, 8, 35]
客户端数：40	时间：0.008977174758911133	客户端：[21, 25, 64, 1, 23, 59, 16, 6, 56, 2, 48, 10, 11, 4, 43, 63, 36, 5, 9, 60, 41, 30, 34, 26, 7, 47, 3, 29, 8, 35, 28, 44, 39, 55, 14, 17, 27, 24, 37, 33]
客户端数：50	时间：0.011970758438110352	客户端：[21, 25, 64, 1, 23, 59, 16, 6, 56, 2, 48, 10, 11, 4, 43, 63, 36, 5, 9, 60, 41, 30, 34, 26, 7, 47, 3, 29, 8, 35, 28, 44, 39, 55, 14, 17, 27, 24, 37, 33, 42, 22, 31, 49, 58, 40, 38, 53, 15, 12]
客户端数：56	时间：0.012965679168701172	客户端：[21, 25, 64, 1, 23, 59, 16, 6, 56, 2, 48, 10, 11, 4, 43, 63, 36, 5, 9, 60, 41, 30, 34, 26, 7, 47, 3, 29, 8, 35, 28, 44, 39, 55, 14, 17, 27, 24, 37, 33, 42, 22, 31, 49, 58, 40, 38, 53, 15, 12, 61, 51, 46, 19, 18, 45]
T2
客户端数：10	时间：0.0029921531677246094	客户端：[30, 25, 64, 35, 17, 56, 24, 59, 1, 43]
客户端数：20	时间：0.00598454475402832	客户端：[30, 25, 64, 35, 17, 56, 24, 59, 1, 43, 21, 34, 38, 36, 8, 40, 4, 48, 55, 22]
客户端数：30	时间：0.010970830917358398	客户端：[30, 25, 64, 35, 17, 56, 24, 59, 1, 43, 21, 34, 38, 36, 8, 40, 4, 48, 55, 22, 6, 19, 18, 46, 41, 12, 37, 11, 26, 44]
客户端数：40	时间：0.013991832733154297	客户端：[30, 25, 64, 35, 17, 56, 24, 59, 1, 43, 21, 34, 38, 36, 8, 40, 4, 48, 55, 22, 6, 19, 18, 46, 41, 12, 37, 11, 26, 44, 23, 42, 61, 15, 28, 33, 27, 5, 14, 47]
客户端数：50	时间：0.01696920394897461	客户端：[30, 25, 64, 35, 17, 56, 24, 59, 1, 43, 21, 34, 38, 36, 8, 40, 4, 48, 55, 22, 6, 19, 18, 46, 41, 12, 37, 11, 26, 44, 23, 42, 61, 15, 28, 33, 27, 5, 14, 47, 45, 2, 29, 3, 58, 7, 53, 16, 60, 49]
客户端数：56	时间：0.017966508865356445	客户端：[30, 25, 64, 35, 17, 56, 24, 59, 1, 43, 21, 34, 38, 36, 8, 40, 4, 48, 55, 22, 6, 19, 18, 46, 41, 12, 37, 11, 26, 44, 23, 42, 61, 15, 28, 33, 27, 5, 14, 47, 45, 2, 29, 3, 58, 7, 53, 16, 60, 49, 39, 10, 31, 51, 9, 63]
T3
客户端数：10	时间：13.952711343765259	客户端：[30, 25, 64, 35, 17, 56, 24, 59, 1, 43]
客户端数：20	时间：56.19982695579529	客户端：[30, 25, 64, 35, 17, 56, 24, 59, 1, 43, 21, 34, 38, 36, 8, 40, 4, 48, 55, 22]
客户端数：30	时间：125.56474304199219	客户端：[30, 25, 64, 35, 17, 56, 24, 59, 1, 43, 21, 34, 38, 36, 8, 40, 4, 48, 55, 22, 6, 19, 18, 46, 41, 12, 37, 11, 26, 44]
客户端数：40	时间：220.8551890850067	客户端：[30, 25, 64, 35, 17, 56, 24, 59, 1, 43, 21, 34, 38, 36, 8, 40, 4, 48, 55, 22, 6, 19, 18, 46, 41, 12, 37, 11, 26, 44, 23, 42, 61, 15, 28, 33, 27, 5, 14, 47]
客户端数：50	时间：342.49494218826294	客户端：[30, 25, 64, 35, 17, 56, 24, 59, 1, 43, 21, 34, 38, 36, 8, 40, 4, 48, 55, 22, 6, 19, 18, 46, 41, 12, 37, 11, 26, 44, 23, 42, 61, 15, 28, 33, 27, 5, 14, 47, 45, 2, 29, 3, 58, 7, 53, 16, 60, 49]
客户端数：56	时间：428.1569664478302	客户端：[30, 25, 64, 35, 17, 56, 24, 59, 1, 43, 21, 34, 38, 36, 8, 40, 4, 48, 55, 22, 6, 19, 18, 46, 41, 12, 37, 11, 26, 44, 23, 42, 61, 15, 28, 33, 27, 5, 14, 47, 45, 2, 29, 3, 58, 7, 53, 16, 60, 49, 39, 10, 31, 51, 9, 63]
BYTE
客户端数：10	字节数：3200000	客户端：[21, 25, 64, 1, 23, 59, 16, 6, 56, 2]
客户端数：20	字节数：6400000	客户端：[21, 25, 64, 1, 23, 59, 16, 6, 56, 2, 48, 10, 11, 4, 43, 63, 36, 5, 9, 60]
客户端数：30	字节数：9600000	客户端：[21, 25, 64, 1, 23, 59, 16, 6, 56, 2, 48, 10, 11, 4, 43, 63, 36, 5, 9, 60, 41, 30, 34, 26, 7, 47, 3, 29, 8, 35]
客户端数：40	字节数：12800000	客户端：[21, 25, 64, 1, 23, 59, 16, 6, 56, 2, 48, 10, 11, 4, 43, 63, 36, 5, 9, 60, 41, 30, 34, 26, 7, 47, 3, 29, 8, 35, 28, 44, 39, 55, 14, 17, 27, 24, 37, 33]
客户端数：50	字节数：16000000	客户端：[21, 25, 64, 1, 23, 59, 16, 6, 56, 2, 48, 10, 11, 4, 43, 63, 36, 5, 9, 60, 41, 30, 34, 26, 7, 47, 3, 29, 8, 35, 28, 44, 39, 55, 14, 17, 27, 24, 37, 33, 42, 22, 31, 49, 58, 40, 38, 53, 15, 12]
客户端数：56	字节数：17920000	客户端：[21, 25, 64, 1, 23, 59, 16, 6, 56, 2, 48, 10, 11, 4, 43, 63, 36, 5, 9, 60, 41, 30, 34, 26, 7, 47, 3, 29, 8, 35, 28, 44, 39, 55, 14, 17, 27, 24, 37, 33, 42, 22, 31, 49, 58, 40, 38, 53, 15, 12, 61, 51, 46, 19, 18, 45]
PRO_LEN：320000
score：0.9619047619047619
loss rate：0.03809523809523807
finished iteration：2023-01-01 00:01:30.284866

Number of rounds 4
T1
客户端数：10	时间：0.0009982585906982422	客户端：[21, 8, 59, 24, 43, 64, 18, 41, 30, 4]
客户端数：20	时间：0.003014087677001953	客户端：[21, 8, 59, 24, 43, 64, 18, 41, 30, 4, 56, 6, 40, 61, 47, 19, 44, 12, 42, 22]
客户端数：30	时间：0.0049877166748046875	客户端：[21, 8, 59, 24, 43, 64, 18, 41, 30, 4, 56, 6, 40, 61, 47, 19, 44, 12, 42, 22, 28, 46, 2, 17, 15, 33, 34, 45, 29, 5]
客户端数：40	时间：0.008976221084594727	客户端：[21, 8, 59, 24, 43, 64, 18, 41, 30, 4, 56, 6, 40, 61, 47, 19, 44, 12, 42, 22, 28, 46, 2, 17, 15, 33, 34, 45, 29, 5, 7, 16, 53, 36, 60, 38, 23, 39, 37, 10]
客户端数：50	时间：0.009972810745239258	客户端：[21, 8, 59, 24, 43, 64, 18, 41, 30, 4, 56, 6, 40, 61, 47, 19, 44, 12, 42, 22, 28, 46, 2, 17, 15, 33, 34, 45, 29, 5, 7, 16, 53, 36, 60, 38, 23, 39, 37, 10, 51, 58, 27, 49, 11, 3, 9, 63, 55, 25]
客户端数：56	时间：0.011968612670898438	客户端：[21, 8, 59, 24, 43, 64, 18, 41, 30, 4, 56, 6, 40, 61, 47, 19, 44, 12, 42, 22, 28, 46, 2, 17, 15, 33, 34, 45, 29, 5, 7, 16, 53, 36, 60, 38, 23, 39, 37, 10, 51, 58, 27, 49, 11, 3, 9, 63, 55, 25, 35, 1, 48, 31, 14, 26]
T2
客户端数：10	时间：0.0029926300048828125	客户端：[30, 43, 1, 16, 17, 24, 58, 21, 48, 18]
客户端数：20	时间：0.006983518600463867	客户端：[30, 43, 1, 16, 17, 24, 58, 21, 48, 18, 34, 36, 23, 22, 55, 56, 46, 63, 6, 12]
客户端数：30	时间：0.009975671768188477	客户端：[30, 43, 1, 16, 17, 24, 58, 21, 48, 18, 34, 36, 23, 22, 55, 56, 46, 63, 6, 12, 10, 19, 60, 8, 14, 51, 33, 11, 2, 37]
客户端数：40	时间：0.010972738265991211	客户端：[30, 43, 1, 16, 17, 24, 58, 21, 48, 18, 34, 36, 23, 22, 55, 56, 46, 63, 6, 12, 10, 19, 60, 8, 14, 51, 33, 11, 2, 37, 40, 3, 61, 44, 5, 15, 9, 28, 29, 47]
客户端数：50	时间：0.015959978103637695	客户端：[30, 43, 1, 16, 17, 24, 58, 21, 48, 18, 34, 36, 23, 22, 55, 56, 46, 63, 6, 12, 10, 19, 60, 8, 14, 51, 33, 11, 2, 37, 40, 3, 61, 44, 5, 15, 9, 28, 29, 47, 45, 26, 4, 59, 27, 49, 25, 35, 64, 53]
客户端数：56	时间：0.016956329345703125	客户端：[30, 43, 1, 16, 17, 24, 58, 21, 48, 18, 34, 36, 23, 22, 55, 56, 46, 63, 6, 12, 10, 19, 60, 8, 14, 51, 33, 11, 2, 37, 40, 3, 61, 44, 5, 15, 9, 28, 29, 47, 45, 26, 4, 59, 27, 49, 25, 35, 64, 53, 7, 39, 42, 31, 38, 41]
T3
客户端数：10	时间：13.040712356567383	客户端：[30, 43, 1, 16, 17, 24, 58, 21, 48, 18]
客户端数：20	时间：52.9624388217926	客户端：[30, 43, 1, 16, 17, 24, 58, 21, 48, 18, 34, 36, 23, 22, 55, 56, 46, 63, 6, 12]
客户端数：30	时间：119.22024941444397	客户端：[30, 43, 1, 16, 17, 24, 58, 21, 48, 18, 34, 36, 23, 22, 55, 56, 46, 63, 6, 12, 10, 19, 60, 8, 14, 51, 33, 11, 2, 37]
客户端数：40	时间：211.50141525268555	客户端：[30, 43, 1, 16, 17, 24, 58, 21, 48, 18, 34, 36, 23, 22, 55, 56, 46, 63, 6, 12, 10, 19, 60, 8, 14, 51, 33, 11, 2, 37, 40, 3, 61, 44, 5, 15, 9, 28, 29, 47]
客户端数：50	时间：330.59642004966736	客户端：[30, 43, 1, 16, 17, 24, 58, 21, 48, 18, 34, 36, 23, 22, 55, 56, 46, 63, 6, 12, 10, 19, 60, 8, 14, 51, 33, 11, 2, 37, 40, 3, 61, 44, 5, 15, 9, 28, 29, 47, 45, 26, 4, 59, 27, 49, 25, 35, 64, 53]
客户端数：56	时间：415.15769052505493	客户端：[30, 43, 1, 16, 17, 24, 58, 21, 48, 18, 34, 36, 23, 22, 55, 56, 46, 63, 6, 12, 10, 19, 60, 8, 14, 51, 33, 11, 2, 37, 40, 3, 61, 44, 5, 15, 9, 28, 29, 47, 45, 26, 4, 59, 27, 49, 25, 35, 64, 53, 7, 39, 42, 31, 38, 41]
BYTE
客户端数：10	字节数：3200000	客户端：[21, 8, 59, 24, 43, 64, 18, 41, 30, 4]
客户端数：20	字节数：6400000	客户端：[21, 8, 59, 24, 43, 64, 18, 41, 30, 4, 56, 6, 40, 61, 47, 19, 44, 12, 42, 22]
客户端数：30	字节数：9600000	客户端：[21, 8, 59, 24, 43, 64, 18, 41, 30, 4, 56, 6, 40, 61, 47, 19, 44, 12, 42, 22, 28, 46, 2, 17, 15, 33, 34, 45, 29, 5]
客户端数：40	字节数：12800000	客户端：[21, 8, 59, 24, 43, 64, 18, 41, 30, 4, 56, 6, 40, 61, 47, 19, 44, 12, 42, 22, 28, 46, 2, 17, 15, 33, 34, 45, 29, 5, 7, 16, 53, 36, 60, 38, 23, 39, 37, 10]
客户端数：50	字节数：16000000	客户端：[21, 8, 59, 24, 43, 64, 18, 41, 30, 4, 56, 6, 40, 61, 47, 19, 44, 12, 42, 22, 28, 46, 2, 17, 15, 33, 34, 45, 29, 5, 7, 16, 53, 36, 60, 38, 23, 39, 37, 10, 51, 58, 27, 49, 11, 3, 9, 63, 55, 25]
客户端数：56	字节数：17920000	客户端：[21, 8, 59, 24, 43, 64, 18, 41, 30, 4, 56, 6, 40, 61, 47, 19, 44, 12, 42, 22, 28, 46, 2, 17, 15, 33, 34, 45, 29, 5, 7, 16, 53, 36, 60, 38, 23, 39, 37, 10, 51, 58, 27, 49, 11, 3, 9, 63, 55, 25, 35, 1, 48, 31, 14, 26]
PRO_LEN：320000
score：0.9644444444444444
loss rate：0.03555555555555556
finished iteration：2023-01-01 00:01:59.817839

Number of rounds 5
T1
客户端数：10	时间：0.0019943714141845703	客户端：[18, 43, 36, 23, 6, 8, 37, 58, 48, 61]
客户端数：20	时间：0.003988981246948242	客户端：[18, 43, 36, 23, 6, 8, 37, 58, 48, 61, 30, 10, 2, 11, 16, 56, 44, 63, 47, 24]
客户端数：30	时间：0.006982564926147461	客户端：[18, 43, 36, 23, 6, 8, 37, 58, 48, 61, 30, 10, 2, 11, 16, 56, 44, 63, 47, 24, 60, 28, 1, 9, 15, 19, 59, 26, 33, 14]
客户端数：40	时间：0.00897669792175293	客户端：[18, 43, 36, 23, 6, 8, 37, 58, 48, 61, 30, 10, 2, 11, 16, 56, 44, 63, 47, 24, 60, 28, 1, 9, 15, 19, 59, 26, 33, 14, 29, 4, 17, 49, 51, 25, 64, 35, 5, 55]
客户端数：50	时间：0.010972023010253906	客户端：[18, 43, 36, 23, 6, 8, 37, 58, 48, 61, 30, 10, 2, 11, 16, 56, 44, 63, 47, 24, 60, 28, 1, 9, 15, 19, 59, 26, 33, 14, 29, 4, 17, 49, 51, 25, 64, 35, 5, 55, 12, 7, 39, 42, 27, 22, 46, 31, 45, 38]
客户端数：55	时间：0.012965679168701172	客户端：[18, 43, 36, 23, 6, 8, 37, 58, 48, 61, 30, 10, 2, 11, 16, 56, 44, 63, 47, 24, 60, 28, 1, 9, 15, 19, 59, 26, 33, 14, 29, 4, 17, 49, 51, 25, 64, 35, 5, 55, 12, 7, 39, 42, 27, 22, 46, 31, 45, 38, 21, 34, 53, 40, 41]
T2
客户端数：10	时间：0.0019953250885009766	客户端：[43, 25, 1, 17, 48, 56, 23, 18, 16, 8]
客户端数：20	时间：0.0049877166748046875	客户端：[43, 25, 1, 17, 48, 56, 23, 18, 16, 8, 36, 55, 24, 35, 39, 46, 10, 22, 58, 38]
客户端数：30	时间：0.00598597526550293	客户端：[43, 25, 1, 17, 48, 56, 23, 18, 16, 8, 36, 55, 24, 35, 39, 46, 10, 22, 58, 38, 7, 60, 19, 61, 31, 11, 47, 51, 29, 49]
客户端数：40	时间：0.00598597526550293	客户端：[43, 25, 1, 17, 48, 56, 23, 18, 16, 8, 36, 55, 24, 35, 39, 46, 10, 22, 58, 38, 7, 60, 19, 61, 31, 11, 47, 51, 29, 49, 41, 27, 33, 26, 14, 45, 44, 63, 53, 59]
客户端数：50	时间：0.006983280181884766	客户端：[43, 25, 1, 17, 48, 56, 23, 18, 16, 8, 36, 55, 24, 35, 39, 46, 10, 22, 58, 38, 7, 60, 19, 61, 31, 11, 47, 51, 29, 49, 41, 27, 33, 26, 14, 45, 44, 63, 53, 59, 21, 28, 42, 2, 6, 64, 37, 30, 34, 15]
客户端数：55	时间：0.007980823516845703	客户端：[43, 25, 1, 17, 48, 56, 23, 18, 16, 8, 36, 55, 24, 35, 39, 46, 10, 22, 58, 38, 7, 60, 19, 61, 31, 11, 47, 51, 29, 49, 41, 27, 33, 26, 14, 45, 44, 63, 53, 59, 21, 28, 42, 2, 6, 64, 37, 30, 34, 15, 40, 4, 5, 12, 9]
T3
客户端数：10	时间：13.113682985305786	客户端：[43, 25, 1, 17, 48, 56, 23, 18, 16, 8]
客户端数：20	时间：52.77566719055176	客户端：[43, 25, 1, 17, 48, 56, 23, 18, 16, 8, 36, 55, 24, 35, 39, 46, 10, 22, 58, 38]
客户端数：30	时间：118.520840883255	客户端：[43, 25, 1, 17, 48, 56, 23, 18, 16, 8, 36, 55, 24, 35, 39, 46, 10, 22, 58, 38, 7, 60, 19, 61, 31, 11, 47, 51, 29, 49]
客户端数：40	时间：210.38436317443848	客户端：[43, 25, 1, 17, 48, 56, 23, 18, 16, 8, 36, 55, 24, 35, 39, 46, 10, 22, 58, 38, 7, 60, 19, 61, 31, 11, 47, 51, 29, 49, 41, 27, 33, 26, 14, 45, 44, 63, 53, 59]
客户端数：50	时间：328.4402129650116	客户端：[43, 25, 1, 17, 48, 56, 23, 18, 16, 8, 36, 55, 24, 35, 39, 46, 10, 22, 58, 38, 7, 60, 19, 61, 31, 11, 47, 51, 29, 49, 41, 27, 33, 26, 14, 45, 44, 63, 53, 59, 21, 28, 42, 2, 6, 64, 37, 30, 34, 15]
客户端数：55	时间：397.4505355358124	客户端：[43, 25, 1, 17, 48, 56, 23, 18, 16, 8, 36, 55, 24, 35, 39, 46, 10, 22, 58, 38, 7, 60, 19, 61, 31, 11, 47, 51, 29, 49, 41, 27, 33, 26, 14, 45, 44, 63, 53, 59, 21, 28, 42, 2, 6, 64, 37, 30, 34, 15, 40, 4, 5, 12, 9]
BYTE
客户端数：10	字节数：3200000	客户端：[18, 43, 36, 23, 6, 8, 37, 58, 48, 61]
客户端数：20	字节数：6400000	客户端：[18, 43, 36, 23, 6, 8, 37, 58, 48, 61, 30, 10, 2, 11, 16, 56, 44, 63, 47, 24]
客户端数：30	字节数：9600000	客户端：[18, 43, 36, 23, 6, 8, 37, 58, 48, 61, 30, 10, 2, 11, 16, 56, 44, 63, 47, 24, 60, 28, 1, 9, 15, 19, 59, 26, 33, 14]
客户端数：40	字节数：12800000	客户端：[18, 43, 36, 23, 6, 8, 37, 58, 48, 61, 30, 10, 2, 11, 16, 56, 44, 63, 47, 24, 60, 28, 1, 9, 15, 19, 59, 26, 33, 14, 29, 4, 17, 49, 51, 25, 64, 35, 5, 55]
客户端数：50	字节数：16000000	客户端：[18, 43, 36, 23, 6, 8, 37, 58, 48, 61, 30, 10, 2, 11, 16, 56, 44, 63, 47, 24, 60, 28, 1, 9, 15, 19, 59, 26, 33, 14, 29, 4, 17, 49, 51, 25, 64, 35, 5, 55, 12, 7, 39, 42, 27, 22, 46, 31, 45, 38]
客户端数：55	字节数：17600000	客户端：[18, 43, 36, 23, 6, 8, 37, 58, 48, 61, 30, 10, 2, 11, 16, 56, 44, 63, 47, 24, 60, 28, 1, 9, 15, 19, 59, 26, 33, 14, 29, 4, 17, 49, 51, 25, 64, 35, 5, 55, 12, 7, 39, 42, 27, 22, 46, 31, 45, 38, 21, 34, 53, 40, 41]
PRO_LEN：320000
score：0.9654603174603175
loss rate：0.03453968253968254
finished iteration：2023-01-01 00:02:29.383273

Number of rounds 6
T1
客户端数：10	时间：0.0029840469360351562	客户端：[18, 16, 39, 1, 61, 47, 36, 10, 56, 24]
客户端数：20	时间：0.003980875015258789	客户端：[18, 16, 39, 1, 61, 47, 36, 10, 56, 24, 7, 49, 58, 11, 41, 38, 35, 60, 33, 55]
客户端数：30	时间：0.005984067916870117	客户端：[18, 16, 39, 1, 61, 47, 36, 10, 56, 24, 7, 49, 58, 11, 41, 38, 35, 60, 33, 55, 27, 14, 19, 44, 45, 22, 59, 48, 21, 28]
客户端数：40	时间：0.007978677749633789	客户端：[18, 16, 39, 1, 61, 47, 36, 10, 56, 24, 7, 49, 58, 11, 41, 38, 35, 60, 33, 55, 27, 14, 19, 44, 45, 22, 59, 48, 21, 28, 31, 51, 2, 42, 26, 6, 37, 30, 34, 46]
客户端数：50	时间：0.009974002838134766	客户端：[18, 16, 39, 1, 61, 47, 36, 10, 56, 24, 7, 49, 58, 11, 41, 38, 35, 60, 33, 55, 27, 14, 19, 44, 45, 22, 59, 48, 21, 28, 31, 51, 2, 42, 26, 6, 37, 30, 34, 46, 53, 64, 17, 15, 63, 40, 4, 29, 5, 23]
客户端数：55	时间：0.010971307754516602	客户端：[18, 16, 39, 1, 61, 47, 36, 10, 56, 24, 7, 49, 58, 11, 41, 38, 35, 60, 33, 55, 27, 14, 19, 44, 45, 22, 59, 48, 21, 28, 31, 51, 2, 42, 26, 6, 37, 30, 34, 46, 53, 64, 17, 15, 63, 40, 4, 29, 5, 23, 12, 8, 25, 9, 43]
T2
客户端数：10	时间：0.0	客户端：[25, 1, 64, 43, 35, 16, 56, 48, 24, 17]
客户端数：20	时间：0.0019941329956054688	客户端：[25, 1, 64, 43, 35, 16, 56, 48, 24, 17, 59, 18, 36, 34, 8, 21, 19, 23, 31, 22]
客户端数：30	时间：0.003988742828369141	客户端：[25, 1, 64, 43, 35, 16, 56, 48, 24, 17, 59, 18, 36, 34, 8, 21, 19, 23, 31, 22, 10, 41, 44, 37, 61, 51, 58, 33, 53, 42]
客户端数：40	时间：0.0059833526611328125	客户端：[25, 1, 64, 43, 35, 16, 56, 48, 24, 17, 59, 18, 36, 34, 8, 21, 19, 23, 31, 22, 10, 41, 44, 37, 61, 51, 58, 33, 53, 42, 27, 5, 63, 14, 55, 9, 46, 4, 49, 11]
客户端数：50	时间：0.007977962493896484	客户端：[25, 1, 64, 43, 35, 16, 56, 48, 24, 17, 59, 18, 36, 34, 8, 21, 19, 23, 31, 22, 10, 41, 44, 37, 61, 51, 58, 33, 53, 42, 27, 5, 63, 14, 55, 9, 46, 4, 49, 11, 30, 39, 40, 29, 2, 7, 26, 47, 12, 28]
客户端数：55	时间：0.008975744247436523	客户端：[25, 1, 64, 43, 35, 16, 56, 48, 24, 17, 59, 18, 36, 34, 8, 21, 19, 23, 31, 22, 10, 41, 44, 37, 61, 51, 58, 33, 53, 42, 27, 5, 63, 14, 55, 9, 46, 4, 49, 11, 30, 39, 40, 29, 2, 7, 26, 47, 12, 28, 45, 38, 6, 15, 60]
T3
客户端数：10	时间：13.089815378189087	客户端：[25, 1, 64, 43, 35, 16, 56, 48, 24, 17]
客户端数：20	时间：52.488903760910034	客户端：[25, 1, 64, 43, 35, 16, 56, 48, 24, 17, 59, 18, 36, 34, 8, 21, 19, 23, 31, 22]
客户端数：30	时间：117.88902926445007	客户端：[25, 1, 64, 43, 35, 16, 56, 48, 24, 17, 59, 18, 36, 34, 8, 21, 19, 23, 31, 22, 10, 41, 44, 37, 61, 51, 58, 33, 53, 42]
客户端数：40	时间：210.1406819820404	客户端：[25, 1, 64, 43, 35, 16, 56, 48, 24, 17, 59, 18, 36, 34, 8, 21, 19, 23, 31, 22, 10, 41, 44, 37, 61, 51, 58, 33, 53, 42, 27, 5, 63, 14, 55, 9, 46, 4, 49, 11]
客户端数：50	时间：328.51657581329346	客户端：[25, 1, 64, 43, 35, 16, 56, 48, 24, 17, 59, 18, 36, 34, 8, 21, 19, 23, 31, 22, 10, 41, 44, 37, 61, 51, 58, 33, 53, 42, 27, 5, 63, 14, 55, 9, 46, 4, 49, 11, 30, 39, 40, 29, 2, 7, 26, 47, 12, 28]
客户端数：55	时间：397.751900434494	客户端：[25, 1, 64, 43, 35, 16, 56, 48, 24, 17, 59, 18, 36, 34, 8, 21, 19, 23, 31, 22, 10, 41, 44, 37, 61, 51, 58, 33, 53, 42, 27, 5, 63, 14, 55, 9, 46, 4, 49, 11, 30, 39, 40, 29, 2, 7, 26, 47, 12, 28, 45, 38, 6, 15, 60]
BYTE
客户端数：10	字节数：3200000	客户端：[18, 16, 39, 1, 61, 47, 36, 10, 56, 24]
客户端数：20	字节数：6400000	客户端：[18, 16, 39, 1, 61, 47, 36, 10, 56, 24, 7, 49, 58, 11, 41, 38, 35, 60, 33, 55]
客户端数：30	字节数：9600000	客户端：[18, 16, 39, 1, 61, 47, 36, 10, 56, 24, 7, 49, 58, 11, 41, 38, 35, 60, 33, 55, 27, 14, 19, 44, 45, 22, 59, 48, 21, 28]
客户端数：40	字节数：12800000	客户端：[18, 16, 39, 1, 61, 47, 36, 10, 56, 24, 7, 49, 58, 11, 41, 38, 35, 60, 33, 55, 27, 14, 19, 44, 45, 22, 59, 48, 21, 28, 31, 51, 2, 42, 26, 6, 37, 30, 34, 46]
客户端数：50	字节数：16000000	客户端：[18, 16, 39, 1, 61, 47, 36, 10, 56, 24, 7, 49, 58, 11, 41, 38, 35, 60, 33, 55, 27, 14, 19, 44, 45, 22, 59, 48, 21, 28, 31, 51, 2, 42, 26, 6, 37, 30, 34, 46, 53, 64, 17, 15, 63, 40, 4, 29, 5, 23]
客户端数：55	字节数：17600000	客户端：[18, 16, 39, 1, 61, 47, 36, 10, 56, 24, 7, 49, 58, 11, 41, 38, 35, 60, 33, 55, 27, 14, 19, 44, 45, 22, 59, 48, 21, 28, 31, 51, 2, 42, 26, 6, 37, 30, 34, 46, 53, 64, 17, 15, 63, 40, 4, 29, 5, 23, 12, 8, 25, 9, 43]
PRO_LEN：320000
score：0.9676190476190476
loss rate：0.0323809523809524
finished iteration：2023-01-01 00:02:58.961805

Number of rounds 7
T1
客户端数：10	时间：0.0019648075103759766	客户端：[25, 64, 43, 18, 8, 16, 41, 36, 24, 37]
客户端数：20	时间：0.0069539546966552734	客户端：[25, 64, 43, 18, 8, 16, 41, 36, 24, 37, 61, 23, 44, 17, 5, 9, 31, 53, 55, 34]
客户端数：30	时间：0.008952140808105469	客户端：[25, 64, 43, 18, 8, 16, 41, 36, 24, 37, 61, 23, 44, 17, 5, 9, 31, 53, 55, 34, 35, 48, 49, 63, 21, 4, 56, 58, 14, 59]
客户端数：40	时间：0.01094675064086914	客户端：[25, 64, 43, 18, 8, 16, 41, 36, 24, 37, 61, 23, 44, 17, 5, 9, 31, 53, 55, 34, 35, 48, 49, 63, 21, 4, 56, 58, 14, 59, 51, 39, 30, 1, 19, 40, 2, 26, 7, 29]
客户端数：50	时间：0.01794743537902832	客户端：[25, 64, 43, 18, 8, 16, 41, 36, 24, 37, 61, 23, 44, 17, 5, 9, 31, 53, 55, 34, 35, 48, 49, 63, 21, 4, 56, 58, 14, 59, 51, 39, 30, 1, 19, 40, 2, 26, 7, 29, 12, 22, 11, 28, 27, 42, 45, 38, 47, 46]
客户端数：55	时间：0.01794743537902832	客户端：[25, 64, 43, 18, 8, 16, 41, 36, 24, 37, 61, 23, 44, 17, 5, 9, 31, 53, 55, 34, 35, 48, 49, 63, 21, 4, 56, 58, 14, 59, 51, 39, 30, 1, 19, 40, 2, 26, 7, 29, 12, 22, 11, 28, 27, 42, 45, 38, 47, 46, 6, 10, 15, 60, 33]
T2
客户端数：10	时间：0.00398707389831543	客户端：[25, 30, 43, 64, 1, 21, 17, 35, 56, 59]
客户端数：20	时间：0.007983684539794922	客户端：[25, 30, 43, 64, 1, 21, 17, 35, 56, 59, 24, 16, 18, 38, 36, 34, 46, 7, 60, 40]
客户端数：30	时间：0.011973142623901367	客户端：[25, 30, 43, 64, 1, 21, 17, 35, 56, 59, 24, 16, 18, 38, 36, 34, 46, 7, 60, 40, 44, 61, 63, 41, 12, 53, 51, 42, 33, 37]
客户端数：40	时间：0.01696181297302246	客户端：[25, 30, 43, 64, 1, 21, 17, 35, 56, 59, 24, 16, 18, 38, 36, 34, 46, 7, 60, 40, 44, 61, 63, 41, 12, 53, 51, 42, 33, 37, 28, 10, 14, 9, 15, 31, 23, 58, 11, 19]
客户端数：50	时间：0.017004013061523438	客户端：[25, 30, 43, 64, 1, 21, 17, 35, 56, 59, 24, 16, 18, 38, 36, 34, 46, 7, 60, 40, 44, 61, 63, 41, 12, 53, 51, 42, 33, 37, 28, 10, 14, 9, 15, 31, 23, 58, 11, 19, 27, 47, 5, 8, 45, 26, 39, 22, 2, 4]
客户端数：55	时间：0.018002033233642578	客户端：[25, 30, 43, 64, 1, 21, 17, 35, 56, 59, 24, 16, 18, 38, 36, 34, 46, 7, 60, 40, 44, 61, 63, 41, 12, 53, 51, 42, 33, 37, 28, 10, 14, 9, 15, 31, 23, 58, 11, 19, 27, 47, 5, 8, 45, 26, 39, 22, 2, 4, 49, 55, 48, 6, 29]
T3
客户端数：10	时间：15.122487783432007	客户端：[25, 30, 43, 64, 1, 21, 17, 35, 56, 59]
客户端数：20	时间：57.56379175186157	客户端：[25, 30, 43, 64, 1, 21, 17, 35, 56, 59, 24, 16, 18, 38, 36, 34, 46, 7, 60, 40]
客户端数：30	时间：126.23741340637207	客户端：[25, 30, 43, 64, 1, 21, 17, 35, 56, 59, 24, 16, 18, 38, 36, 34, 46, 7, 60, 40, 44, 61, 63, 41, 12, 53, 51, 42, 33, 37]
客户端数：40	时间：220.95594239234924	客户端：[25, 30, 43, 64, 1, 21, 17, 35, 56, 59, 24, 16, 18, 38, 36, 34, 46, 7, 60, 40, 44, 61, 63, 41, 12, 53, 51, 42, 33, 37, 28, 10, 14, 9, 15, 31, 23, 58, 11, 19]
客户端数：50	时间：342.0283353328705	客户端：[25, 30, 43, 64, 1, 21, 17, 35, 56, 59, 24, 16, 18, 38, 36, 34, 46, 7, 60, 40, 44, 61, 63, 41, 12, 53, 51, 42, 33, 37, 28, 10, 14, 9, 15, 31, 23, 58, 11, 19, 27, 47, 5, 8, 45, 26, 39, 22, 2, 4]
客户端数：55	时间：412.431804895401	客户端：[25, 30, 43, 64, 1, 21, 17, 35, 56, 59, 24, 16, 18, 38, 36, 34, 46, 7, 60, 40, 44, 61, 63, 41, 12, 53, 51, 42, 33, 37, 28, 10, 14, 9, 15, 31, 23, 58, 11, 19, 27, 47, 5, 8, 45, 26, 39, 22, 2, 4, 49, 55, 48, 6, 29]
BYTE
客户端数：10	字节数：3200000	客户端：[25, 64, 43, 18, 8, 16, 41, 36, 24, 37]
客户端数：20	字节数：6400000	客户端：[25, 64, 43, 18, 8, 16, 41, 36, 24, 37, 61, 23, 44, 17, 5, 9, 31, 53, 55, 34]
客户端数：30	字节数：9600000	客户端：[25, 64, 43, 18, 8, 16, 41, 36, 24, 37, 61, 23, 44, 17, 5, 9, 31, 53, 55, 34, 35, 48, 49, 63, 21, 4, 56, 58, 14, 59]
客户端数：40	字节数：12800000	客户端：[25, 64, 43, 18, 8, 16, 41, 36, 24, 37, 61, 23, 44, 17, 5, 9, 31, 53, 55, 34, 35, 48, 49, 63, 21, 4, 56, 58, 14, 59, 51, 39, 30, 1, 19, 40, 2, 26, 7, 29]
客户端数：50	字节数：16000000	客户端：[25, 64, 43, 18, 8, 16, 41, 36, 24, 37, 61, 23, 44, 17, 5, 9, 31, 53, 55, 34, 35, 48, 49, 63, 21, 4, 56, 58, 14, 59, 51, 39, 30, 1, 19, 40, 2, 26, 7, 29, 12, 22, 11, 28, 27, 42, 45, 38, 47, 46]
客户端数：55	字节数：17600000	客户端：[25, 64, 43, 18, 8, 16, 41, 36, 24, 37, 61, 23, 44, 17, 5, 9, 31, 53, 55, 34, 35, 48, 49, 63, 21, 4, 56, 58, 14, 59, 51, 39, 30, 1, 19, 40, 2, 26, 7, 29, 12, 22, 11, 28, 27, 42, 45, 38, 47, 46, 6, 10, 15, 60, 33]
PRO_LEN：320000
score：0.9672380952380952
loss rate：0.03276190476190477
finished iteration：2023-01-01 00:03:29.109148

Number of rounds 8
T1
客户端数：10	时间：0.002992391586303711	客户端：[25, 64, 21, 43, 16, 41, 61, 35, 36, 37]
客户端数：20	时间：0.003989458084106445	客户端：[25, 64, 21, 43, 16, 41, 61, 35, 36, 37, 44, 1, 7, 28, 9, 60, 46, 34, 59, 38]
客户端数：30	时间：0.005984783172607422	客户端：[25, 64, 21, 43, 16, 41, 61, 35, 36, 37, 44, 1, 7, 28, 9, 60, 46, 34, 59, 38, 53, 42, 40, 51, 23, 17, 31, 47, 12, 27]
客户端数：40	时间：0.007979154586791992	客户端：[25, 64, 21, 43, 16, 41, 61, 35, 36, 37, 44, 1, 7, 28, 9, 60, 46, 34, 59, 38, 53, 42, 40, 51, 23, 17, 31, 47, 12, 27, 8, 39, 26, 45, 5, 11, 14, 15, 19, 2]
客户端数：50	时间：0.009973526000976562	客户端：[25, 64, 21, 43, 16, 41, 61, 35, 36, 37, 44, 1, 7, 28, 9, 60, 46, 34, 59, 38, 53, 42, 40, 51, 23, 17, 31, 47, 12, 27, 8, 39, 26, 45, 5, 11, 14, 15, 19, 2, 22, 49, 58, 24, 56, 4, 55, 48, 30, 18]
客户端数：55	时间：0.010970592498779297	客户端：[25, 64, 21, 43, 16, 41, 61, 35, 36, 37, 44, 1, 7, 28, 9, 60, 46, 34, 59, 38, 53, 42, 40, 51, 23, 17, 31, 47, 12, 27, 8, 39, 26, 45, 5, 11, 14, 15, 19, 2, 22, 49, 58, 24, 56, 4, 55, 48, 30, 18, 6, 29, 63, 10, 33]
T2
客户端数：10	时间：0.0020110607147216797	客户端：[30, 1, 21, 64, 17, 35, 43, 48, 58, 25]
客户端数：20	时间：0.0030088424682617188	客户端：[30, 1, 21, 64, 17, 35, 43, 48, 58, 25, 24, 16, 59, 40, 8, 55, 6, 63, 23, 31]
客户端数：30	时间：0.00497889518737793	客户端：[30, 1, 21, 64, 17, 35, 43, 48, 58, 25, 24, 16, 59, 40, 8, 55, 6, 63, 23, 31, 39, 41, 10, 7, 37, 12, 36, 2, 26, 11]
客户端数：40	时间：0.0069732666015625	客户端：[30, 1, 21, 64, 17, 35, 43, 48, 58, 25, 24, 16, 59, 40, 8, 55, 6, 63, 23, 31, 39, 41, 10, 7, 37, 12, 36, 2, 26, 11, 45, 5, 19, 51, 53, 49, 29, 42, 9, 61]
客户端数：50	时间：0.00996541976928711	客户端：[30, 1, 21, 64, 17, 35, 43, 48, 58, 25, 24, 16, 59, 40, 8, 55, 6, 63, 23, 31, 39, 41, 10, 7, 37, 12, 36, 2, 26, 11, 45, 5, 19, 51, 53, 49, 29, 42, 9, 61, 38, 14, 56, 34, 27, 22, 46, 47, 60, 33]
客户端数：55	时间：0.010962963104248047	客户端：[30, 1, 21, 64, 17, 35, 43, 48, 58, 25, 24, 16, 59, 40, 8, 55, 6, 63, 23, 31, 39, 41, 10, 7, 37, 12, 36, 2, 26, 11, 45, 5, 19, 51, 53, 49, 29, 42, 9, 61, 38, 14, 56, 34, 27, 22, 46, 47, 60, 33, 44, 15, 28, 18, 4]
T3
客户端数：10	时间：13.163424730300903	客户端：[30, 1, 21, 64, 17, 35, 43, 48, 58, 25]
客户端数：20	时间：52.39464449882507	客户端：[30, 1, 21, 64, 17, 35, 43, 48, 58, 25, 24, 16, 59, 40, 8, 55, 6, 63, 23, 31]
客户端数：30	时间：117.87121367454529	客户端：[30, 1, 21, 64, 17, 35, 43, 48, 58, 25, 24, 16, 59, 40, 8, 55, 6, 63, 23, 31, 39, 41, 10, 7, 37, 12, 36, 2, 26, 11]
客户端数：40	时间：210.24596047401428	客户端：[30, 1, 21, 64, 17, 35, 43, 48, 58, 25, 24, 16, 59, 40, 8, 55, 6, 63, 23, 31, 39, 41, 10, 7, 37, 12, 36, 2, 26, 11, 45, 5, 19, 51, 53, 49, 29, 42, 9, 61]
客户端数：50	时间：329.2790307998657	客户端：[30, 1, 21, 64, 17, 35, 43, 48, 58, 25, 24, 16, 59, 40, 8, 55, 6, 63, 23, 31, 39, 41, 10, 7, 37, 12, 36, 2, 26, 11, 45, 5, 19, 51, 53, 49, 29, 42, 9, 61, 38, 14, 56, 34, 27, 22, 46, 47, 60, 33]
客户端数：55	时间：398.66191506385803	客户端：[30, 1, 21, 64, 17, 35, 43, 48, 58, 25, 24, 16, 59, 40, 8, 55, 6, 63, 23, 31, 39, 41, 10, 7, 37, 12, 36, 2, 26, 11, 45, 5, 19, 51, 53, 49, 29, 42, 9, 61, 38, 14, 56, 34, 27, 22, 46, 47, 60, 33, 44, 15, 28, 18, 4]
BYTE
客户端数：10	字节数：3200000	客户端：[25, 64, 21, 43, 16, 41, 61, 35, 36, 37]
客户端数：20	字节数：6400000	客户端：[25, 64, 21, 43, 16, 41, 61, 35, 36, 37, 44, 1, 7, 28, 9, 60, 46, 34, 59, 38]
客户端数：30	字节数：9600000	客户端：[25, 64, 21, 43, 16, 41, 61, 35, 36, 37, 44, 1, 7, 28, 9, 60, 46, 34, 59, 38, 53, 42, 40, 51, 23, 17, 31, 47, 12, 27]
客户端数：40	字节数：12800000	客户端：[25, 64, 21, 43, 16, 41, 61, 35, 36, 37, 44, 1, 7, 28, 9, 60, 46, 34, 59, 38, 53, 42, 40, 51, 23, 17, 31, 47, 12, 27, 8, 39, 26, 45, 5, 11, 14, 15, 19, 2]
客户端数：50	字节数：16000000	客户端：[25, 64, 21, 43, 16, 41, 61, 35, 36, 37, 44, 1, 7, 28, 9, 60, 46, 34, 59, 38, 53, 42, 40, 51, 23, 17, 31, 47, 12, 27, 8, 39, 26, 45, 5, 11, 14, 15, 19, 2, 22, 49, 58, 24, 56, 4, 55, 48, 30, 18]
客户端数：55	字节数：17600000	客户端：[25, 64, 21, 43, 16, 41, 61, 35, 36, 37, 44, 1, 7, 28, 9, 60, 46, 34, 59, 38, 53, 42, 40, 51, 23, 17, 31, 47, 12, 27, 8, 39, 26, 45, 5, 11, 14, 15, 19, 2, 22, 49, 58, 24, 56, 4, 55, 48, 30, 18, 6, 29, 63, 10, 33]
PRO_LEN：320000
score：0.9671746031746031
loss rate：0.03282539682539687
finished iteration：2023-01-01 00:03:58.749181

Number of rounds 9
T1
客户端数：10	时间：0.001994609832763672	客户端：[21, 64, 43, 24, 25, 6, 39, 37, 41, 48]
客户端数：20	时间：0.003989219665527344	客户端：[21, 64, 43, 24, 25, 6, 39, 37, 41, 48, 1, 8, 17, 2, 59, 10, 36, 7, 49, 31]
客户端数：30	时间：0.006983041763305664	客户端：[21, 64, 43, 24, 25, 6, 39, 37, 41, 48, 1, 8, 17, 2, 59, 10, 36, 7, 49, 31, 12, 61, 5, 26, 9, 11, 19, 42, 55, 53]
客户端数：40	时间：0.008977651596069336	客户端：[21, 64, 43, 24, 25, 6, 39, 37, 41, 48, 1, 8, 17, 2, 59, 10, 36, 7, 49, 31, 12, 61, 5, 26, 9, 11, 19, 42, 55, 53, 29, 51, 16, 45, 56, 14, 27, 38, 22, 47]
客户端数：50	时间：0.011969566345214844	客户端：[21, 64, 43, 24, 25, 6, 39, 37, 41, 48, 1, 8, 17, 2, 59, 10, 36, 7, 49, 31, 12, 61, 5, 26, 9, 11, 19, 42, 55, 53, 29, 51, 16, 45, 56, 14, 27, 38, 22, 47, 34, 63, 46, 60, 33, 44, 40, 23, 15, 18]
客户端数：55	时间：0.011969566345214844	客户端：[21, 64, 43, 24, 25, 6, 39, 37, 41, 48, 1, 8, 17, 2, 59, 10, 36, 7, 49, 31, 12, 61, 5, 26, 9, 11, 19, 42, 55, 53, 29, 51, 16, 45, 56, 14, 27, 38, 22, 47, 34, 63, 46, 60, 33, 44, 40, 23, 15, 18, 28, 30, 4, 35, 58]
T2
客户端数：10	时间：0.002993345260620117	客户端：[25, 64, 21, 35, 48, 56, 43, 1, 24, 18]
客户端数：20	时间：0.007981538772583008	客户端：[25, 64, 21, 35, 48, 56, 43, 1, 24, 18, 40, 23, 36, 4, 58, 22, 39, 34, 6, 38]
客户端数：30	时间：0.008979320526123047	客户端：[25, 64, 21, 35, 48, 56, 43, 1, 24, 18, 40, 23, 36, 4, 58, 22, 39, 34, 6, 38, 59, 61, 51, 47, 11, 2, 10, 33, 45, 15]
客户端数：40	时间：0.010974407196044922	客户端：[25, 64, 21, 35, 48, 56, 43, 1, 24, 18, 40, 23, 36, 4, 58, 22, 39, 34, 6, 38, 59, 61, 51, 47, 11, 2, 10, 33, 45, 15, 19, 16, 27, 28, 49, 14, 55, 53, 44, 46]
客户端数：50	时间：0.011972188949584961	客户端：[25, 64, 21, 35, 48, 56, 43, 1, 24, 18, 40, 23, 36, 4, 58, 22, 39, 34, 6, 38, 59, 61, 51, 47, 11, 2, 10, 33, 45, 15, 19, 16, 27, 28, 49, 14, 55, 53, 44, 46, 17, 29, 7, 12, 42, 30, 41, 26, 9, 8]
客户端数：55	时间：0.013967275619506836	客户端：[25, 64, 21, 35, 48, 56, 43, 1, 24, 18, 40, 23, 36, 4, 58, 22, 39, 34, 6, 38, 59, 61, 51, 47, 11, 2, 10, 33, 45, 15, 19, 16, 27, 28, 49, 14, 55, 53, 44, 46, 17, 29, 7, 12, 42, 30, 41, 26, 9, 8, 63, 60, 5, 37, 31]
T3
客户端数：10	时间：13.197845458984375	客户端：[25, 64, 21, 35, 48, 56, 43, 1, 24, 18]
客户端数：20	时间：52.15727877616882	客户端：[25, 64, 21, 35, 48, 56, 43, 1, 24, 18, 40, 23, 36, 4, 58, 22, 39, 34, 6, 38]
客户端数：30	时间：117.24364638328552	客户端：[25, 64, 21, 35, 48, 56, 43, 1, 24, 18, 40, 23, 36, 4, 58, 22, 39, 34, 6, 38, 59, 61, 51, 47, 11, 2, 10, 33, 45, 15]
客户端数：40	时间：208.80400562286377	客户端：[25, 64, 21, 35, 48, 56, 43, 1, 24, 18, 40, 23, 36, 4, 58, 22, 39, 34, 6, 38, 59, 61, 51, 47, 11, 2, 10, 33, 45, 15, 19, 16, 27, 28, 49, 14, 55, 53, 44, 46]
客户端数：50	时间：327.3105528354645	客户端：[25, 64, 21, 35, 48, 56, 43, 1, 24, 18, 40, 23, 36, 4, 58, 22, 39, 34, 6, 38, 59, 61, 51, 47, 11, 2, 10, 33, 45, 15, 19, 16, 27, 28, 49, 14, 55, 53, 44, 46, 17, 29, 7, 12, 42, 30, 41, 26, 9, 8]
客户端数：55	时间：396.66524291038513	客户端：[25, 64, 21, 35, 48, 56, 43, 1, 24, 18, 40, 23, 36, 4, 58, 22, 39, 34, 6, 38, 59, 61, 51, 47, 11, 2, 10, 33, 45, 15, 19, 16, 27, 28, 49, 14, 55, 53, 44, 46, 17, 29, 7, 12, 42, 30, 41, 26, 9, 8, 63, 60, 5, 37, 31]
BYTE
客户端数：10	字节数：3200000	客户端：[21, 64, 43, 24, 25, 6, 39, 37, 41, 48]
客户端数：20	字节数：6400000	客户端：[21, 64, 43, 24, 25, 6, 39, 37, 41, 48, 1, 8, 17, 2, 59, 10, 36, 7, 49, 31]
客户端数：30	字节数：9600000	客户端：[21, 64, 43, 24, 25, 6, 39, 37, 41, 48, 1, 8, 17, 2, 59, 10, 36, 7, 49, 31, 12, 61, 5, 26, 9, 11, 19, 42, 55, 53]
客户端数：40	字节数：12800000	客户端：[21, 64, 43, 24, 25, 6, 39, 37, 41, 48, 1, 8, 17, 2, 59, 10, 36, 7, 49, 31, 12, 61, 5, 26, 9, 11, 19, 42, 55, 53, 29, 51, 16, 45, 56, 14, 27, 38, 22, 47]
客户端数：50	字节数：16000000	客户端：[21, 64, 43, 24, 25, 6, 39, 37, 41, 48, 1, 8, 17, 2, 59, 10, 36, 7, 49, 31, 12, 61, 5, 26, 9, 11, 19, 42, 55, 53, 29, 51, 16, 45, 56, 14, 27, 38, 22, 47, 34, 63, 46, 60, 33, 44, 40, 23, 15, 18]
客户端数：55	字节数：17600000	客户端：[21, 64, 43, 24, 25, 6, 39, 37, 41, 48, 1, 8, 17, 2, 59, 10, 36, 7, 49, 31, 12, 61, 5, 26, 9, 11, 19, 42, 55, 53, 29, 51, 16, 45, 56, 14, 27, 38, 22, 47, 34, 63, 46, 60, 33, 44, 40, 23, 15, 18, 28, 30, 4, 35, 58]
PRO_LEN：320000
score：0.9680634920634921
loss rate：0.03193650793650793
finished iteration：2023-01-01 00:04:28.316394

Number of rounds 10
T1
客户端数：10	时间：0.001995086669921875	客户端：[64, 21, 25, 43, 6, 35, 47, 1, 39, 24]
客户端数：20	时间：0.005984306335449219	客户端：[64, 21, 25, 43, 6, 35, 47, 1, 39, 24, 61, 48, 23, 56, 11, 22, 59, 58, 16, 28]
客户端数：30	时间：0.00797891616821289	客户端：[64, 21, 25, 43, 6, 35, 47, 1, 39, 24, 61, 48, 23, 56, 11, 22, 59, 58, 16, 28, 10, 15, 34, 19, 51, 44, 33, 53, 29, 46]
客户端数：40	时间：0.008980751037597656	客户端：[64, 21, 25, 43, 6, 35, 47, 1, 39, 24, 61, 48, 23, 56, 11, 22, 59, 58, 16, 28, 10, 15, 34, 19, 51, 44, 33, 53, 29, 46, 49, 17, 14, 4, 42, 7, 2, 30, 18, 41]
客户端数：50	时间：0.010972261428833008	客户端：[64, 21, 25, 43, 6, 35, 47, 1, 39, 24, 61, 48, 23, 56, 11, 22, 59, 58, 16, 28, 10, 15, 34, 19, 51, 44, 33, 53, 29, 46, 49, 17, 14, 4, 42, 7, 2, 30, 18, 41, 27, 40, 8, 63, 12, 60, 55, 5, 38, 37]
客户端数：55	时间：0.011969327926635742	客户端：[64, 21, 25, 43, 6, 35, 47, 1, 39, 24, 61, 48, 23, 56, 11, 22, 59, 58, 16, 28, 10, 15, 34, 19, 51, 44, 33, 53, 29, 46, 49, 17, 14, 4, 42, 7, 2, 30, 18, 41, 27, 40, 8, 63, 12, 60, 55, 5, 38, 37, 45, 36, 31, 9, 26]
T2
客户端数：10	时间：0.002460956573486328	客户端：[30, 16, 43, 1, 56, 24, 25, 17, 23, 40]
客户端数：20	时间：0.002460956573486328	客户端：[30, 16, 43, 1, 56, 24, 25, 17, 23, 40, 38, 36, 18, 22, 58, 34, 19, 63, 35, 31]
客户端数：30	时间：0.004456520080566406	客户端：[30, 16, 43, 1, 56, 24, 25, 17, 23, 40, 38, 36, 18, 22, 58, 34, 19, 63, 35, 31, 49, 55, 61, 7, 33, 6, 27, 60, 26, 28]
客户端数：40	时间：0.006450653076171875	客户端：[30, 16, 43, 1, 56, 24, 25, 17, 23, 40, 38, 36, 18, 22, 58, 34, 19, 63, 35, 31, 49, 55, 61, 7, 33, 6, 27, 60, 26, 28, 51, 2, 41, 47, 29, 42, 48, 21, 9, 5]
客户端数：50	时间：0.008444786071777344	客户端：[30, 16, 43, 1, 56, 24, 25, 17, 23, 40, 38, 36, 18, 22, 58, 34, 19, 63, 35, 31, 49, 55, 61, 7, 33, 6, 27, 60, 26, 28, 51, 2, 41, 47, 29, 42, 48, 21, 9, 5, 45, 10, 39, 8, 37, 11, 14, 4, 44, 46]
客户端数：55	时间：0.008444786071777344	客户端：[30, 16, 43, 1, 56, 24, 25, 17, 23, 40, 38, 36, 18, 22, 58, 34, 19, 63, 35, 31, 49, 55, 61, 7, 33, 6, 27, 60, 26, 28, 51, 2, 41, 47, 29, 42, 48, 21, 9, 5, 45, 10, 39, 8, 37, 11, 14, 4, 44, 46, 64, 15, 12, 59, 53]
T3
客户端数：10	时间：1.2148089408874512	客户端：[30, 16, 43, 1, 56, 24, 25, 17, 23, 40]
客户端数：20	时间：2.4465091228485107	客户端：[30, 16, 43, 1, 56, 24, 25, 17, 23, 40, 38, 36, 18, 22, 58, 34, 19, 63, 35, 31]
客户端数：30	时间：3.6981542110443115	客户端：[30, 16, 43, 1, 56, 24, 25, 17, 23, 40, 38, 36, 18, 22, 58, 34, 19, 63, 35, 31, 49, 55, 61, 7, 33, 6, 27, 60, 26, 28]
客户端数：40	时间：4.967752456665039	客户端：[30, 16, 43, 1, 56, 24, 25, 17, 23, 40, 38, 36, 18, 22, 58, 34, 19, 63, 35, 31, 49, 55, 61, 7, 33, 6, 27, 60, 26, 28, 51, 2, 41, 47, 29, 42, 48, 21, 9, 5]
客户端数：50	时间：6.257302761077881	客户端：[30, 16, 43, 1, 56, 24, 25, 17, 23, 40, 38, 36, 18, 22, 58, 34, 19, 63, 35, 31, 49, 55, 61, 7, 33, 6, 27, 60, 26, 28, 51, 2, 41, 47, 29, 42, 48, 21, 9, 5, 45, 10, 39, 8, 37, 11, 14, 4, 44, 46]
客户端数：55	时间：6.910560369491577	客户端：[30, 16, 43, 1, 56, 24, 25, 17, 23, 40, 38, 36, 18, 22, 58, 34, 19, 63, 35, 31, 49, 55, 61, 7, 33, 6, 27, 60, 26, 28, 51, 2, 41, 47, 29, 42, 48, 21, 9, 5, 45, 10, 39, 8, 37, 11, 14, 4, 44, 46, 64, 15, 12, 59, 53]
BYTE
客户端数：10	字节数：3200000	客户端：[64, 21, 25, 43, 6, 35, 47, 1, 39, 24]
客户端数：20	字节数：6400000	客户端：[64, 21, 25, 43, 6, 35, 47, 1, 39, 24, 61, 48, 23, 56, 11, 22, 59, 58, 16, 28]
客户端数：30	字节数：9600000	客户端：[64, 21, 25, 43, 6, 35, 47, 1, 39, 24, 61, 48, 23, 56, 11, 22, 59, 58, 16, 28, 10, 15, 34, 19, 51, 44, 33, 53, 29, 46]
客户端数：40	字节数：12800000	客户端：[64, 21, 25, 43, 6, 35, 47, 1, 39, 24, 61, 48, 23, 56, 11, 22, 59, 58, 16, 28, 10, 15, 34, 19, 51, 44, 33, 53, 29, 46, 49, 17, 14, 4, 42, 7, 2, 30, 18, 41]
客户端数：50	字节数：16000000	客户端：[64, 21, 25, 43, 6, 35, 47, 1, 39, 24, 61, 48, 23, 56, 11, 22, 59, 58, 16, 28, 10, 15, 34, 19, 51, 44, 33, 53, 29, 46, 49, 17, 14, 4, 42, 7, 2, 30, 18, 41, 27, 40, 8, 63, 12, 60, 55, 5, 38, 37]
客户端数：55	字节数：17600000	客户端：[64, 21, 25, 43, 6, 35, 47, 1, 39, 24, 61, 48, 23, 56, 11, 22, 59, 58, 16, 28, 10, 15, 34, 19, 51, 44, 33, 53, 29, 46, 49, 17, 14, 4, 42, 7, 2, 30, 18, 41, 27, 40, 8, 63, 12, 60, 55, 5, 38, 37, 45, 36, 31, 9, 26]
PRO_LEN：320000
score：0.9685079365079365
loss rate：0.03149206349206346
finished iteration：2023-01-01 00:04:57.790220

